Taxon,RE,RE_se,model,time_period,experiment,ID,Demo_trait,Demo_value
Agrimonia_eupatoria,-2.367,0.238,Hurdle_cond,T0-T1,DIST,1,FirstStepAtt,-0.40426778811109665
Agrimonia_eupatoria,-2.367,0.238,Hurdle_cond,T0-T1,DIST,1,Lambda,0.99064442494128635
Agrimonia_eupatoria,-2.367,0.238,Hurdle_cond,T0-T1,DIST,1,Lmax,4.5330412476880015
Agrimonia_eupatoria,-2.367,0.238,Hurdle_cond,T0-T1,DIST,1,Lmean,2.276623485281897
Agrimonia_eupatoria,-2.367,0.238,Hurdle_cond,T0-T1,DIST,1,R0,-0.3812702083300579
Agrimonia_eupatoria,-2.367,0.238,Hurdle_cond,T0-T1,DIST,1,Reactivity,0.19207496843703886
Agrimonia_eupatoria,-2.367,0.238,Hurdle_cond,T0-T1,DIST,1,T_generation,3.6207086258222287
Agrimonia_eupatoria,-2.367,0.238,Hurdle_cond,T0-T1,DIST,1,age_repro,2.087394345070076
Agrimonia_eupatoria,-2.367,0.238,Hurdle_cond,T0-T1,DIST,1,percapita_repro,-1.5661843426366495
Allium_vineale,-2.766,0.34,Hurdle_cond,T0-T1,DIST,1,FirstStepAtt,-2.036030904211625
Allium_vineale,-2.766,0.34,Hurdle_cond,T0-T1,DIST,1,Lambda,1.170906773884173
Allium_vineale,-2.766,0.34,Hurdle_cond,T0-T1,DIST,1,Lmax,1.0986122886681098
Allium_vineale,-2.766,0.34,Hurdle_cond,T0-T1,DIST,1,Lmean,0.16647352389668973
Allium_vineale,-2.766,0.34,Hurdle_cond,T0-T1,DIST,1,R0,0.3408368280021561
Allium_vineale,-2.766,0.34,Hurdle_cond,T0-T1,DIST,1,Reactivity,2.1940830508207325
Allium_vineale,-2.766,0.34,Hurdle_cond,T0-T1,DIST,1,T_generation,0.7635325690826141
Allium_vineale,-2.766,0.34,Hurdle_cond,T0-T1,DIST,1,age_repro,1.2000990079409088
Allium_vineale,-2.766,0.34,Hurdle_cond,T0-T1,DIST,1,percapita_repro,2.3368650630604555
Andropogon_gerardii,-1.588,0.211,Hurdle_cond,T0-T1,DIST,1,FirstStepAtt,-1.1908608264270113
Andropogon_gerardii,-1.588,0.211,Hurdle_cond,T0-T1,DIST,1,Lambda,1.50587325216984
Andropogon_gerardii,-1.588,0.211,Hurdle_cond,T0-T1,DIST,1,Lmax,1.764891121214301
Andropogon_gerardii,-1.588,0.211,Hurdle_cond,T0-T1,DIST,1,Lmean,0.6723210807858808
Andropogon_gerardii,-1.588,0.211,Hurdle_cond,T0-T1,DIST,1,R0,0.8354773555720532
Andropogon_gerardii,-1.588,0.211,Hurdle_cond,T0-T1,DIST,1,Reactivity,1.7926841280473305
Andropogon_gerardii,-1.588,0.211,Hurdle_cond,T0-T1,DIST,1,T_generation,0.7395193223181741
Andropogon_gerardii,-1.588,0.211,Hurdle_cond,T0-T1,DIST,1,age_repro,0.7862530575220442
Andropogon_gerardii,-1.588,0.211,Hurdle_cond,T0-T1,DIST,1,percapita_repro,2.0924307697315556
Arenaria_serpyllifolia,-2.695,0.25,Hurdle_cond,T0-T1,DIST,1,FirstStepAtt,-2.2176497264357233
Arenaria_serpyllifolia,-2.695,0.25,Hurdle_cond,T0-T1,DIST,1,Lambda,0.860684361881849
Arenaria_serpyllifolia,-2.695,0.25,Hurdle_cond,T0-T1,DIST,1,Lmax,0
Arenaria_serpyllifolia,-2.695,0.25,Hurdle_cond,T0-T1,DIST,1,Lmean,0
Arenaria_serpyllifolia,-2.695,0.25,Hurdle_cond,T0-T1,DIST,1,R0,0.13128547046852534
Arenaria_serpyllifolia,-2.695,0.25,Hurdle_cond,T0-T1,DIST,1,Reactivity,2.5929750386335604
Arenaria_serpyllifolia,-2.695,0.25,Hurdle_cond,T0-T1,DIST,1,T_generation,0.16988583066600282
Arenaria_serpyllifolia,-2.695,0.25,Hurdle_cond,T0-T1,DIST,1,age_repro,0.8303384136066279
Arenaria_serpyllifolia,-2.695,0.25,Hurdle_cond,T0-T1,DIST,1,percapita_repro,2.639396025140823
Armeria_maritima,-2.816,0.339,Hurdle_cond,T0-T1,DIST,1,FirstStepAtt,-2.2414258727445255
Armeria_maritima,-2.816,0.339,Hurdle_cond,T0-T1,DIST,1,Lambda,1.458043853064239
Armeria_maritima,-2.816,0.339,Hurdle_cond,T0-T1,DIST,1,Lmax,2.995732273553991
Armeria_maritima,-2.816,0.339,Hurdle_cond,T0-T1,DIST,1,Lmean,0.6122577291406874
Armeria_maritima,-2.816,0.339,Hurdle_cond,T0-T1,DIST,1,R0,4.445083646052526
Armeria_maritima,-2.816,0.339,Hurdle_cond,T0-T1,DIST,1,Reactivity,5.495776723555247
Armeria_maritima,-2.816,0.339,Hurdle_cond,T0-T1,DIST,1,T_generation,2.099604255961898
Armeria_maritima,-2.816,0.339,Hurdle_cond,T0-T1,DIST,1,age_repro,1.5255005163472148
Armeria_maritima,-2.816,0.339,Hurdle_cond,T0-T1,DIST,1,percapita_repro,3.617282020171661
Centaurea_jacea,-2.573,0.228,Hurdle_cond,T0-T1,DIST,1,FirstStepAtt,-0.6368104471974831
Centaurea_jacea,-2.573,0.228,Hurdle_cond,T0-T1,DIST,1,Lambda,0.9157150879324936
Centaurea_jacea,-2.573,0.228,Hurdle_cond,T0-T1,DIST,1,Lmax,2.4003251984703664
Centaurea_jacea,-2.573,0.228,Hurdle_cond,T0-T1,DIST,1,Lmean,1.3722715793325009
Centaurea_jacea,-2.573,0.228,Hurdle_cond,T0-T1,DIST,1,R0,-3.4842742317189583
Centaurea_jacea,-2.573,0.228,Hurdle_cond,T0-T1,DIST,1,Reactivity,0.41685764138114395
Centaurea_jacea,-2.573,0.228,Hurdle_cond,T0-T1,DIST,1,T_generation,2.978872381362829
Centaurea_jacea,-2.573,0.228,Hurdle_cond,T0-T1,DIST,1,age_repro,1.6363011514297372
Centaurea_jacea,-2.573,0.228,Hurdle_cond,T0-T1,DIST,1,percapita_repro,-1.7828083742933423
Cerastium_fontanum,-2.671,0.155,Hurdle_cond,T0-T1,DIST,1,FirstStepAtt,-2.696031853083466
Cerastium_fontanum,-2.671,0.155,Hurdle_cond,T0-T1,DIST,1,Lambda,NA
Cerastium_fontanum,-2.671,0.155,Hurdle_cond,T0-T1,DIST,1,Lmax,0
Cerastium_fontanum,-2.671,0.155,Hurdle_cond,T0-T1,DIST,1,Lmean,0
Cerastium_fontanum,-2.671,0.155,Hurdle_cond,T0-T1,DIST,1,R0,1.5184623246973081
Cerastium_fontanum,-2.671,0.155,Hurdle_cond,T0-T1,DIST,1,Reactivity,3.027270925563423
Cerastium_fontanum,-2.671,0.155,Hurdle_cond,T0-T1,DIST,1,T_generation,0.005048904923272251
Cerastium_fontanum,-2.671,0.155,Hurdle_cond,T0-T1,DIST,1,age_repro,0.8873031950009029
Cerastium_fontanum,-2.671,0.155,Hurdle_cond,T0-T1,DIST,1,percapita_repro,4.522657764413627
Cirsium_arvense,-2.071,0.15,Hurdle_cond,T0-T1,DIST,1,FirstStepAtt,-3.3290015249469986
Cirsium_arvense,-2.071,0.15,Hurdle_cond,T0-T1,DIST,1,Lambda,NA
Cirsium_arvense,-2.071,0.15,Hurdle_cond,T0-T1,DIST,1,Lmax,1.0986122886681098
Cirsium_arvense,-2.071,0.15,Hurdle_cond,T0-T1,DIST,1,Lmean,0.1699960817758222
Cirsium_arvense,-2.071,0.15,Hurdle_cond,T0-T1,DIST,1,R0,3.228914980534981
Cirsium_arvense,-2.071,0.15,Hurdle_cond,T0-T1,DIST,1,Reactivity,4.0664130997692896
Cirsium_arvense,-2.071,0.15,Hurdle_cond,T0-T1,DIST,1,T_generation,0.7703612247372394
Cirsium_arvense,-2.071,0.15,Hurdle_cond,T0-T1,DIST,1,age_repro,1.162546762671639
Cirsium_arvense,-2.071,0.15,Hurdle_cond,T0-T1,DIST,1,percapita_repro,5.427985054670073
Cirsium_palustre,-2.735,0.318,Hurdle_cond,T0-T1,DIST,1,FirstStepAtt,-2.5937654771378247
Cirsium_palustre,-2.735,0.318,Hurdle_cond,T0-T1,DIST,1,Lambda,1.4428002172428838
Cirsium_palustre,-2.735,0.318,Hurdle_cond,T0-T1,DIST,1,Lmax,1.5273118956910914
Cirsium_palustre,-2.735,0.318,Hurdle_cond,T0-T1,DIST,1,Lmean,0.20135107219302092
Cirsium_palustre,-2.735,0.318,Hurdle_cond,T0-T1,DIST,1,R0,1.2807231364002392
Cirsium_palustre,-2.735,0.318,Hurdle_cond,T0-T1,DIST,1,Reactivity,4.898747288058175
Cirsium_palustre,-2.735,0.318,Hurdle_cond,T0-T1,DIST,1,T_generation,1.2255759905166659
Cirsium_palustre,-2.735,0.318,Hurdle_cond,T0-T1,DIST,1,age_repro,1.534647496889771
Cirsium_palustre,-2.735,0.318,Hurdle_cond,T0-T1,DIST,1,percapita_repro,4.957313127808717
Cirsium_vulgare,-2.481,0.249,Hurdle_cond,T0-T1,DIST,1,FirstStepAtt,-3.1910655226282234
Cirsium_vulgare,-2.481,0.249,Hurdle_cond,T0-T1,DIST,1,Lambda,0.7844344795818798
Cirsium_vulgare,-2.481,0.249,Hurdle_cond,T0-T1,DIST,1,Lmax,1.507973248367974
Cirsium_vulgare,-2.481,0.249,Hurdle_cond,T0-T1,DIST,1,Lmean,0.3479988332516422
Cirsium_vulgare,-2.481,0.249,Hurdle_cond,T0-T1,DIST,1,R0,-1.420279247517773
Cirsium_vulgare,-2.481,0.249,Hurdle_cond,T0-T1,DIST,1,Reactivity,2.641485998869525
Cirsium_vulgare,-2.481,0.249,Hurdle_cond,T0-T1,DIST,1,T_generation,1.4828783988333107
Cirsium_vulgare,-2.481,0.249,Hurdle_cond,T0-T1,DIST,1,age_repro,0.9323966804077027
Cirsium_vulgare,-2.481,0.249,Hurdle_cond,T0-T1,DIST,1,percapita_repro,1.89963041219607
Daucus_carota,-2.502,0.18,Hurdle_cond,T0-T1,DIST,1,FirstStepAtt,-4.040610337013186
Daucus_carota,-2.502,0.18,Hurdle_cond,T0-T1,DIST,1,Lambda,1.7161044748521754
Daucus_carota,-2.502,0.18,Hurdle_cond,T0-T1,DIST,1,Lmax,1.0986122886681098
Daucus_carota,-2.502,0.18,Hurdle_cond,T0-T1,DIST,1,Lmean,0.31834252276646996
Daucus_carota,-2.502,0.18,Hurdle_cond,T0-T1,DIST,1,R0,1.8196701629274532
Daucus_carota,-2.502,0.18,Hurdle_cond,T0-T1,DIST,1,Reactivity,NA
Daucus_carota,-2.502,0.18,Hurdle_cond,T0-T1,DIST,1,T_generation,1.189773196967312
Daucus_carota,-2.502,0.18,Hurdle_cond,T0-T1,DIST,1,age_repro,1.431272611901774
Daucus_carota,-2.502,0.18,Hurdle_cond,T0-T1,DIST,1,percapita_repro,NA
Echium_vulgare,-2.694,0.38,Hurdle_cond,T0-T1,DIST,1,FirstStepAtt,-1.4808281568478858
Echium_vulgare,-2.694,0.38,Hurdle_cond,T0-T1,DIST,1,Lambda,1.54759800300862
Echium_vulgare,-2.694,0.38,Hurdle_cond,T0-T1,DIST,1,Lmax,1.3862943611198906
Echium_vulgare,-2.694,0.38,Hurdle_cond,T0-T1,DIST,1,Lmean,0.5010758488001458
Echium_vulgare,-2.694,0.38,Hurdle_cond,T0-T1,DIST,1,R0,1.6034012709220467
Echium_vulgare,-2.694,0.38,Hurdle_cond,T0-T1,DIST,1,Reactivity,3.2663741200499037
Echium_vulgare,-2.694,0.38,Hurdle_cond,T0-T1,DIST,1,T_generation,1.287139504575711
Echium_vulgare,-2.694,0.38,Hurdle_cond,T0-T1,DIST,1,age_repro,1.3132909952863716
Echium_vulgare,-2.694,0.38,Hurdle_cond,T0-T1,DIST,1,percapita_repro,3.7030781735137492
Elymus_repens,-2.065,0.161,Hurdle_cond,T0-T1,DIST,1,FirstStepAtt,-19.608981934788076
Elymus_repens,-2.065,0.161,Hurdle_cond,T0-T1,DIST,1,Lambda,NA
Elymus_repens,-2.065,0.161,Hurdle_cond,T0-T1,DIST,1,Lmax,0.6931471805599453
Elymus_repens,-2.065,0.161,Hurdle_cond,T0-T1,DIST,1,Lmean,0.34830572665687204
Elymus_repens,-2.065,0.161,Hurdle_cond,T0-T1,DIST,1,R0,4.306802628082906
Elymus_repens,-2.065,0.161,Hurdle_cond,T0-T1,DIST,1,Reactivity,NA
Elymus_repens,-2.065,0.161,Hurdle_cond,T0-T1,DIST,1,T_generation,0.00771453240913415
Elymus_repens,-2.065,0.161,Hurdle_cond,T0-T1,DIST,1,age_repro,0
Elymus_repens,-2.065,0.161,Hurdle_cond,T0-T1,DIST,1,percapita_repro,-5.74205469871386
Erigeron_canadensis,-2.913,0.239,Hurdle_cond,T0-T1,DIST,1,FirstStepAtt,-2.9940372183428647
Erigeron_canadensis,-2.913,0.239,Hurdle_cond,T0-T1,DIST,1,Lambda,NA
Erigeron_canadensis,-2.913,0.239,Hurdle_cond,T0-T1,DIST,1,Lmax,0
Erigeron_canadensis,-2.913,0.239,Hurdle_cond,T0-T1,DIST,1,Lmean,0
Erigeron_canadensis,-2.913,0.239,Hurdle_cond,T0-T1,DIST,1,R0,2.750423016465953
Erigeron_canadensis,-2.913,0.239,Hurdle_cond,T0-T1,DIST,1,Reactivity,3.7256901124743216
Erigeron_canadensis,-2.913,0.239,Hurdle_cond,T0-T1,DIST,1,T_generation,0.1300250884192771
Erigeron_canadensis,-2.913,0.239,Hurdle_cond,T0-T1,DIST,1,age_repro,0.9159908368351705
Erigeron_canadensis,-2.913,0.239,Hurdle_cond,T0-T1,DIST,1,percapita_repro,5.684089841310465
Knautia_arvensis,-2.196,0.302,Hurdle_cond,T0-T1,DIST,1,FirstStepAtt,-2.956373754274904
Knautia_arvensis,-2.196,0.302,Hurdle_cond,T0-T1,DIST,1,Lambda,0.30764990872892994
Knautia_arvensis,-2.196,0.302,Hurdle_cond,T0-T1,DIST,1,Lmax,0.6931471805599453
Knautia_arvensis,-2.196,0.302,Hurdle_cond,T0-T1,DIST,1,Lmean,0.022139719151234638
Knautia_arvensis,-2.196,0.302,Hurdle_cond,T0-T1,DIST,1,R0,-9.95071325619903
Knautia_arvensis,-2.196,0.302,Hurdle_cond,T0-T1,DIST,1,Reactivity,0.35097071858090473
Knautia_arvensis,-2.196,0.302,Hurdle_cond,T0-T1,DIST,1,T_generation,NA
Knautia_arvensis,-2.196,0.302,Hurdle_cond,T0-T1,DIST,1,age_repro,0.9322894183877876
Knautia_arvensis,-2.196,0.302,Hurdle_cond,T0-T1,DIST,1,percapita_repro,-4.367646677748796
Lactuca_serriola,-2.724,0.287,Hurdle_cond,T0-T1,DIST,1,FirstStepAtt,-2.5276283678174485
Lactuca_serriola,-2.724,0.287,Hurdle_cond,T0-T1,DIST,1,Lambda,NA
Lactuca_serriola,-2.724,0.287,Hurdle_cond,T0-T1,DIST,1,Lmax,0
Lactuca_serriola,-2.724,0.287,Hurdle_cond,T0-T1,DIST,1,Lmean,0
Lactuca_serriola,-2.724,0.287,Hurdle_cond,T0-T1,DIST,1,R0,2.961708269076509
Lactuca_serriola,-2.724,0.287,Hurdle_cond,T0-T1,DIST,1,Reactivity,5.096932718325193
Lactuca_serriola,-2.724,0.287,Hurdle_cond,T0-T1,DIST,1,T_generation,0.08738433516364566
Lactuca_serriola,-2.724,0.287,Hurdle_cond,T0-T1,DIST,1,age_repro,1.2839753424841123
Lactuca_serriola,-2.724,0.287,Hurdle_cond,T0-T1,DIST,1,percapita_repro,7.147653680580111
Linum_catharticum,-2.825,0.331,Hurdle_cond,T0-T1,DIST,1,FirstStepAtt,-3.1953085121694222
Linum_catharticum,-2.825,0.331,Hurdle_cond,T0-T1,DIST,1,Lambda,NA
Linum_catharticum,-2.825,0.331,Hurdle_cond,T0-T1,DIST,1,Lmax,2.0794415416798357
Linum_catharticum,-2.825,0.331,Hurdle_cond,T0-T1,DIST,1,Lmean,0.7715798705141755
Linum_catharticum,-2.825,0.331,Hurdle_cond,T0-T1,DIST,1,R0,1.7942778474769048
Linum_catharticum,-2.825,0.331,Hurdle_cond,T0-T1,DIST,1,Reactivity,3.8165083573910685
Linum_catharticum,-2.825,0.331,Hurdle_cond,T0-T1,DIST,1,T_generation,0.30079171330480015
Linum_catharticum,-2.825,0.331,Hurdle_cond,T0-T1,DIST,1,age_repro,0.7034715243015948
Linum_catharticum,-2.825,0.331,Hurdle_cond,T0-T1,DIST,1,percapita_repro,3.0328521355315146
Picris_hieracioides,-1.813,0.202,Hurdle_cond,T0-T1,DIST,1,FirstStepAtt,-4.012603074068456
Picris_hieracioides,-1.813,0.202,Hurdle_cond,T0-T1,DIST,1,Lambda,0.8846497432296893
Picris_hieracioides,-1.813,0.202,Hurdle_cond,T0-T1,DIST,1,Lmax,0.6931471805599453
Picris_hieracioides,-1.813,0.202,Hurdle_cond,T0-T1,DIST,1,Lmean,0.025497751793431413
Picris_hieracioides,-1.813,0.202,Hurdle_cond,T0-T1,DIST,1,R0,-0.5012341883972119
Picris_hieracioides,-1.813,0.202,Hurdle_cond,T0-T1,DIST,1,Reactivity,5.739334580340471
Picris_hieracioides,-1.813,0.202,Hurdle_cond,T0-T1,DIST,1,T_generation,1.4151934417967624
Picris_hieracioides,-1.813,0.202,Hurdle_cond,T0-T1,DIST,1,age_repro,1.5430234695350933
Picris_hieracioides,-1.813,0.202,Hurdle_cond,T0-T1,DIST,1,percapita_repro,5.616771097666572
Pimpinella_saxifraga,-2.528,0.313,Hurdle_cond,T0-T1,DIST,1,FirstStepAtt,-0.5923077657542147
Pimpinella_saxifraga,-2.528,0.313,Hurdle_cond,T0-T1,DIST,1,Lambda,0.9547406316474248
Pimpinella_saxifraga,-2.528,0.313,Hurdle_cond,T0-T1,DIST,1,Lmax,3.2778313935718644
Pimpinella_saxifraga,-2.528,0.313,Hurdle_cond,T0-T1,DIST,1,Lmean,1.3985454207581605
Pimpinella_saxifraga,-2.528,0.313,Hurdle_cond,T0-T1,DIST,1,R0,-0.7090626241047243
Pimpinella_saxifraga,-2.528,0.313,Hurdle_cond,T0-T1,DIST,1,Reactivity,0.9233752615973371
Pimpinella_saxifraga,-2.528,0.313,Hurdle_cond,T0-T1,DIST,1,T_generation,2.7756138699245225
Pimpinella_saxifraga,-2.528,0.313,Hurdle_cond,T0-T1,DIST,1,age_repro,1.7819632124517442
Pimpinella_saxifraga,-2.528,0.313,Hurdle_cond,T0-T1,DIST,1,percapita_repro,-0.1635626778133
Plantago_coronopus,-2.518,0.252,Hurdle_cond,T0-T1,DIST,1,FirstStepAtt,-1.0607821044920802
Plantago_coronopus,-2.518,0.252,Hurdle_cond,T0-T1,DIST,1,Lambda,0.8883340096307588
Plantago_coronopus,-2.518,0.252,Hurdle_cond,T0-T1,DIST,1,Lmax,1.907994489728227
Plantago_coronopus,-2.518,0.252,Hurdle_cond,T0-T1,DIST,1,Lmean,0.5836315540514999
Plantago_coronopus,-2.518,0.252,Hurdle_cond,T0-T1,DIST,1,R0,-0.7679497099488539
Plantago_coronopus,-2.518,0.252,Hurdle_cond,T0-T1,DIST,1,Reactivity,1.2700917455756844
Plantago_coronopus,-2.518,0.252,Hurdle_cond,T0-T1,DIST,1,T_generation,1.4792349913940708
Plantago_coronopus,-2.518,0.252,Hurdle_cond,T0-T1,DIST,1,age_repro,0.7227032675127357
Plantago_coronopus,-2.518,0.252,Hurdle_cond,T0-T1,DIST,1,percapita_repro,-0.16078899600806454
Plantago_media,-2.494,0.292,Hurdle_cond,T0-T1,DIST,1,FirstStepAtt,-2.5216721506920545
Plantago_media,-2.494,0.292,Hurdle_cond,T0-T1,DIST,1,Lambda,0.9166479924897526
Plantago_media,-2.494,0.292,Hurdle_cond,T0-T1,DIST,1,Lmax,1.7178918965462198
Plantago_media,-2.494,0.292,Hurdle_cond,T0-T1,DIST,1,Lmean,0.240093455091011
Plantago_media,-2.494,0.292,Hurdle_cond,T0-T1,DIST,1,R0,-3.703632943874186
Plantago_media,-2.494,0.292,Hurdle_cond,T0-T1,DIST,1,Reactivity,0.9115891884505661
Plantago_media,-2.494,0.292,Hurdle_cond,T0-T1,DIST,1,T_generation,3.2830740541662764
Plantago_media,-2.494,0.292,Hurdle_cond,T0-T1,DIST,1,age_repro,2.050568331584061
Plantago_media,-2.494,0.292,Hurdle_cond,T0-T1,DIST,1,percapita_repro,0.21247852101489456
Poa_alpina,-2.661,0.461,Hurdle_cond,T0-T1,DIST,1,FirstStepAtt,-0.6821869840767281
Poa_alpina,-2.661,0.461,Hurdle_cond,T0-T1,DIST,1,Lambda,0.9289514100594022
Poa_alpina,-2.661,0.461,Hurdle_cond,T0-T1,DIST,1,Lmax,3.3423058638339636
Poa_alpina,-2.661,0.461,Hurdle_cond,T0-T1,DIST,1,Lmean,1.5320496652234803
Poa_alpina,-2.661,0.461,Hurdle_cond,T0-T1,DIST,1,R0,-1.2908410925748002
Poa_alpina,-2.661,0.461,Hurdle_cond,T0-T1,DIST,1,Reactivity,0.721221307788113
Poa_alpina,-2.661,0.461,Hurdle_cond,T0-T1,DIST,1,T_generation,3.187086237083993
Poa_alpina,-2.661,0.461,Hurdle_cond,T0-T1,DIST,1,age_repro,0.8494642415925806
Poa_alpina,-2.661,0.461,Hurdle_cond,T0-T1,DIST,1,percapita_repro,-2.149856471713263
Potentilla_recta,-2.636,0.245,Hurdle_cond,T0-T1,DIST,1,FirstStepAtt,-1.2072466251783427
Potentilla_recta,-2.636,0.245,Hurdle_cond,T0-T1,DIST,1,Lambda,1.3233051390988662
Potentilla_recta,-2.636,0.245,Hurdle_cond,T0-T1,DIST,1,Lmax,2.8995463272302633
Potentilla_recta,-2.636,0.245,Hurdle_cond,T0-T1,DIST,1,Lmean,1.114174982541197
Potentilla_recta,-2.636,0.245,Hurdle_cond,T0-T1,DIST,1,R0,-Inf
Potentilla_recta,-2.636,0.245,Hurdle_cond,T0-T1,DIST,1,Reactivity,2.3355670141886495
Potentilla_recta,-2.636,0.245,Hurdle_cond,T0-T1,DIST,1,T_generation,1.1285664763465502
Potentilla_recta,-2.636,0.245,Hurdle_cond,T0-T1,DIST,1,age_repro,1.470241457035962
Potentilla_recta,-2.636,0.245,Hurdle_cond,T0-T1,DIST,1,percapita_repro,5.184136566294191
Primula_elatior,-2.686,0.394,Hurdle_cond,T0-T1,DIST,1,FirstStepAtt,-2.5752591198739894
Primula_elatior,-2.686,0.394,Hurdle_cond,T0-T1,DIST,1,Lambda,1.0243599289476764
Primula_elatior,-2.686,0.394,Hurdle_cond,T0-T1,DIST,1,Lmax,3.078214221499716
Primula_elatior,-2.686,0.394,Hurdle_cond,T0-T1,DIST,1,Lmean,0.9348686606054332
Primula_elatior,-2.686,0.394,Hurdle_cond,T0-T1,DIST,1,R0,-0.1983437887657272
Primula_elatior,-2.686,0.394,Hurdle_cond,T0-T1,DIST,1,Reactivity,1.2375774274497275
Primula_elatior,-2.686,0.394,Hurdle_cond,T0-T1,DIST,1,T_generation,2.774342942782747
Primula_elatior,-2.686,0.394,Hurdle_cond,T0-T1,DIST,1,age_repro,1.5965918444925693
Primula_elatior,-2.686,0.394,Hurdle_cond,T0-T1,DIST,1,percapita_repro,0.6906312588074858
Primula_veris,-2.709,0.366,Hurdle_cond,T0-T1,DIST,1,FirstStepAtt,-3.0996415326914413
Primula_veris,-2.709,0.366,Hurdle_cond,T0-T1,DIST,1,Lambda,0.9177166512186883
Primula_veris,-2.709,0.366,Hurdle_cond,T0-T1,DIST,1,Lmax,1.777554626801171
Primula_veris,-2.709,0.366,Hurdle_cond,T0-T1,DIST,1,Lmean,0.34573408996051475
Primula_veris,-2.709,0.366,Hurdle_cond,T0-T1,DIST,1,R0,-3.531205384831014
Primula_veris,-2.709,0.366,Hurdle_cond,T0-T1,DIST,1,Reactivity,1.8406103144604358
Primula_veris,-2.709,0.366,Hurdle_cond,T0-T1,DIST,1,T_generation,3.266151130174338
Primula_veris,-2.709,0.366,Hurdle_cond,T0-T1,DIST,1,age_repro,2.1007008996065113
Primula_veris,-2.709,0.366,Hurdle_cond,T0-T1,DIST,1,percapita_repro,1.3057574210790406
Ranunculus_acris,-2.589,0.167,Hurdle_cond,T0-T1,DIST,1,FirstStepAtt,-2.223673155588096
Ranunculus_acris,-2.589,0.167,Hurdle_cond,T0-T1,DIST,1,Lambda,1.1474253581153837
Ranunculus_acris,-2.589,0.167,Hurdle_cond,T0-T1,DIST,1,Lmax,1.791759469228055
Ranunculus_acris,-2.589,0.167,Hurdle_cond,T0-T1,DIST,1,Lmean,0.2694368352850546
Ranunculus_acris,-2.589,0.167,Hurdle_cond,T0-T1,DIST,1,R0,0.4291243489821683
Ranunculus_acris,-2.589,0.167,Hurdle_cond,T0-T1,DIST,1,Reactivity,1.8978523971700296
Ranunculus_acris,-2.589,0.167,Hurdle_cond,T0-T1,DIST,1,T_generation,1.3335494740785472
Ranunculus_acris,-2.589,0.167,Hurdle_cond,T0-T1,DIST,1,age_repro,1.1167312512505851
Ranunculus_acris,-2.589,0.167,Hurdle_cond,T0-T1,DIST,1,percapita_repro,1.9401794743463283
Ratibida_columnifera,-2.619,0.466,Hurdle_cond,T0-T1,DIST,1,FirstStepAtt,-0.002056079496990296
Ratibida_columnifera,-2.619,0.466,Hurdle_cond,T0-T1,DIST,1,Lambda,0.7243603858174655
Ratibida_columnifera,-2.619,0.466,Hurdle_cond,T0-T1,DIST,1,Lmax,0.8751993382067543
Ratibida_columnifera,-2.619,0.466,Hurdle_cond,T0-T1,DIST,1,Lmean,0.15118484663816348
Ratibida_columnifera,-2.619,0.466,Hurdle_cond,T0-T1,DIST,1,R0,-0.18377717828257087
Ratibida_columnifera,-2.619,0.466,Hurdle_cond,T0-T1,DIST,1,Reactivity,0.0047432640012664016
Ratibida_columnifera,-2.619,0.466,Hurdle_cond,T0-T1,DIST,1,T_generation,0.18788835999659365
Ratibida_columnifera,-2.619,0.466,Hurdle_cond,T0-T1,DIST,1,age_repro,0
Ratibida_columnifera,-2.619,0.466,Hurdle_cond,T0-T1,DIST,1,percapita_repro,-0.3349620249207343
Salsola_kali,-2.804,0.316,Hurdle_cond,T0-T1,DIST,1,FirstStepAtt,-7.23761455341241
Salsola_kali,-2.804,0.316,Hurdle_cond,T0-T1,DIST,1,Lambda,0.589687496520467
Salsola_kali,-2.804,0.316,Hurdle_cond,T0-T1,DIST,1,Lmax,1.0986122886681098
Salsola_kali,-2.804,0.316,Hurdle_cond,T0-T1,DIST,1,Lmean,0.6329527878317025
Salsola_kali,-2.804,0.316,Hurdle_cond,T0-T1,DIST,1,R0,-3.1690448866467187
Salsola_kali,-2.804,0.316,Hurdle_cond,T0-T1,DIST,1,Reactivity,NA
Salsola_kali,-2.804,0.316,Hurdle_cond,T0-T1,DIST,1,T_generation,1.7917877371801434
Salsola_kali,-2.804,0.316,Hurdle_cond,T0-T1,DIST,1,age_repro,1.7917761374226397
Salsola_kali,-2.804,0.316,Hurdle_cond,T0-T1,DIST,1,percapita_repro,NA
Sphaeralcea_coccinea,-2.654,0.319,Hurdle_cond,T0-T1,DIST,1,FirstStepAtt,-0.021668930362796438
Sphaeralcea_coccinea,-2.654,0.319,Hurdle_cond,T0-T1,DIST,1,Lambda,0.9140916052986946
Sphaeralcea_coccinea,-2.654,0.319,Hurdle_cond,T0-T1,DIST,1,Lmax,1.1291966833851346
Sphaeralcea_coccinea,-2.654,0.319,Hurdle_cond,T0-T1,DIST,1,Lmean,0.18479959171993668
Sphaeralcea_coccinea,-2.654,0.319,Hurdle_cond,T0-T1,DIST,1,R0,-0.1631566065473073
Sphaeralcea_coccinea,-2.654,0.319,Hurdle_cond,T0-T1,DIST,1,Reactivity,0.06479482429602482
Sphaeralcea_coccinea,-2.654,0.319,Hurdle_cond,T0-T1,DIST,1,T_generation,0.24224692726379177
Sphaeralcea_coccinea,-2.654,0.319,Hurdle_cond,T0-T1,DIST,1,age_repro,0
Sphaeralcea_coccinea,-2.654,0.319,Hurdle_cond,T0-T1,DIST,1,percapita_repro,-0.347956198267244
Stenaria_nigricans,-2.094,0.338,Hurdle_cond,T0-T1,DIST,1,FirstStepAtt,-0.001506241946231945
Stenaria_nigricans,-2.094,0.338,Hurdle_cond,T0-T1,DIST,1,Lambda,0.9901413361648121
Stenaria_nigricans,-2.094,0.338,Hurdle_cond,T0-T1,DIST,1,Lmax,0.8841014310483891
Stenaria_nigricans,-2.094,0.338,Hurdle_cond,T0-T1,DIST,1,Lmean,0.1061701762787086
Stenaria_nigricans,-2.094,0.338,Hurdle_cond,T0-T1,DIST,1,R0,0.21085254589803137
Stenaria_nigricans,-2.094,0.338,Hurdle_cond,T0-T1,DIST,1,Reactivity,0.009202684809058356
Stenaria_nigricans,-2.094,0.338,Hurdle_cond,T0-T1,DIST,1,T_generation,0.10216634557653173
Stenaria_nigricans,-2.094,0.338,Hurdle_cond,T0-T1,DIST,1,age_repro,0
Stenaria_nigricans,-2.094,0.338,Hurdle_cond,T0-T1,DIST,1,percapita_repro,0.10468236961932272
Taraxacum_campylodes,-2.489,0.335,Hurdle_cond,T0-T1,DIST,1,FirstStepAtt,-2.3531148413315983
Taraxacum_campylodes,-2.489,0.335,Hurdle_cond,T0-T1,DIST,1,Lambda,0.08041791145870329
Taraxacum_campylodes,-2.489,0.335,Hurdle_cond,T0-T1,DIST,1,Lmax,0.5493061443340549
Taraxacum_campylodes,-2.489,0.335,Hurdle_cond,T0-T1,DIST,1,Lmean,0.06773896227809098
Taraxacum_campylodes,-2.489,0.335,Hurdle_cond,T0-T1,DIST,1,R0,-Inf
Taraxacum_campylodes,-2.489,0.335,Hurdle_cond,T0-T1,DIST,1,Reactivity,2.4046693226371185
Taraxacum_campylodes,-2.489,0.335,Hurdle_cond,T0-T1,DIST,1,T_generation,NA
Taraxacum_campylodes,-2.489,0.335,Hurdle_cond,T0-T1,DIST,1,age_repro,0
Taraxacum_campylodes,-2.489,0.335,Hurdle_cond,T0-T1,DIST,1,percapita_repro,-11.213549524439351
Thymus_vulgaris,-2.7,0.35,Hurdle_cond,T0-T1,DIST,1,FirstStepAtt,-0.005866973847378982
Thymus_vulgaris,-2.7,0.35,Hurdle_cond,T0-T1,DIST,1,Lambda,0.9926751959162854
Thymus_vulgaris,-2.7,0.35,Hurdle_cond,T0-T1,DIST,1,Lmax,5.964961904446033
Thymus_vulgaris,-2.7,0.35,Hurdle_cond,T0-T1,DIST,1,Lmean,4.459892288650257
Thymus_vulgaris,-2.7,0.35,Hurdle_cond,T0-T1,DIST,1,R0,-1.07189733945768
Thymus_vulgaris,-2.7,0.35,Hurdle_cond,T0-T1,DIST,1,Reactivity,0.010349758754626258
Thymus_vulgaris,-2.7,0.35,Hurdle_cond,T0-T1,DIST,1,T_generation,NA
Thymus_vulgaris,-2.7,0.35,Hurdle_cond,T0-T1,DIST,1,age_repro,NA
Thymus_vulgaris,-2.7,0.35,Hurdle_cond,T0-T1,DIST,1,percapita_repro,-5.143380039347928
Verbascum_thapsus,-2.031,0.266,Hurdle_cond,T0-T1,DIST,1,FirstStepAtt,-4.012613096092431
Verbascum_thapsus,-2.031,0.266,Hurdle_cond,T0-T1,DIST,1,Lambda,NA
Verbascum_thapsus,-2.031,0.266,Hurdle_cond,T0-T1,DIST,1,Lmax,0.6931471805599453
Verbascum_thapsus,-2.031,0.266,Hurdle_cond,T0-T1,DIST,1,Lmean,0.05129369438747054
Verbascum_thapsus,-2.031,0.266,Hurdle_cond,T0-T1,DIST,1,R0,3.381715911075376
Verbascum_thapsus,-2.031,0.266,Hurdle_cond,T0-T1,DIST,1,Reactivity,NA
Verbascum_thapsus,-2.031,0.266,Hurdle_cond,T0-T1,DIST,1,T_generation,0.7764348966557838
Verbascum_thapsus,-2.031,0.266,Hurdle_cond,T0-T1,DIST,1,age_repro,2.5523449856956373
Verbascum_thapsus,-2.031,0.266,Hurdle_cond,T0-T1,DIST,1,percapita_repro,NA
Veronica_arvensis,-2.913,0.205,Hurdle_cond,T0-T1,DIST,1,FirstStepAtt,-1.3609972168245543
Veronica_arvensis,-2.913,0.205,Hurdle_cond,T0-T1,DIST,1,Lambda,1.0575348190993947
Veronica_arvensis,-2.913,0.205,Hurdle_cond,T0-T1,DIST,1,Lmax,0.12924850454918937
Veronica_arvensis,-2.913,0.205,Hurdle_cond,T0-T1,DIST,1,Lmean,0.05244694819316372
Veronica_arvensis,-2.913,0.205,Hurdle_cond,T0-T1,DIST,1,R0,-0.014999404757933873
Veronica_arvensis,-2.913,0.205,Hurdle_cond,T0-T1,DIST,1,Reactivity,1.7913324339405632
Veronica_arvensis,-2.913,0.205,Hurdle_cond,T0-T1,DIST,1,T_generation,0.4178504962611216
Veronica_arvensis,-2.913,0.205,Hurdle_cond,T0-T1,DIST,1,age_repro,0.8907769885320955
Veronica_arvensis,-2.913,0.205,Hurdle_cond,T0-T1,DIST,1,percapita_repro,1.8152156216155975
Agrimonia_eupatoria,-0.995,0.24,Hurdle_zi,T0-T1,DIST,1,FirstStepAtt,-0.40426778811109665
Agrimonia_eupatoria,-0.995,0.24,Hurdle_zi,T0-T1,DIST,1,Lambda,0.99064442494128635
Agrimonia_eupatoria,-0.995,0.24,Hurdle_zi,T0-T1,DIST,1,Lmax,4.5330412476880015
Agrimonia_eupatoria,-0.995,0.24,Hurdle_zi,T0-T1,DIST,1,Lmean,2.276623485281897
Agrimonia_eupatoria,-0.995,0.24,Hurdle_zi,T0-T1,DIST,1,R0,-0.3812702083300579
Agrimonia_eupatoria,-0.995,0.24,Hurdle_zi,T0-T1,DIST,1,Reactivity,0.19207496843703886
Agrimonia_eupatoria,-0.995,0.24,Hurdle_zi,T0-T1,DIST,1,T_generation,3.6207086258222287
Agrimonia_eupatoria,-0.995,0.24,Hurdle_zi,T0-T1,DIST,1,age_repro,2.087394345070076
Agrimonia_eupatoria,-0.995,0.24,Hurdle_zi,T0-T1,DIST,1,percapita_repro,-1.5661843426366495
Allium_vineale,-1.394,0.341,Hurdle_zi,T0-T1,DIST,1,FirstStepAtt,-2.036030904211625
Allium_vineale,-1.394,0.341,Hurdle_zi,T0-T1,DIST,1,Lambda,1.170906773884173
Allium_vineale,-1.394,0.341,Hurdle_zi,T0-T1,DIST,1,Lmax,1.0986122886681098
Allium_vineale,-1.394,0.341,Hurdle_zi,T0-T1,DIST,1,Lmean,0.16647352389668973
Allium_vineale,-1.394,0.341,Hurdle_zi,T0-T1,DIST,1,R0,0.3408368280021561
Allium_vineale,-1.394,0.341,Hurdle_zi,T0-T1,DIST,1,Reactivity,2.1940830508207325
Allium_vineale,-1.394,0.341,Hurdle_zi,T0-T1,DIST,1,T_generation,0.7635325690826141
Allium_vineale,-1.394,0.341,Hurdle_zi,T0-T1,DIST,1,age_repro,1.2000990079409088
Allium_vineale,-1.394,0.341,Hurdle_zi,T0-T1,DIST,1,percapita_repro,2.3368650630604555
Andropogon_gerardii,-0.216,0.214,Hurdle_zi,T0-T1,DIST,1,FirstStepAtt,-1.1908608264270113
Andropogon_gerardii,-0.216,0.214,Hurdle_zi,T0-T1,DIST,1,Lambda,1.50587325216984
Andropogon_gerardii,-0.216,0.214,Hurdle_zi,T0-T1,DIST,1,Lmax,1.764891121214301
Andropogon_gerardii,-0.216,0.214,Hurdle_zi,T0-T1,DIST,1,Lmean,0.6723210807858808
Andropogon_gerardii,-0.216,0.214,Hurdle_zi,T0-T1,DIST,1,R0,0.8354773555720532
Andropogon_gerardii,-0.216,0.214,Hurdle_zi,T0-T1,DIST,1,Reactivity,1.7926841280473305
Andropogon_gerardii,-0.216,0.214,Hurdle_zi,T0-T1,DIST,1,T_generation,0.7395193223181741
Andropogon_gerardii,-0.216,0.214,Hurdle_zi,T0-T1,DIST,1,age_repro,0.7862530575220442
Andropogon_gerardii,-0.216,0.214,Hurdle_zi,T0-T1,DIST,1,percapita_repro,2.0924307697315556
Arenaria_serpyllifolia,-1.323,0.252,Hurdle_zi,T0-T1,DIST,1,FirstStepAtt,-2.2176497264357233
Arenaria_serpyllifolia,-1.323,0.252,Hurdle_zi,T0-T1,DIST,1,Lambda,0.860684361881849
Arenaria_serpyllifolia,-1.323,0.252,Hurdle_zi,T0-T1,DIST,1,Lmax,0
Arenaria_serpyllifolia,-1.323,0.252,Hurdle_zi,T0-T1,DIST,1,Lmean,0
Arenaria_serpyllifolia,-1.323,0.252,Hurdle_zi,T0-T1,DIST,1,R0,0.13128547046852534
Arenaria_serpyllifolia,-1.323,0.252,Hurdle_zi,T0-T1,DIST,1,Reactivity,2.5929750386335604
Arenaria_serpyllifolia,-1.323,0.252,Hurdle_zi,T0-T1,DIST,1,T_generation,0.16988583066600282
Arenaria_serpyllifolia,-1.323,0.252,Hurdle_zi,T0-T1,DIST,1,age_repro,0.8303384136066279
Arenaria_serpyllifolia,-1.323,0.252,Hurdle_zi,T0-T1,DIST,1,percapita_repro,2.639396025140823
Armeria_maritima,-1.444,0.34,Hurdle_zi,T0-T1,DIST,1,FirstStepAtt,-2.2414258727445255
Armeria_maritima,-1.444,0.34,Hurdle_zi,T0-T1,DIST,1,Lambda,1.458043853064239
Armeria_maritima,-1.444,0.34,Hurdle_zi,T0-T1,DIST,1,Lmax,2.995732273553991
Armeria_maritima,-1.444,0.34,Hurdle_zi,T0-T1,DIST,1,Lmean,0.6122577291406874
Armeria_maritima,-1.444,0.34,Hurdle_zi,T0-T1,DIST,1,R0,4.445083646052526
Armeria_maritima,-1.444,0.34,Hurdle_zi,T0-T1,DIST,1,Reactivity,5.495776723555247
Armeria_maritima,-1.444,0.34,Hurdle_zi,T0-T1,DIST,1,T_generation,2.099604255961898
Armeria_maritima,-1.444,0.34,Hurdle_zi,T0-T1,DIST,1,age_repro,1.5255005163472148
Armeria_maritima,-1.444,0.34,Hurdle_zi,T0-T1,DIST,1,percapita_repro,3.617282020171661
Centaurea_jacea,-1.201,0.23,Hurdle_zi,T0-T1,DIST,1,FirstStepAtt,-0.6368104471974831
Centaurea_jacea,-1.201,0.23,Hurdle_zi,T0-T1,DIST,1,Lambda,0.9157150879324936
Centaurea_jacea,-1.201,0.23,Hurdle_zi,T0-T1,DIST,1,Lmax,2.4003251984703664
Centaurea_jacea,-1.201,0.23,Hurdle_zi,T0-T1,DIST,1,Lmean,1.3722715793325009
Centaurea_jacea,-1.201,0.23,Hurdle_zi,T0-T1,DIST,1,R0,-3.4842742317189583
Centaurea_jacea,-1.201,0.23,Hurdle_zi,T0-T1,DIST,1,Reactivity,0.41685764138114395
Centaurea_jacea,-1.201,0.23,Hurdle_zi,T0-T1,DIST,1,T_generation,2.978872381362829
Centaurea_jacea,-1.201,0.23,Hurdle_zi,T0-T1,DIST,1,age_repro,1.6363011514297372
Centaurea_jacea,-1.201,0.23,Hurdle_zi,T0-T1,DIST,1,percapita_repro,-1.7828083742933423
Cerastium_fontanum,-1.299,0.159,Hurdle_zi,T0-T1,DIST,1,FirstStepAtt,-2.696031853083466
Cerastium_fontanum,-1.299,0.159,Hurdle_zi,T0-T1,DIST,1,Lambda,NA
Cerastium_fontanum,-1.299,0.159,Hurdle_zi,T0-T1,DIST,1,Lmax,0
Cerastium_fontanum,-1.299,0.159,Hurdle_zi,T0-T1,DIST,1,Lmean,0
Cerastium_fontanum,-1.299,0.159,Hurdle_zi,T0-T1,DIST,1,R0,1.5184623246973081
Cerastium_fontanum,-1.299,0.159,Hurdle_zi,T0-T1,DIST,1,Reactivity,3.027270925563423
Cerastium_fontanum,-1.299,0.159,Hurdle_zi,T0-T1,DIST,1,T_generation,0.005048904923272251
Cerastium_fontanum,-1.299,0.159,Hurdle_zi,T0-T1,DIST,1,age_repro,0.8873031950009029
Cerastium_fontanum,-1.299,0.159,Hurdle_zi,T0-T1,DIST,1,percapita_repro,4.522657764413627
Cirsium_arvense,-0.699,0.154,Hurdle_zi,T0-T1,DIST,1,FirstStepAtt,-3.3290015249469986
Cirsium_arvense,-0.699,0.154,Hurdle_zi,T0-T1,DIST,1,Lambda,NA
Cirsium_arvense,-0.699,0.154,Hurdle_zi,T0-T1,DIST,1,Lmax,1.0986122886681098
Cirsium_arvense,-0.699,0.154,Hurdle_zi,T0-T1,DIST,1,Lmean,0.1699960817758222
Cirsium_arvense,-0.699,0.154,Hurdle_zi,T0-T1,DIST,1,R0,3.228914980534981
Cirsium_arvense,-0.699,0.154,Hurdle_zi,T0-T1,DIST,1,Reactivity,4.0664130997692896
Cirsium_arvense,-0.699,0.154,Hurdle_zi,T0-T1,DIST,1,T_generation,0.7703612247372394
Cirsium_arvense,-0.699,0.154,Hurdle_zi,T0-T1,DIST,1,age_repro,1.162546762671639
Cirsium_arvense,-0.699,0.154,Hurdle_zi,T0-T1,DIST,1,percapita_repro,5.427985054670073
Cirsium_palustre,-1.363,0.319,Hurdle_zi,T0-T1,DIST,1,FirstStepAtt,-2.5937654771378247
Cirsium_palustre,-1.363,0.319,Hurdle_zi,T0-T1,DIST,1,Lambda,1.4428002172428838
Cirsium_palustre,-1.363,0.319,Hurdle_zi,T0-T1,DIST,1,Lmax,1.5273118956910914
Cirsium_palustre,-1.363,0.319,Hurdle_zi,T0-T1,DIST,1,Lmean,0.20135107219302092
Cirsium_palustre,-1.363,0.319,Hurdle_zi,T0-T1,DIST,1,R0,1.2807231364002392
Cirsium_palustre,-1.363,0.319,Hurdle_zi,T0-T1,DIST,1,Reactivity,4.898747288058175
Cirsium_palustre,-1.363,0.319,Hurdle_zi,T0-T1,DIST,1,T_generation,1.2255759905166659
Cirsium_palustre,-1.363,0.319,Hurdle_zi,T0-T1,DIST,1,age_repro,1.534647496889771
Cirsium_palustre,-1.363,0.319,Hurdle_zi,T0-T1,DIST,1,percapita_repro,4.957313127808717
Cirsium_vulgare,-1.109,0.251,Hurdle_zi,T0-T1,DIST,1,FirstStepAtt,-3.1910655226282234
Cirsium_vulgare,-1.109,0.251,Hurdle_zi,T0-T1,DIST,1,Lambda,0.7844344795818798
Cirsium_vulgare,-1.109,0.251,Hurdle_zi,T0-T1,DIST,1,Lmax,1.507973248367974
Cirsium_vulgare,-1.109,0.251,Hurdle_zi,T0-T1,DIST,1,Lmean,0.3479988332516422
Cirsium_vulgare,-1.109,0.251,Hurdle_zi,T0-T1,DIST,1,R0,-1.420279247517773
Cirsium_vulgare,-1.109,0.251,Hurdle_zi,T0-T1,DIST,1,Reactivity,2.641485998869525
Cirsium_vulgare,-1.109,0.251,Hurdle_zi,T0-T1,DIST,1,T_generation,1.4828783988333107
Cirsium_vulgare,-1.109,0.251,Hurdle_zi,T0-T1,DIST,1,age_repro,0.9323966804077027
Cirsium_vulgare,-1.109,0.251,Hurdle_zi,T0-T1,DIST,1,percapita_repro,1.89963041219607
Daucus_carota,-1.13,0.183,Hurdle_zi,T0-T1,DIST,1,FirstStepAtt,-4.040610337013186
Daucus_carota,-1.13,0.183,Hurdle_zi,T0-T1,DIST,1,Lambda,1.7161044748521754
Daucus_carota,-1.13,0.183,Hurdle_zi,T0-T1,DIST,1,Lmax,1.0986122886681098
Daucus_carota,-1.13,0.183,Hurdle_zi,T0-T1,DIST,1,Lmean,0.31834252276646996
Daucus_carota,-1.13,0.183,Hurdle_zi,T0-T1,DIST,1,R0,1.8196701629274532
Daucus_carota,-1.13,0.183,Hurdle_zi,T0-T1,DIST,1,Reactivity,NA
Daucus_carota,-1.13,0.183,Hurdle_zi,T0-T1,DIST,1,T_generation,1.189773196967312
Daucus_carota,-1.13,0.183,Hurdle_zi,T0-T1,DIST,1,age_repro,1.431272611901774
Daucus_carota,-1.13,0.183,Hurdle_zi,T0-T1,DIST,1,percapita_repro,NA
Echium_vulgare,-1.322,0.382,Hurdle_zi,T0-T1,DIST,1,FirstStepAtt,-1.4808281568478858
Echium_vulgare,-1.322,0.382,Hurdle_zi,T0-T1,DIST,1,Lambda,1.54759800300862
Echium_vulgare,-1.322,0.382,Hurdle_zi,T0-T1,DIST,1,Lmax,1.3862943611198906
Echium_vulgare,-1.322,0.382,Hurdle_zi,T0-T1,DIST,1,Lmean,0.5010758488001458
Echium_vulgare,-1.322,0.382,Hurdle_zi,T0-T1,DIST,1,R0,1.6034012709220467
Echium_vulgare,-1.322,0.382,Hurdle_zi,T0-T1,DIST,1,Reactivity,3.2663741200499037
Echium_vulgare,-1.322,0.382,Hurdle_zi,T0-T1,DIST,1,T_generation,1.287139504575711
Echium_vulgare,-1.322,0.382,Hurdle_zi,T0-T1,DIST,1,age_repro,1.3132909952863716
Echium_vulgare,-1.322,0.382,Hurdle_zi,T0-T1,DIST,1,percapita_repro,3.7030781735137492
Elymus_repens,-0.693,0.164,Hurdle_zi,T0-T1,DIST,1,FirstStepAtt,-19.608981934788076
Elymus_repens,-0.693,0.164,Hurdle_zi,T0-T1,DIST,1,Lambda,NA
Elymus_repens,-0.693,0.164,Hurdle_zi,T0-T1,DIST,1,Lmax,0.6931471805599453
Elymus_repens,-0.693,0.164,Hurdle_zi,T0-T1,DIST,1,Lmean,0.34830572665687204
Elymus_repens,-0.693,0.164,Hurdle_zi,T0-T1,DIST,1,R0,4.306802628082906
Elymus_repens,-0.693,0.164,Hurdle_zi,T0-T1,DIST,1,Reactivity,NA
Elymus_repens,-0.693,0.164,Hurdle_zi,T0-T1,DIST,1,T_generation,0.00771453240913415
Elymus_repens,-0.693,0.164,Hurdle_zi,T0-T1,DIST,1,age_repro,0
Elymus_repens,-0.693,0.164,Hurdle_zi,T0-T1,DIST,1,percapita_repro,-5.74205469871386
Erigeron_canadensis,-1.541,0.241,Hurdle_zi,T0-T1,DIST,1,FirstStepAtt,-2.9940372183428647
Erigeron_canadensis,-1.541,0.241,Hurdle_zi,T0-T1,DIST,1,Lambda,NA
Erigeron_canadensis,-1.541,0.241,Hurdle_zi,T0-T1,DIST,1,Lmax,0
Erigeron_canadensis,-1.541,0.241,Hurdle_zi,T0-T1,DIST,1,Lmean,0
Erigeron_canadensis,-1.541,0.241,Hurdle_zi,T0-T1,DIST,1,R0,2.750423016465953
Erigeron_canadensis,-1.541,0.241,Hurdle_zi,T0-T1,DIST,1,Reactivity,3.7256901124743216
Erigeron_canadensis,-1.541,0.241,Hurdle_zi,T0-T1,DIST,1,T_generation,0.1300250884192771
Erigeron_canadensis,-1.541,0.241,Hurdle_zi,T0-T1,DIST,1,age_repro,0.9159908368351705
Erigeron_canadensis,-1.541,0.241,Hurdle_zi,T0-T1,DIST,1,percapita_repro,5.684089841310465
Knautia_arvensis,-0.824,0.303,Hurdle_zi,T0-T1,DIST,1,FirstStepAtt,-2.956373754274904
Knautia_arvensis,-0.824,0.303,Hurdle_zi,T0-T1,DIST,1,Lambda,0.30764990872892994
Knautia_arvensis,-0.824,0.303,Hurdle_zi,T0-T1,DIST,1,Lmax,0.6931471805599453
Knautia_arvensis,-0.824,0.303,Hurdle_zi,T0-T1,DIST,1,Lmean,0.022139719151234638
Knautia_arvensis,-0.824,0.303,Hurdle_zi,T0-T1,DIST,1,R0,-9.95071325619903
Knautia_arvensis,-0.824,0.303,Hurdle_zi,T0-T1,DIST,1,Reactivity,0.35097071858090473
Knautia_arvensis,-0.824,0.303,Hurdle_zi,T0-T1,DIST,1,T_generation,NA
Knautia_arvensis,-0.824,0.303,Hurdle_zi,T0-T1,DIST,1,age_repro,0.9322894183877876
Knautia_arvensis,-0.824,0.303,Hurdle_zi,T0-T1,DIST,1,percapita_repro,-4.367646677748796
Lactuca_serriola,-1.352,0.289,Hurdle_zi,T0-T1,DIST,1,FirstStepAtt,-2.5276283678174485
Lactuca_serriola,-1.352,0.289,Hurdle_zi,T0-T1,DIST,1,Lambda,NA
Lactuca_serriola,-1.352,0.289,Hurdle_zi,T0-T1,DIST,1,Lmax,0
Lactuca_serriola,-1.352,0.289,Hurdle_zi,T0-T1,DIST,1,Lmean,0
Lactuca_serriola,-1.352,0.289,Hurdle_zi,T0-T1,DIST,1,R0,2.961708269076509
Lactuca_serriola,-1.352,0.289,Hurdle_zi,T0-T1,DIST,1,Reactivity,5.096932718325193
Lactuca_serriola,-1.352,0.289,Hurdle_zi,T0-T1,DIST,1,T_generation,0.08738433516364566
Lactuca_serriola,-1.352,0.289,Hurdle_zi,T0-T1,DIST,1,age_repro,1.2839753424841123
Lactuca_serriola,-1.352,0.289,Hurdle_zi,T0-T1,DIST,1,percapita_repro,7.147653680580111
Linum_catharticum,-1.453,0.332,Hurdle_zi,T0-T1,DIST,1,FirstStepAtt,-3.1953085121694222
Linum_catharticum,-1.453,0.332,Hurdle_zi,T0-T1,DIST,1,Lambda,NA
Linum_catharticum,-1.453,0.332,Hurdle_zi,T0-T1,DIST,1,Lmax,2.0794415416798357
Linum_catharticum,-1.453,0.332,Hurdle_zi,T0-T1,DIST,1,Lmean,0.7715798705141755
Linum_catharticum,-1.453,0.332,Hurdle_zi,T0-T1,DIST,1,R0,1.7942778474769048
Linum_catharticum,-1.453,0.332,Hurdle_zi,T0-T1,DIST,1,Reactivity,3.8165083573910685
Linum_catharticum,-1.453,0.332,Hurdle_zi,T0-T1,DIST,1,T_generation,0.30079171330480015
Linum_catharticum,-1.453,0.332,Hurdle_zi,T0-T1,DIST,1,age_repro,0.7034715243015948
Linum_catharticum,-1.453,0.332,Hurdle_zi,T0-T1,DIST,1,percapita_repro,3.0328521355315146
Picris_hieracioides,-0.441,0.204,Hurdle_zi,T0-T1,DIST,1,FirstStepAtt,-4.012603074068456
Picris_hieracioides,-0.441,0.204,Hurdle_zi,T0-T1,DIST,1,Lambda,0.8846497432296893
Picris_hieracioides,-0.441,0.204,Hurdle_zi,T0-T1,DIST,1,Lmax,0.6931471805599453
Picris_hieracioides,-0.441,0.204,Hurdle_zi,T0-T1,DIST,1,Lmean,0.025497751793431413
Picris_hieracioides,-0.441,0.204,Hurdle_zi,T0-T1,DIST,1,R0,-0.5012341883972119
Picris_hieracioides,-0.441,0.204,Hurdle_zi,T0-T1,DIST,1,Reactivity,5.739334580340471
Picris_hieracioides,-0.441,0.204,Hurdle_zi,T0-T1,DIST,1,T_generation,1.4151934417967624
Picris_hieracioides,-0.441,0.204,Hurdle_zi,T0-T1,DIST,1,age_repro,1.5430234695350933
Picris_hieracioides,-0.441,0.204,Hurdle_zi,T0-T1,DIST,1,percapita_repro,5.616771097666572
Pimpinella_saxifraga,-1.156,0.314,Hurdle_zi,T0-T1,DIST,1,FirstStepAtt,-0.5923077657542147
Pimpinella_saxifraga,-1.156,0.314,Hurdle_zi,T0-T1,DIST,1,Lambda,0.9547406316474248
Pimpinella_saxifraga,-1.156,0.314,Hurdle_zi,T0-T1,DIST,1,Lmax,3.2778313935718644
Pimpinella_saxifraga,-1.156,0.314,Hurdle_zi,T0-T1,DIST,1,Lmean,1.3985454207581605
Pimpinella_saxifraga,-1.156,0.314,Hurdle_zi,T0-T1,DIST,1,R0,-0.7090626241047243
Pimpinella_saxifraga,-1.156,0.314,Hurdle_zi,T0-T1,DIST,1,Reactivity,0.9233752615973371
Pimpinella_saxifraga,-1.156,0.314,Hurdle_zi,T0-T1,DIST,1,T_generation,2.7756138699245225
Pimpinella_saxifraga,-1.156,0.314,Hurdle_zi,T0-T1,DIST,1,age_repro,1.7819632124517442
Pimpinella_saxifraga,-1.156,0.314,Hurdle_zi,T0-T1,DIST,1,percapita_repro,-0.1635626778133
Plantago_coronopus,-1.146,0.254,Hurdle_zi,T0-T1,DIST,1,FirstStepAtt,-1.0607821044920802
Plantago_coronopus,-1.146,0.254,Hurdle_zi,T0-T1,DIST,1,Lambda,0.8883340096307588
Plantago_coronopus,-1.146,0.254,Hurdle_zi,T0-T1,DIST,1,Lmax,1.907994489728227
Plantago_coronopus,-1.146,0.254,Hurdle_zi,T0-T1,DIST,1,Lmean,0.5836315540514999
Plantago_coronopus,-1.146,0.254,Hurdle_zi,T0-T1,DIST,1,R0,-0.7679497099488539
Plantago_coronopus,-1.146,0.254,Hurdle_zi,T0-T1,DIST,1,Reactivity,1.2700917455756844
Plantago_coronopus,-1.146,0.254,Hurdle_zi,T0-T1,DIST,1,T_generation,1.4792349913940708
Plantago_coronopus,-1.146,0.254,Hurdle_zi,T0-T1,DIST,1,age_repro,0.7227032675127357
Plantago_coronopus,-1.146,0.254,Hurdle_zi,T0-T1,DIST,1,percapita_repro,-0.16078899600806454
Plantago_media,-1.122,0.293,Hurdle_zi,T0-T1,DIST,1,FirstStepAtt,-2.5216721506920545
Plantago_media,-1.122,0.293,Hurdle_zi,T0-T1,DIST,1,Lambda,0.9166479924897526
Plantago_media,-1.122,0.293,Hurdle_zi,T0-T1,DIST,1,Lmax,1.7178918965462198
Plantago_media,-1.122,0.293,Hurdle_zi,T0-T1,DIST,1,Lmean,0.240093455091011
Plantago_media,-1.122,0.293,Hurdle_zi,T0-T1,DIST,1,R0,-3.703632943874186
Plantago_media,-1.122,0.293,Hurdle_zi,T0-T1,DIST,1,Reactivity,0.9115891884505661
Plantago_media,-1.122,0.293,Hurdle_zi,T0-T1,DIST,1,T_generation,3.2830740541662764
Plantago_media,-1.122,0.293,Hurdle_zi,T0-T1,DIST,1,age_repro,2.050568331584061
Plantago_media,-1.122,0.293,Hurdle_zi,T0-T1,DIST,1,percapita_repro,0.21247852101489456
Poa_alpina,-1.289,0.462,Hurdle_zi,T0-T1,DIST,1,FirstStepAtt,-0.6821869840767281
Poa_alpina,-1.289,0.462,Hurdle_zi,T0-T1,DIST,1,Lambda,0.9289514100594022
Poa_alpina,-1.289,0.462,Hurdle_zi,T0-T1,DIST,1,Lmax,3.3423058638339636
Poa_alpina,-1.289,0.462,Hurdle_zi,T0-T1,DIST,1,Lmean,1.5320496652234803
Poa_alpina,-1.289,0.462,Hurdle_zi,T0-T1,DIST,1,R0,-1.2908410925748002
Poa_alpina,-1.289,0.462,Hurdle_zi,T0-T1,DIST,1,Reactivity,0.721221307788113
Poa_alpina,-1.289,0.462,Hurdle_zi,T0-T1,DIST,1,T_generation,3.187086237083993
Poa_alpina,-1.289,0.462,Hurdle_zi,T0-T1,DIST,1,age_repro,0.8494642415925806
Poa_alpina,-1.289,0.462,Hurdle_zi,T0-T1,DIST,1,percapita_repro,-2.149856471713263
Potentilla_recta,-1.264,0.247,Hurdle_zi,T0-T1,DIST,1,FirstStepAtt,-1.2072466251783427
Potentilla_recta,-1.264,0.247,Hurdle_zi,T0-T1,DIST,1,Lambda,1.3233051390988662
Potentilla_recta,-1.264,0.247,Hurdle_zi,T0-T1,DIST,1,Lmax,2.8995463272302633
Potentilla_recta,-1.264,0.247,Hurdle_zi,T0-T1,DIST,1,Lmean,1.114174982541197
Potentilla_recta,-1.264,0.247,Hurdle_zi,T0-T1,DIST,1,R0,-Inf
Potentilla_recta,-1.264,0.247,Hurdle_zi,T0-T1,DIST,1,Reactivity,2.3355670141886495
Potentilla_recta,-1.264,0.247,Hurdle_zi,T0-T1,DIST,1,T_generation,1.1285664763465502
Potentilla_recta,-1.264,0.247,Hurdle_zi,T0-T1,DIST,1,age_repro,1.470241457035962
Potentilla_recta,-1.264,0.247,Hurdle_zi,T0-T1,DIST,1,percapita_repro,5.184136566294191
Primula_elatior,-1.314,0.396,Hurdle_zi,T0-T1,DIST,1,FirstStepAtt,-2.5752591198739894
Primula_elatior,-1.314,0.396,Hurdle_zi,T0-T1,DIST,1,Lambda,1.0243599289476764
Primula_elatior,-1.314,0.396,Hurdle_zi,T0-T1,DIST,1,Lmax,3.078214221499716
Primula_elatior,-1.314,0.396,Hurdle_zi,T0-T1,DIST,1,Lmean,0.9348686606054332
Primula_elatior,-1.314,0.396,Hurdle_zi,T0-T1,DIST,1,R0,-0.1983437887657272
Primula_elatior,-1.314,0.396,Hurdle_zi,T0-T1,DIST,1,Reactivity,1.2375774274497275
Primula_elatior,-1.314,0.396,Hurdle_zi,T0-T1,DIST,1,T_generation,2.774342942782747
Primula_elatior,-1.314,0.396,Hurdle_zi,T0-T1,DIST,1,age_repro,1.5965918444925693
Primula_elatior,-1.314,0.396,Hurdle_zi,T0-T1,DIST,1,percapita_repro,0.6906312588074858
Primula_veris,-1.337,0.368,Hurdle_zi,T0-T1,DIST,1,FirstStepAtt,-3.0996415326914413
Primula_veris,-1.337,0.368,Hurdle_zi,T0-T1,DIST,1,Lambda,0.9177166512186883
Primula_veris,-1.337,0.368,Hurdle_zi,T0-T1,DIST,1,Lmax,1.777554626801171
Primula_veris,-1.337,0.368,Hurdle_zi,T0-T1,DIST,1,Lmean,0.34573408996051475
Primula_veris,-1.337,0.368,Hurdle_zi,T0-T1,DIST,1,R0,-3.531205384831014
Primula_veris,-1.337,0.368,Hurdle_zi,T0-T1,DIST,1,Reactivity,1.8406103144604358
Primula_veris,-1.337,0.368,Hurdle_zi,T0-T1,DIST,1,T_generation,3.266151130174338
Primula_veris,-1.337,0.368,Hurdle_zi,T0-T1,DIST,1,age_repro,2.1007008996065113
Primula_veris,-1.337,0.368,Hurdle_zi,T0-T1,DIST,1,percapita_repro,1.3057574210790406
Ranunculus_acris,-1.217,0.17,Hurdle_zi,T0-T1,DIST,1,FirstStepAtt,-2.223673155588096
Ranunculus_acris,-1.217,0.17,Hurdle_zi,T0-T1,DIST,1,Lambda,1.1474253581153837
Ranunculus_acris,-1.217,0.17,Hurdle_zi,T0-T1,DIST,1,Lmax,1.791759469228055
Ranunculus_acris,-1.217,0.17,Hurdle_zi,T0-T1,DIST,1,Lmean,0.2694368352850546
Ranunculus_acris,-1.217,0.17,Hurdle_zi,T0-T1,DIST,1,R0,0.4291243489821683
Ranunculus_acris,-1.217,0.17,Hurdle_zi,T0-T1,DIST,1,Reactivity,1.8978523971700296
Ranunculus_acris,-1.217,0.17,Hurdle_zi,T0-T1,DIST,1,T_generation,1.3335494740785472
Ranunculus_acris,-1.217,0.17,Hurdle_zi,T0-T1,DIST,1,age_repro,1.1167312512505851
Ranunculus_acris,-1.217,0.17,Hurdle_zi,T0-T1,DIST,1,percapita_repro,1.9401794743463283
Ratibida_columnifera,-1.247,0.467,Hurdle_zi,T0-T1,DIST,1,FirstStepAtt,-0.002056079496990296
Ratibida_columnifera,-1.247,0.467,Hurdle_zi,T0-T1,DIST,1,Lambda,0.7243603858174655
Ratibida_columnifera,-1.247,0.467,Hurdle_zi,T0-T1,DIST,1,Lmax,0.8751993382067543
Ratibida_columnifera,-1.247,0.467,Hurdle_zi,T0-T1,DIST,1,Lmean,0.15118484663816348
Ratibida_columnifera,-1.247,0.467,Hurdle_zi,T0-T1,DIST,1,R0,-0.18377717828257087
Ratibida_columnifera,-1.247,0.467,Hurdle_zi,T0-T1,DIST,1,Reactivity,0.0047432640012664016
Ratibida_columnifera,-1.247,0.467,Hurdle_zi,T0-T1,DIST,1,T_generation,0.18788835999659365
Ratibida_columnifera,-1.247,0.467,Hurdle_zi,T0-T1,DIST,1,age_repro,0
Ratibida_columnifera,-1.247,0.467,Hurdle_zi,T0-T1,DIST,1,percapita_repro,-0.3349620249207343
Salsola_kali,-1.432,0.317,Hurdle_zi,T0-T1,DIST,1,FirstStepAtt,-7.23761455341241
Salsola_kali,-1.432,0.317,Hurdle_zi,T0-T1,DIST,1,Lambda,0.589687496520467
Salsola_kali,-1.432,0.317,Hurdle_zi,T0-T1,DIST,1,Lmax,1.0986122886681098
Salsola_kali,-1.432,0.317,Hurdle_zi,T0-T1,DIST,1,Lmean,0.6329527878317025
Salsola_kali,-1.432,0.317,Hurdle_zi,T0-T1,DIST,1,R0,-3.1690448866467187
Salsola_kali,-1.432,0.317,Hurdle_zi,T0-T1,DIST,1,Reactivity,NA
Salsola_kali,-1.432,0.317,Hurdle_zi,T0-T1,DIST,1,T_generation,1.7917877371801434
Salsola_kali,-1.432,0.317,Hurdle_zi,T0-T1,DIST,1,age_repro,1.7917761374226397
Salsola_kali,-1.432,0.317,Hurdle_zi,T0-T1,DIST,1,percapita_repro,NA
Sphaeralcea_coccinea,-1.282,0.32,Hurdle_zi,T0-T1,DIST,1,FirstStepAtt,-0.021668930362796438
Sphaeralcea_coccinea,-1.282,0.32,Hurdle_zi,T0-T1,DIST,1,Lambda,0.9140916052986946
Sphaeralcea_coccinea,-1.282,0.32,Hurdle_zi,T0-T1,DIST,1,Lmax,1.1291966833851346
Sphaeralcea_coccinea,-1.282,0.32,Hurdle_zi,T0-T1,DIST,1,Lmean,0.18479959171993668
Sphaeralcea_coccinea,-1.282,0.32,Hurdle_zi,T0-T1,DIST,1,R0,-0.1631566065473073
Sphaeralcea_coccinea,-1.282,0.32,Hurdle_zi,T0-T1,DIST,1,Reactivity,0.06479482429602482
Sphaeralcea_coccinea,-1.282,0.32,Hurdle_zi,T0-T1,DIST,1,T_generation,0.24224692726379177
Sphaeralcea_coccinea,-1.282,0.32,Hurdle_zi,T0-T1,DIST,1,age_repro,0
Sphaeralcea_coccinea,-1.282,0.32,Hurdle_zi,T0-T1,DIST,1,percapita_repro,-0.347956198267244
Stenaria_nigricans,-0.722,0.339,Hurdle_zi,T0-T1,DIST,1,FirstStepAtt,-0.001506241946231945
Stenaria_nigricans,-0.722,0.339,Hurdle_zi,T0-T1,DIST,1,Lambda,0.9901413361648121
Stenaria_nigricans,-0.722,0.339,Hurdle_zi,T0-T1,DIST,1,Lmax,0.8841014310483891
Stenaria_nigricans,-0.722,0.339,Hurdle_zi,T0-T1,DIST,1,Lmean,0.1061701762787086
Stenaria_nigricans,-0.722,0.339,Hurdle_zi,T0-T1,DIST,1,R0,0.21085254589803137
Stenaria_nigricans,-0.722,0.339,Hurdle_zi,T0-T1,DIST,1,Reactivity,0.009202684809058356
Stenaria_nigricans,-0.722,0.339,Hurdle_zi,T0-T1,DIST,1,T_generation,0.10216634557653173
Stenaria_nigricans,-0.722,0.339,Hurdle_zi,T0-T1,DIST,1,age_repro,0
Stenaria_nigricans,-0.722,0.339,Hurdle_zi,T0-T1,DIST,1,percapita_repro,0.10468236961932272
Taraxacum_campylodes,-1.117,0.336,Hurdle_zi,T0-T1,DIST,1,FirstStepAtt,-2.3531148413315983
Taraxacum_campylodes,-1.117,0.336,Hurdle_zi,T0-T1,DIST,1,Lambda,0.08041791145870329
Taraxacum_campylodes,-1.117,0.336,Hurdle_zi,T0-T1,DIST,1,Lmax,0.5493061443340549
Taraxacum_campylodes,-1.117,0.336,Hurdle_zi,T0-T1,DIST,1,Lmean,0.06773896227809098
Taraxacum_campylodes,-1.117,0.336,Hurdle_zi,T0-T1,DIST,1,R0,-Inf
Taraxacum_campylodes,-1.117,0.336,Hurdle_zi,T0-T1,DIST,1,Reactivity,2.4046693226371185
Taraxacum_campylodes,-1.117,0.336,Hurdle_zi,T0-T1,DIST,1,T_generation,NA
Taraxacum_campylodes,-1.117,0.336,Hurdle_zi,T0-T1,DIST,1,age_repro,0
Taraxacum_campylodes,-1.117,0.336,Hurdle_zi,T0-T1,DIST,1,percapita_repro,-11.213549524439351
Thymus_vulgaris,-1.328,0.352,Hurdle_zi,T0-T1,DIST,1,FirstStepAtt,-0.005866973847378982
Thymus_vulgaris,-1.328,0.352,Hurdle_zi,T0-T1,DIST,1,Lambda,0.9926751959162854
Thymus_vulgaris,-1.328,0.352,Hurdle_zi,T0-T1,DIST,1,Lmax,5.964961904446033
Thymus_vulgaris,-1.328,0.352,Hurdle_zi,T0-T1,DIST,1,Lmean,4.459892288650257
Thymus_vulgaris,-1.328,0.352,Hurdle_zi,T0-T1,DIST,1,R0,-1.07189733945768
Thymus_vulgaris,-1.328,0.352,Hurdle_zi,T0-T1,DIST,1,Reactivity,0.010349758754626258
Thymus_vulgaris,-1.328,0.352,Hurdle_zi,T0-T1,DIST,1,T_generation,NA
Thymus_vulgaris,-1.328,0.352,Hurdle_zi,T0-T1,DIST,1,age_repro,NA
Thymus_vulgaris,-1.328,0.352,Hurdle_zi,T0-T1,DIST,1,percapita_repro,-5.143380039347928
Verbascum_thapsus,-0.659,0.268,Hurdle_zi,T0-T1,DIST,1,FirstStepAtt,-4.012613096092431
Verbascum_thapsus,-0.659,0.268,Hurdle_zi,T0-T1,DIST,1,Lambda,NA
Verbascum_thapsus,-0.659,0.268,Hurdle_zi,T0-T1,DIST,1,Lmax,0.6931471805599453
Verbascum_thapsus,-0.659,0.268,Hurdle_zi,T0-T1,DIST,1,Lmean,0.05129369438747054
Verbascum_thapsus,-0.659,0.268,Hurdle_zi,T0-T1,DIST,1,R0,3.381715911075376
Verbascum_thapsus,-0.659,0.268,Hurdle_zi,T0-T1,DIST,1,Reactivity,NA
Verbascum_thapsus,-0.659,0.268,Hurdle_zi,T0-T1,DIST,1,T_generation,0.7764348966557838
Verbascum_thapsus,-0.659,0.268,Hurdle_zi,T0-T1,DIST,1,age_repro,2.5523449856956373
Verbascum_thapsus,-0.659,0.268,Hurdle_zi,T0-T1,DIST,1,percapita_repro,NA
Veronica_arvensis,-1.541,0.207,Hurdle_zi,T0-T1,DIST,1,FirstStepAtt,-1.3609972168245543
Veronica_arvensis,-1.541,0.207,Hurdle_zi,T0-T1,DIST,1,Lambda,1.0575348190993947
Veronica_arvensis,-1.541,0.207,Hurdle_zi,T0-T1,DIST,1,Lmax,0.12924850454918937
Veronica_arvensis,-1.541,0.207,Hurdle_zi,T0-T1,DIST,1,Lmean,0.05244694819316372
Veronica_arvensis,-1.541,0.207,Hurdle_zi,T0-T1,DIST,1,R0,-0.014999404757933873
Veronica_arvensis,-1.541,0.207,Hurdle_zi,T0-T1,DIST,1,Reactivity,1.7913324339405632
Veronica_arvensis,-1.541,0.207,Hurdle_zi,T0-T1,DIST,1,T_generation,0.4178504962611216
Veronica_arvensis,-1.541,0.207,Hurdle_zi,T0-T1,DIST,1,age_repro,0.8907769885320955
Veronica_arvensis,-1.541,0.207,Hurdle_zi,T0-T1,DIST,1,percapita_repro,1.8152156216155975
Agrimonia_eupatoria,-2.261,0.215,Ordbeta,T0-T1,DIST,1,FirstStepAtt,-0.40426778811109665
Agrimonia_eupatoria,-2.261,0.215,Ordbeta,T0-T1,DIST,1,Lambda,0.99064442494128635
Agrimonia_eupatoria,-2.261,0.215,Ordbeta,T0-T1,DIST,1,Lmax,4.5330412476880015
Agrimonia_eupatoria,-2.261,0.215,Ordbeta,T0-T1,DIST,1,Lmean,2.276623485281897
Agrimonia_eupatoria,-2.261,0.215,Ordbeta,T0-T1,DIST,1,R0,-0.3812702083300579
Agrimonia_eupatoria,-2.261,0.215,Ordbeta,T0-T1,DIST,1,Reactivity,0.19207496843703886
Agrimonia_eupatoria,-2.261,0.215,Ordbeta,T0-T1,DIST,1,T_generation,3.6207086258222287
Agrimonia_eupatoria,-2.261,0.215,Ordbeta,T0-T1,DIST,1,age_repro,2.087394345070076
Agrimonia_eupatoria,-2.261,0.215,Ordbeta,T0-T1,DIST,1,percapita_repro,-1.5661843426366495
Allium_vineale,-2.89,0.317,Ordbeta,T0-T1,DIST,1,FirstStepAtt,-2.036030904211625
Allium_vineale,-2.89,0.317,Ordbeta,T0-T1,DIST,1,Lambda,1.170906773884173
Allium_vineale,-2.89,0.317,Ordbeta,T0-T1,DIST,1,Lmax,1.0986122886681098
Allium_vineale,-2.89,0.317,Ordbeta,T0-T1,DIST,1,Lmean,0.16647352389668973
Allium_vineale,-2.89,0.317,Ordbeta,T0-T1,DIST,1,R0,0.3408368280021561
Allium_vineale,-2.89,0.317,Ordbeta,T0-T1,DIST,1,Reactivity,2.1940830508207325
Allium_vineale,-2.89,0.317,Ordbeta,T0-T1,DIST,1,T_generation,0.7635325690826141
Allium_vineale,-2.89,0.317,Ordbeta,T0-T1,DIST,1,age_repro,1.2000990079409088
Allium_vineale,-2.89,0.317,Ordbeta,T0-T1,DIST,1,percapita_repro,2.3368650630604555
Andropogon_gerardii,-1.697,0.208,Ordbeta,T0-T1,DIST,1,FirstStepAtt,-1.1908608264270113
Andropogon_gerardii,-1.697,0.208,Ordbeta,T0-T1,DIST,1,Lambda,1.50587325216984
Andropogon_gerardii,-1.697,0.208,Ordbeta,T0-T1,DIST,1,Lmax,1.764891121214301
Andropogon_gerardii,-1.697,0.208,Ordbeta,T0-T1,DIST,1,Lmean,0.6723210807858808
Andropogon_gerardii,-1.697,0.208,Ordbeta,T0-T1,DIST,1,R0,0.8354773555720532
Andropogon_gerardii,-1.697,0.208,Ordbeta,T0-T1,DIST,1,Reactivity,1.7926841280473305
Andropogon_gerardii,-1.697,0.208,Ordbeta,T0-T1,DIST,1,T_generation,0.7395193223181741
Andropogon_gerardii,-1.697,0.208,Ordbeta,T0-T1,DIST,1,age_repro,0.7862530575220442
Andropogon_gerardii,-1.697,0.208,Ordbeta,T0-T1,DIST,1,percapita_repro,2.0924307697315556
Arenaria_serpyllifolia,-2.651,0.225,Ordbeta,T0-T1,DIST,1,FirstStepAtt,-2.2176497264357233
Arenaria_serpyllifolia,-2.651,0.225,Ordbeta,T0-T1,DIST,1,Lambda,0.860684361881849
Arenaria_serpyllifolia,-2.651,0.225,Ordbeta,T0-T1,DIST,1,Lmax,0
Arenaria_serpyllifolia,-2.651,0.225,Ordbeta,T0-T1,DIST,1,Lmean,0
Arenaria_serpyllifolia,-2.651,0.225,Ordbeta,T0-T1,DIST,1,R0,0.13128547046852534
Arenaria_serpyllifolia,-2.651,0.225,Ordbeta,T0-T1,DIST,1,Reactivity,2.5929750386335604
Arenaria_serpyllifolia,-2.651,0.225,Ordbeta,T0-T1,DIST,1,T_generation,0.16988583066600282
Arenaria_serpyllifolia,-2.651,0.225,Ordbeta,T0-T1,DIST,1,age_repro,0.8303384136066279
Arenaria_serpyllifolia,-2.651,0.225,Ordbeta,T0-T1,DIST,1,percapita_repro,2.639396025140823
Armeria_maritima,-2.765,0.311,Ordbeta,T0-T1,DIST,1,FirstStepAtt,-2.2414258727445255
Armeria_maritima,-2.765,0.311,Ordbeta,T0-T1,DIST,1,Lambda,1.458043853064239
Armeria_maritima,-2.765,0.311,Ordbeta,T0-T1,DIST,1,Lmax,2.995732273553991
Armeria_maritima,-2.765,0.311,Ordbeta,T0-T1,DIST,1,Lmean,0.6122577291406874
Armeria_maritima,-2.765,0.311,Ordbeta,T0-T1,DIST,1,R0,4.445083646052526
Armeria_maritima,-2.765,0.311,Ordbeta,T0-T1,DIST,1,Reactivity,5.495776723555247
Armeria_maritima,-2.765,0.311,Ordbeta,T0-T1,DIST,1,T_generation,2.099604255961898
Armeria_maritima,-2.765,0.311,Ordbeta,T0-T1,DIST,1,age_repro,1.5255005163472148
Armeria_maritima,-2.765,0.311,Ordbeta,T0-T1,DIST,1,percapita_repro,3.617282020171661
Centaurea_jacea,-2.523,0.207,Ordbeta,T0-T1,DIST,1,FirstStepAtt,-0.6368104471974831
Centaurea_jacea,-2.523,0.207,Ordbeta,T0-T1,DIST,1,Lambda,0.9157150879324936
Centaurea_jacea,-2.523,0.207,Ordbeta,T0-T1,DIST,1,Lmax,2.4003251984703664
Centaurea_jacea,-2.523,0.207,Ordbeta,T0-T1,DIST,1,Lmean,1.3722715793325009
Centaurea_jacea,-2.523,0.207,Ordbeta,T0-T1,DIST,1,R0,-3.4842742317189583
Centaurea_jacea,-2.523,0.207,Ordbeta,T0-T1,DIST,1,Reactivity,0.41685764138114395
Centaurea_jacea,-2.523,0.207,Ordbeta,T0-T1,DIST,1,T_generation,2.978872381362829
Centaurea_jacea,-2.523,0.207,Ordbeta,T0-T1,DIST,1,age_repro,1.6363011514297372
Centaurea_jacea,-2.523,0.207,Ordbeta,T0-T1,DIST,1,percapita_repro,-1.7828083742933423
Cerastium_fontanum,-2.566,0.139,Ordbeta,T0-T1,DIST,1,FirstStepAtt,-2.696031853083466
Cerastium_fontanum,-2.566,0.139,Ordbeta,T0-T1,DIST,1,Lambda,NA
Cerastium_fontanum,-2.566,0.139,Ordbeta,T0-T1,DIST,1,Lmax,0
Cerastium_fontanum,-2.566,0.139,Ordbeta,T0-T1,DIST,1,Lmean,0
Cerastium_fontanum,-2.566,0.139,Ordbeta,T0-T1,DIST,1,R0,1.5184623246973081
Cerastium_fontanum,-2.566,0.139,Ordbeta,T0-T1,DIST,1,Reactivity,3.027270925563423
Cerastium_fontanum,-2.566,0.139,Ordbeta,T0-T1,DIST,1,T_generation,0.005048904923272251
Cerastium_fontanum,-2.566,0.139,Ordbeta,T0-T1,DIST,1,age_repro,0.8873031950009029
Cerastium_fontanum,-2.566,0.139,Ordbeta,T0-T1,DIST,1,percapita_repro,4.522657764413627
Cirsium_arvense,-2.127,0.142,Ordbeta,T0-T1,DIST,1,FirstStepAtt,-3.3290015249469986
Cirsium_arvense,-2.127,0.142,Ordbeta,T0-T1,DIST,1,Lambda,NA
Cirsium_arvense,-2.127,0.142,Ordbeta,T0-T1,DIST,1,Lmax,1.0986122886681098
Cirsium_arvense,-2.127,0.142,Ordbeta,T0-T1,DIST,1,Lmean,0.1699960817758222
Cirsium_arvense,-2.127,0.142,Ordbeta,T0-T1,DIST,1,R0,3.228914980534981
Cirsium_arvense,-2.127,0.142,Ordbeta,T0-T1,DIST,1,Reactivity,4.0664130997692896
Cirsium_arvense,-2.127,0.142,Ordbeta,T0-T1,DIST,1,T_generation,0.7703612247372394
Cirsium_arvense,-2.127,0.142,Ordbeta,T0-T1,DIST,1,age_repro,1.162546762671639
Cirsium_arvense,-2.127,0.142,Ordbeta,T0-T1,DIST,1,percapita_repro,5.427985054670073
Cirsium_palustre,-2.691,0.29,Ordbeta,T0-T1,DIST,1,FirstStepAtt,-2.5937654771378247
Cirsium_palustre,-2.691,0.29,Ordbeta,T0-T1,DIST,1,Lambda,1.4428002172428838
Cirsium_palustre,-2.691,0.29,Ordbeta,T0-T1,DIST,1,Lmax,1.5273118956910914
Cirsium_palustre,-2.691,0.29,Ordbeta,T0-T1,DIST,1,Lmean,0.20135107219302092
Cirsium_palustre,-2.691,0.29,Ordbeta,T0-T1,DIST,1,R0,1.2807231364002392
Cirsium_palustre,-2.691,0.29,Ordbeta,T0-T1,DIST,1,Reactivity,4.898747288058175
Cirsium_palustre,-2.691,0.29,Ordbeta,T0-T1,DIST,1,T_generation,1.2255759905166659
Cirsium_palustre,-2.691,0.29,Ordbeta,T0-T1,DIST,1,age_repro,1.534647496889771
Cirsium_palustre,-2.691,0.29,Ordbeta,T0-T1,DIST,1,percapita_repro,4.957313127808717
Cirsium_vulgare,-2.762,0.235,Ordbeta,T0-T1,DIST,1,FirstStepAtt,-3.1910655226282234
Cirsium_vulgare,-2.762,0.235,Ordbeta,T0-T1,DIST,1,Lambda,0.7844344795818798
Cirsium_vulgare,-2.762,0.235,Ordbeta,T0-T1,DIST,1,Lmax,1.507973248367974
Cirsium_vulgare,-2.762,0.235,Ordbeta,T0-T1,DIST,1,Lmean,0.3479988332516422
Cirsium_vulgare,-2.762,0.235,Ordbeta,T0-T1,DIST,1,R0,-1.420279247517773
Cirsium_vulgare,-2.762,0.235,Ordbeta,T0-T1,DIST,1,Reactivity,2.641485998869525
Cirsium_vulgare,-2.762,0.235,Ordbeta,T0-T1,DIST,1,T_generation,1.4828783988333107
Cirsium_vulgare,-2.762,0.235,Ordbeta,T0-T1,DIST,1,age_repro,0.9323966804077027
Cirsium_vulgare,-2.762,0.235,Ordbeta,T0-T1,DIST,1,percapita_repro,1.89963041219607
Daucus_carota,-2.368,0.161,Ordbeta,T0-T1,DIST,1,FirstStepAtt,-4.040610337013186
Daucus_carota,-2.368,0.161,Ordbeta,T0-T1,DIST,1,Lambda,1.7161044748521754
Daucus_carota,-2.368,0.161,Ordbeta,T0-T1,DIST,1,Lmax,1.0986122886681098
Daucus_carota,-2.368,0.161,Ordbeta,T0-T1,DIST,1,Lmean,0.31834252276646996
Daucus_carota,-2.368,0.161,Ordbeta,T0-T1,DIST,1,R0,1.8196701629274532
Daucus_carota,-2.368,0.161,Ordbeta,T0-T1,DIST,1,Reactivity,NA
Daucus_carota,-2.368,0.161,Ordbeta,T0-T1,DIST,1,T_generation,1.189773196967312
Daucus_carota,-2.368,0.161,Ordbeta,T0-T1,DIST,1,age_repro,1.431272611901774
Daucus_carota,-2.368,0.161,Ordbeta,T0-T1,DIST,1,percapita_repro,NA
Echium_vulgare,-2.7,0.353,Ordbeta,T0-T1,DIST,1,FirstStepAtt,-1.4808281568478858
Echium_vulgare,-2.7,0.353,Ordbeta,T0-T1,DIST,1,Lambda,1.54759800300862
Echium_vulgare,-2.7,0.353,Ordbeta,T0-T1,DIST,1,Lmax,1.3862943611198906
Echium_vulgare,-2.7,0.353,Ordbeta,T0-T1,DIST,1,Lmean,0.5010758488001458
Echium_vulgare,-2.7,0.353,Ordbeta,T0-T1,DIST,1,R0,1.6034012709220467
Echium_vulgare,-2.7,0.353,Ordbeta,T0-T1,DIST,1,Reactivity,3.2663741200499037
Echium_vulgare,-2.7,0.353,Ordbeta,T0-T1,DIST,1,T_generation,1.287139504575711
Echium_vulgare,-2.7,0.353,Ordbeta,T0-T1,DIST,1,age_repro,1.3132909952863716
Echium_vulgare,-2.7,0.353,Ordbeta,T0-T1,DIST,1,percapita_repro,3.7030781735137492
Elymus_repens,-2.089,0.152,Ordbeta,T0-T1,DIST,1,FirstStepAtt,-19.608981934788076
Elymus_repens,-2.089,0.152,Ordbeta,T0-T1,DIST,1,Lambda,NA
Elymus_repens,-2.089,0.152,Ordbeta,T0-T1,DIST,1,Lmax,0.6931471805599453
Elymus_repens,-2.089,0.152,Ordbeta,T0-T1,DIST,1,Lmean,0.34830572665687204
Elymus_repens,-2.089,0.152,Ordbeta,T0-T1,DIST,1,R0,4.306802628082906
Elymus_repens,-2.089,0.152,Ordbeta,T0-T1,DIST,1,Reactivity,NA
Elymus_repens,-2.089,0.152,Ordbeta,T0-T1,DIST,1,T_generation,0.00771453240913415
Elymus_repens,-2.089,0.152,Ordbeta,T0-T1,DIST,1,age_repro,0
Elymus_repens,-2.089,0.152,Ordbeta,T0-T1,DIST,1,percapita_repro,-5.74205469871386
Erigeron_canadensis,-2.815,0.212,Ordbeta,T0-T1,DIST,1,FirstStepAtt,-2.9940372183428647
Erigeron_canadensis,-2.815,0.212,Ordbeta,T0-T1,DIST,1,Lambda,NA
Erigeron_canadensis,-2.815,0.212,Ordbeta,T0-T1,DIST,1,Lmax,0
Erigeron_canadensis,-2.815,0.212,Ordbeta,T0-T1,DIST,1,Lmean,0
Erigeron_canadensis,-2.815,0.212,Ordbeta,T0-T1,DIST,1,R0,2.750423016465953
Erigeron_canadensis,-2.815,0.212,Ordbeta,T0-T1,DIST,1,Reactivity,3.7256901124743216
Erigeron_canadensis,-2.815,0.212,Ordbeta,T0-T1,DIST,1,T_generation,0.1300250884192771
Erigeron_canadensis,-2.815,0.212,Ordbeta,T0-T1,DIST,1,age_repro,0.9159908368351705
Erigeron_canadensis,-2.815,0.212,Ordbeta,T0-T1,DIST,1,percapita_repro,5.684089841310465
Knautia_arvensis,-2.304,0.291,Ordbeta,T0-T1,DIST,1,FirstStepAtt,-2.956373754274904
Knautia_arvensis,-2.304,0.291,Ordbeta,T0-T1,DIST,1,Lambda,0.30764990872892994
Knautia_arvensis,-2.304,0.291,Ordbeta,T0-T1,DIST,1,Lmax,0.6931471805599453
Knautia_arvensis,-2.304,0.291,Ordbeta,T0-T1,DIST,1,Lmean,0.022139719151234638
Knautia_arvensis,-2.304,0.291,Ordbeta,T0-T1,DIST,1,R0,-9.95071325619903
Knautia_arvensis,-2.304,0.291,Ordbeta,T0-T1,DIST,1,Reactivity,0.35097071858090473
Knautia_arvensis,-2.304,0.291,Ordbeta,T0-T1,DIST,1,T_generation,NA
Knautia_arvensis,-2.304,0.291,Ordbeta,T0-T1,DIST,1,age_repro,0.9322894183877876
Knautia_arvensis,-2.304,0.291,Ordbeta,T0-T1,DIST,1,percapita_repro,-4.367646677748796
Lactuca_serriola,-2.9,0.265,Ordbeta,T0-T1,DIST,1,FirstStepAtt,-2.5276283678174485
Lactuca_serriola,-2.9,0.265,Ordbeta,T0-T1,DIST,1,Lambda,NA
Lactuca_serriola,-2.9,0.265,Ordbeta,T0-T1,DIST,1,Lmax,0
Lactuca_serriola,-2.9,0.265,Ordbeta,T0-T1,DIST,1,Lmean,0
Lactuca_serriola,-2.9,0.265,Ordbeta,T0-T1,DIST,1,R0,2.961708269076509
Lactuca_serriola,-2.9,0.265,Ordbeta,T0-T1,DIST,1,Reactivity,5.096932718325193
Lactuca_serriola,-2.9,0.265,Ordbeta,T0-T1,DIST,1,T_generation,0.08738433516364566
Lactuca_serriola,-2.9,0.265,Ordbeta,T0-T1,DIST,1,age_repro,1.2839753424841123
Lactuca_serriola,-2.9,0.265,Ordbeta,T0-T1,DIST,1,percapita_repro,7.147653680580111
Linum_catharticum,-2.938,0.308,Ordbeta,T0-T1,DIST,1,FirstStepAtt,-3.1953085121694222
Linum_catharticum,-2.938,0.308,Ordbeta,T0-T1,DIST,1,Lambda,NA
Linum_catharticum,-2.938,0.308,Ordbeta,T0-T1,DIST,1,Lmax,2.0794415416798357
Linum_catharticum,-2.938,0.308,Ordbeta,T0-T1,DIST,1,Lmean,0.7715798705141755
Linum_catharticum,-2.938,0.308,Ordbeta,T0-T1,DIST,1,R0,1.7942778474769048
Linum_catharticum,-2.938,0.308,Ordbeta,T0-T1,DIST,1,Reactivity,3.8165083573910685
Linum_catharticum,-2.938,0.308,Ordbeta,T0-T1,DIST,1,T_generation,0.30079171330480015
Linum_catharticum,-2.938,0.308,Ordbeta,T0-T1,DIST,1,age_repro,0.7034715243015948
Linum_catharticum,-2.938,0.308,Ordbeta,T0-T1,DIST,1,percapita_repro,3.0328521355315146
Picris_hieracioides,-1.779,0.192,Ordbeta,T0-T1,DIST,1,FirstStepAtt,-4.012603074068456
Picris_hieracioides,-1.779,0.192,Ordbeta,T0-T1,DIST,1,Lambda,0.8846497432296893
Picris_hieracioides,-1.779,0.192,Ordbeta,T0-T1,DIST,1,Lmax,0.6931471805599453
Picris_hieracioides,-1.779,0.192,Ordbeta,T0-T1,DIST,1,Lmean,0.025497751793431413
Picris_hieracioides,-1.779,0.192,Ordbeta,T0-T1,DIST,1,R0,-0.5012341883972119
Picris_hieracioides,-1.779,0.192,Ordbeta,T0-T1,DIST,1,Reactivity,5.739334580340471
Picris_hieracioides,-1.779,0.192,Ordbeta,T0-T1,DIST,1,T_generation,1.4151934417967624
Picris_hieracioides,-1.779,0.192,Ordbeta,T0-T1,DIST,1,age_repro,1.5430234695350933
Picris_hieracioides,-1.779,0.192,Ordbeta,T0-T1,DIST,1,percapita_repro,5.616771097666572
Pimpinella_saxifraga,-2.426,0.287,Ordbeta,T0-T1,DIST,1,FirstStepAtt,-0.5923077657542147
Pimpinella_saxifraga,-2.426,0.287,Ordbeta,T0-T1,DIST,1,Lambda,0.9547406316474248
Pimpinella_saxifraga,-2.426,0.287,Ordbeta,T0-T1,DIST,1,Lmax,3.2778313935718644
Pimpinella_saxifraga,-2.426,0.287,Ordbeta,T0-T1,DIST,1,Lmean,1.3985454207581605
Pimpinella_saxifraga,-2.426,0.287,Ordbeta,T0-T1,DIST,1,R0,-0.7090626241047243
Pimpinella_saxifraga,-2.426,0.287,Ordbeta,T0-T1,DIST,1,Reactivity,0.9233752615973371
Pimpinella_saxifraga,-2.426,0.287,Ordbeta,T0-T1,DIST,1,T_generation,2.7756138699245225
Pimpinella_saxifraga,-2.426,0.287,Ordbeta,T0-T1,DIST,1,age_repro,1.7819632124517442
Pimpinella_saxifraga,-2.426,0.287,Ordbeta,T0-T1,DIST,1,percapita_repro,-0.1635626778133
Plantago_coronopus,-2.427,0.229,Ordbeta,T0-T1,DIST,1,FirstStepAtt,-1.0607821044920802
Plantago_coronopus,-2.427,0.229,Ordbeta,T0-T1,DIST,1,Lambda,0.8883340096307588
Plantago_coronopus,-2.427,0.229,Ordbeta,T0-T1,DIST,1,Lmax,1.907994489728227
Plantago_coronopus,-2.427,0.229,Ordbeta,T0-T1,DIST,1,Lmean,0.5836315540514999
Plantago_coronopus,-2.427,0.229,Ordbeta,T0-T1,DIST,1,R0,-0.7679497099488539
Plantago_coronopus,-2.427,0.229,Ordbeta,T0-T1,DIST,1,Reactivity,1.2700917455756844
Plantago_coronopus,-2.427,0.229,Ordbeta,T0-T1,DIST,1,T_generation,1.4792349913940708
Plantago_coronopus,-2.427,0.229,Ordbeta,T0-T1,DIST,1,age_repro,0.7227032675127357
Plantago_coronopus,-2.427,0.229,Ordbeta,T0-T1,DIST,1,percapita_repro,-0.16078899600806454
Plantago_media,-2.423,0.267,Ordbeta,T0-T1,DIST,1,FirstStepAtt,-2.5216721506920545
Plantago_media,-2.423,0.267,Ordbeta,T0-T1,DIST,1,Lambda,0.9166479924897526
Plantago_media,-2.423,0.267,Ordbeta,T0-T1,DIST,1,Lmax,1.7178918965462198
Plantago_media,-2.423,0.267,Ordbeta,T0-T1,DIST,1,Lmean,0.240093455091011
Plantago_media,-2.423,0.267,Ordbeta,T0-T1,DIST,1,R0,-3.703632943874186
Plantago_media,-2.423,0.267,Ordbeta,T0-T1,DIST,1,Reactivity,0.9115891884505661
Plantago_media,-2.423,0.267,Ordbeta,T0-T1,DIST,1,T_generation,3.2830740541662764
Plantago_media,-2.423,0.267,Ordbeta,T0-T1,DIST,1,age_repro,2.050568331584061
Plantago_media,-2.423,0.267,Ordbeta,T0-T1,DIST,1,percapita_repro,0.21247852101489456
Poa_alpina,-2.589,0.439,Ordbeta,T0-T1,DIST,1,FirstStepAtt,-0.6821869840767281
Poa_alpina,-2.589,0.439,Ordbeta,T0-T1,DIST,1,Lambda,0.9289514100594022
Poa_alpina,-2.589,0.439,Ordbeta,T0-T1,DIST,1,Lmax,3.3423058638339636
Poa_alpina,-2.589,0.439,Ordbeta,T0-T1,DIST,1,Lmean,1.5320496652234803
Poa_alpina,-2.589,0.439,Ordbeta,T0-T1,DIST,1,R0,-1.2908410925748002
Poa_alpina,-2.589,0.439,Ordbeta,T0-T1,DIST,1,Reactivity,0.721221307788113
Poa_alpina,-2.589,0.439,Ordbeta,T0-T1,DIST,1,T_generation,3.187086237083993
Poa_alpina,-2.589,0.439,Ordbeta,T0-T1,DIST,1,age_repro,0.8494642415925806
Poa_alpina,-2.589,0.439,Ordbeta,T0-T1,DIST,1,percapita_repro,-2.149856471713263
Potentilla_recta,-2.5,0.221,Ordbeta,T0-T1,DIST,1,FirstStepAtt,-1.2072466251783427
Potentilla_recta,-2.5,0.221,Ordbeta,T0-T1,DIST,1,Lambda,1.3233051390988662
Potentilla_recta,-2.5,0.221,Ordbeta,T0-T1,DIST,1,Lmax,2.8995463272302633
Potentilla_recta,-2.5,0.221,Ordbeta,T0-T1,DIST,1,Lmean,1.114174982541197
Potentilla_recta,-2.5,0.221,Ordbeta,T0-T1,DIST,1,R0,-Inf
Potentilla_recta,-2.5,0.221,Ordbeta,T0-T1,DIST,1,Reactivity,2.3355670141886495
Potentilla_recta,-2.5,0.221,Ordbeta,T0-T1,DIST,1,T_generation,1.1285664763465502
Potentilla_recta,-2.5,0.221,Ordbeta,T0-T1,DIST,1,age_repro,1.470241457035962
Potentilla_recta,-2.5,0.221,Ordbeta,T0-T1,DIST,1,percapita_repro,5.184136566294191
Primula_elatior,-2.559,0.367,Ordbeta,T0-T1,DIST,1,FirstStepAtt,-2.5752591198739894
Primula_elatior,-2.559,0.367,Ordbeta,T0-T1,DIST,1,Lambda,1.0243599289476764
Primula_elatior,-2.559,0.367,Ordbeta,T0-T1,DIST,1,Lmax,3.078214221499716
Primula_elatior,-2.559,0.367,Ordbeta,T0-T1,DIST,1,Lmean,0.9348686606054332
Primula_elatior,-2.559,0.367,Ordbeta,T0-T1,DIST,1,R0,-0.1983437887657272
Primula_elatior,-2.559,0.367,Ordbeta,T0-T1,DIST,1,Reactivity,1.2375774274497275
Primula_elatior,-2.559,0.367,Ordbeta,T0-T1,DIST,1,T_generation,2.774342942782747
Primula_elatior,-2.559,0.367,Ordbeta,T0-T1,DIST,1,age_repro,1.5965918444925693
Primula_elatior,-2.559,0.367,Ordbeta,T0-T1,DIST,1,percapita_repro,0.6906312588074858
Primula_veris,-2.736,0.34,Ordbeta,T0-T1,DIST,1,FirstStepAtt,-3.0996415326914413
Primula_veris,-2.736,0.34,Ordbeta,T0-T1,DIST,1,Lambda,0.9177166512186883
Primula_veris,-2.736,0.34,Ordbeta,T0-T1,DIST,1,Lmax,1.777554626801171
Primula_veris,-2.736,0.34,Ordbeta,T0-T1,DIST,1,Lmean,0.34573408996051475
Primula_veris,-2.736,0.34,Ordbeta,T0-T1,DIST,1,R0,-3.531205384831014
Primula_veris,-2.736,0.34,Ordbeta,T0-T1,DIST,1,Reactivity,1.8406103144604358
Primula_veris,-2.736,0.34,Ordbeta,T0-T1,DIST,1,T_generation,3.266151130174338
Primula_veris,-2.736,0.34,Ordbeta,T0-T1,DIST,1,age_repro,2.1007008996065113
Primula_veris,-2.736,0.34,Ordbeta,T0-T1,DIST,1,percapita_repro,1.3057574210790406
Ranunculus_acris,-2.496,0.15,Ordbeta,T0-T1,DIST,1,FirstStepAtt,-2.223673155588096
Ranunculus_acris,-2.496,0.15,Ordbeta,T0-T1,DIST,1,Lambda,1.1474253581153837
Ranunculus_acris,-2.496,0.15,Ordbeta,T0-T1,DIST,1,Lmax,1.791759469228055
Ranunculus_acris,-2.496,0.15,Ordbeta,T0-T1,DIST,1,Lmean,0.2694368352850546
Ranunculus_acris,-2.496,0.15,Ordbeta,T0-T1,DIST,1,R0,0.4291243489821683
Ranunculus_acris,-2.496,0.15,Ordbeta,T0-T1,DIST,1,Reactivity,1.8978523971700296
Ranunculus_acris,-2.496,0.15,Ordbeta,T0-T1,DIST,1,T_generation,1.3335494740785472
Ranunculus_acris,-2.496,0.15,Ordbeta,T0-T1,DIST,1,age_repro,1.1167312512505851
Ranunculus_acris,-2.496,0.15,Ordbeta,T0-T1,DIST,1,percapita_repro,1.9401794743463283
Ratibida_columnifera,-2.68,0.441,Ordbeta,T0-T1,DIST,1,FirstStepAtt,-0.002056079496990296
Ratibida_columnifera,-2.68,0.441,Ordbeta,T0-T1,DIST,1,Lambda,0.7243603858174655
Ratibida_columnifera,-2.68,0.441,Ordbeta,T0-T1,DIST,1,Lmax,0.8751993382067543
Ratibida_columnifera,-2.68,0.441,Ordbeta,T0-T1,DIST,1,Lmean,0.15118484663816348
Ratibida_columnifera,-2.68,0.441,Ordbeta,T0-T1,DIST,1,R0,-0.18377717828257087
Ratibida_columnifera,-2.68,0.441,Ordbeta,T0-T1,DIST,1,Reactivity,0.0047432640012664016
Ratibida_columnifera,-2.68,0.441,Ordbeta,T0-T1,DIST,1,T_generation,0.18788835999659365
Ratibida_columnifera,-2.68,0.441,Ordbeta,T0-T1,DIST,1,age_repro,0
Ratibida_columnifera,-2.68,0.441,Ordbeta,T0-T1,DIST,1,percapita_repro,-0.3349620249207343
Salsola_kali,-2.937,0.292,Ordbeta,T0-T1,DIST,1,FirstStepAtt,-7.23761455341241
Salsola_kali,-2.937,0.292,Ordbeta,T0-T1,DIST,1,Lambda,0.589687496520467
Salsola_kali,-2.937,0.292,Ordbeta,T0-T1,DIST,1,Lmax,1.0986122886681098
Salsola_kali,-2.937,0.292,Ordbeta,T0-T1,DIST,1,Lmean,0.6329527878317025
Salsola_kali,-2.937,0.292,Ordbeta,T0-T1,DIST,1,R0,-3.1690448866467187
Salsola_kali,-2.937,0.292,Ordbeta,T0-T1,DIST,1,Reactivity,NA
Salsola_kali,-2.937,0.292,Ordbeta,T0-T1,DIST,1,T_generation,1.7917877371801434
Salsola_kali,-2.937,0.292,Ordbeta,T0-T1,DIST,1,age_repro,1.7917761374226397
Salsola_kali,-2.937,0.292,Ordbeta,T0-T1,DIST,1,percapita_repro,NA
Sphaeralcea_coccinea,-2.593,0.293,Ordbeta,T0-T1,DIST,1,FirstStepAtt,-0.021668930362796438
Sphaeralcea_coccinea,-2.593,0.293,Ordbeta,T0-T1,DIST,1,Lambda,0.9140916052986946
Sphaeralcea_coccinea,-2.593,0.293,Ordbeta,T0-T1,DIST,1,Lmax,1.1291966833851346
Sphaeralcea_coccinea,-2.593,0.293,Ordbeta,T0-T1,DIST,1,Lmean,0.18479959171993668
Sphaeralcea_coccinea,-2.593,0.293,Ordbeta,T0-T1,DIST,1,R0,-0.1631566065473073
Sphaeralcea_coccinea,-2.593,0.293,Ordbeta,T0-T1,DIST,1,Reactivity,0.06479482429602482
Sphaeralcea_coccinea,-2.593,0.293,Ordbeta,T0-T1,DIST,1,T_generation,0.24224692726379177
Sphaeralcea_coccinea,-2.593,0.293,Ordbeta,T0-T1,DIST,1,age_repro,0
Sphaeralcea_coccinea,-2.593,0.293,Ordbeta,T0-T1,DIST,1,percapita_repro,-0.347956198267244
Stenaria_nigricans,-2.136,0.322,Ordbeta,T0-T1,DIST,1,FirstStepAtt,-0.001506241946231945
Stenaria_nigricans,-2.136,0.322,Ordbeta,T0-T1,DIST,1,Lambda,0.9901413361648121
Stenaria_nigricans,-2.136,0.322,Ordbeta,T0-T1,DIST,1,Lmax,0.8841014310483891
Stenaria_nigricans,-2.136,0.322,Ordbeta,T0-T1,DIST,1,Lmean,0.1061701762787086
Stenaria_nigricans,-2.136,0.322,Ordbeta,T0-T1,DIST,1,R0,0.21085254589803137
Stenaria_nigricans,-2.136,0.322,Ordbeta,T0-T1,DIST,1,Reactivity,0.009202684809058356
Stenaria_nigricans,-2.136,0.322,Ordbeta,T0-T1,DIST,1,T_generation,0.10216634557653173
Stenaria_nigricans,-2.136,0.322,Ordbeta,T0-T1,DIST,1,age_repro,0
Stenaria_nigricans,-2.136,0.322,Ordbeta,T0-T1,DIST,1,percapita_repro,0.10468236961932272
Taraxacum_campylodes,-2.415,0.308,Ordbeta,T0-T1,DIST,1,FirstStepAtt,-2.3531148413315983
Taraxacum_campylodes,-2.415,0.308,Ordbeta,T0-T1,DIST,1,Lambda,0.08041791145870329
Taraxacum_campylodes,-2.415,0.308,Ordbeta,T0-T1,DIST,1,Lmax,0.5493061443340549
Taraxacum_campylodes,-2.415,0.308,Ordbeta,T0-T1,DIST,1,Lmean,0.06773896227809098
Taraxacum_campylodes,-2.415,0.308,Ordbeta,T0-T1,DIST,1,R0,-Inf
Taraxacum_campylodes,-2.415,0.308,Ordbeta,T0-T1,DIST,1,Reactivity,2.4046693226371185
Taraxacum_campylodes,-2.415,0.308,Ordbeta,T0-T1,DIST,1,T_generation,NA
Taraxacum_campylodes,-2.415,0.308,Ordbeta,T0-T1,DIST,1,age_repro,0
Taraxacum_campylodes,-2.415,0.308,Ordbeta,T0-T1,DIST,1,percapita_repro,-11.213549524439351
Thymus_vulgaris,-2.538,0.322,Ordbeta,T0-T1,DIST,1,FirstStepAtt,-0.005866973847378982
Thymus_vulgaris,-2.538,0.322,Ordbeta,T0-T1,DIST,1,Lambda,0.9926751959162854
Thymus_vulgaris,-2.538,0.322,Ordbeta,T0-T1,DIST,1,Lmax,5.964961904446033
Thymus_vulgaris,-2.538,0.322,Ordbeta,T0-T1,DIST,1,Lmean,4.459892288650257
Thymus_vulgaris,-2.538,0.322,Ordbeta,T0-T1,DIST,1,R0,-1.07189733945768
Thymus_vulgaris,-2.538,0.322,Ordbeta,T0-T1,DIST,1,Reactivity,0.010349758754626258
Thymus_vulgaris,-2.538,0.322,Ordbeta,T0-T1,DIST,1,T_generation,NA
Thymus_vulgaris,-2.538,0.322,Ordbeta,T0-T1,DIST,1,age_repro,NA
Thymus_vulgaris,-2.538,0.322,Ordbeta,T0-T1,DIST,1,percapita_repro,-5.143380039347928
Verbascum_thapsus,-2.328,0.265,Ordbeta,T0-T1,DIST,1,FirstStepAtt,-4.012613096092431
Verbascum_thapsus,-2.328,0.265,Ordbeta,T0-T1,DIST,1,Lambda,NA
Verbascum_thapsus,-2.328,0.265,Ordbeta,T0-T1,DIST,1,Lmax,0.6931471805599453
Verbascum_thapsus,-2.328,0.265,Ordbeta,T0-T1,DIST,1,Lmean,0.05129369438747054
Verbascum_thapsus,-2.328,0.265,Ordbeta,T0-T1,DIST,1,R0,3.381715911075376
Verbascum_thapsus,-2.328,0.265,Ordbeta,T0-T1,DIST,1,Reactivity,NA
Verbascum_thapsus,-2.328,0.265,Ordbeta,T0-T1,DIST,1,T_generation,0.7764348966557838
Verbascum_thapsus,-2.328,0.265,Ordbeta,T0-T1,DIST,1,age_repro,2.5523449856956373
Verbascum_thapsus,-2.328,0.265,Ordbeta,T0-T1,DIST,1,percapita_repro,NA
Veronica_arvensis,-2.926,0.183,Ordbeta,T0-T1,DIST,1,FirstStepAtt,-1.3609972168245543
Veronica_arvensis,-2.926,0.183,Ordbeta,T0-T1,DIST,1,Lambda,1.0575348190993947
Veronica_arvensis,-2.926,0.183,Ordbeta,T0-T1,DIST,1,Lmax,0.12924850454918937
Veronica_arvensis,-2.926,0.183,Ordbeta,T0-T1,DIST,1,Lmean,0.05244694819316372
Veronica_arvensis,-2.926,0.183,Ordbeta,T0-T1,DIST,1,R0,-0.014999404757933873
Veronica_arvensis,-2.926,0.183,Ordbeta,T0-T1,DIST,1,Reactivity,1.7913324339405632
Veronica_arvensis,-2.926,0.183,Ordbeta,T0-T1,DIST,1,T_generation,0.4178504962611216
Veronica_arvensis,-2.926,0.183,Ordbeta,T0-T1,DIST,1,age_repro,0.8907769885320955
Veronica_arvensis,-2.926,0.183,Ordbeta,T0-T1,DIST,1,percapita_repro,1.8152156216155975
Agrimonia_eupatoria,-2.819,0.297,Hurdle_cond,T0-T1,NPK,1,FirstStepAtt,-0.40426778811109665
Agrimonia_eupatoria,-2.819,0.297,Hurdle_cond,T0-T1,NPK,1,Lambda,0.99064442494128635
Agrimonia_eupatoria,-2.819,0.297,Hurdle_cond,T0-T1,NPK,1,Lmax,4.5330412476880015
Agrimonia_eupatoria,-2.819,0.297,Hurdle_cond,T0-T1,NPK,1,Lmean,2.276623485281897
Agrimonia_eupatoria,-2.819,0.297,Hurdle_cond,T0-T1,NPK,1,R0,-0.3812702083300579
Agrimonia_eupatoria,-2.819,0.297,Hurdle_cond,T0-T1,NPK,1,Reactivity,0.19207496843703886
Agrimonia_eupatoria,-2.819,0.297,Hurdle_cond,T0-T1,NPK,1,T_generation,3.6207086258222287
Agrimonia_eupatoria,-2.819,0.297,Hurdle_cond,T0-T1,NPK,1,age_repro,2.087394345070076
Agrimonia_eupatoria,-2.819,0.297,Hurdle_cond,T0-T1,NPK,1,percapita_repro,-1.5661843426366495
Allium_vineale,-3.047,0.422,Hurdle_cond,T0-T1,NPK,1,FirstStepAtt,-2.036030904211625
Allium_vineale,-3.047,0.422,Hurdle_cond,T0-T1,NPK,1,Lambda,1.170906773884173
Allium_vineale,-3.047,0.422,Hurdle_cond,T0-T1,NPK,1,Lmax,1.0986122886681098
Allium_vineale,-3.047,0.422,Hurdle_cond,T0-T1,NPK,1,Lmean,0.16647352389668973
Allium_vineale,-3.047,0.422,Hurdle_cond,T0-T1,NPK,1,R0,0.3408368280021561
Allium_vineale,-3.047,0.422,Hurdle_cond,T0-T1,NPK,1,Reactivity,2.1940830508207325
Allium_vineale,-3.047,0.422,Hurdle_cond,T0-T1,NPK,1,T_generation,0.7635325690826141
Allium_vineale,-3.047,0.422,Hurdle_cond,T0-T1,NPK,1,age_repro,1.2000990079409088
Allium_vineale,-3.047,0.422,Hurdle_cond,T0-T1,NPK,1,percapita_repro,2.3368650630604555
Andropogon_gerardii,-1.572,0.289,Hurdle_cond,T0-T1,NPK,1,FirstStepAtt,-1.1908608264270113
Andropogon_gerardii,-1.572,0.289,Hurdle_cond,T0-T1,NPK,1,Lambda,1.50587325216984
Andropogon_gerardii,-1.572,0.289,Hurdle_cond,T0-T1,NPK,1,Lmax,1.764891121214301
Andropogon_gerardii,-1.572,0.289,Hurdle_cond,T0-T1,NPK,1,Lmean,0.6723210807858808
Andropogon_gerardii,-1.572,0.289,Hurdle_cond,T0-T1,NPK,1,R0,0.8354773555720532
Andropogon_gerardii,-1.572,0.289,Hurdle_cond,T0-T1,NPK,1,Reactivity,1.7926841280473305
Andropogon_gerardii,-1.572,0.289,Hurdle_cond,T0-T1,NPK,1,T_generation,0.7395193223181741
Andropogon_gerardii,-1.572,0.289,Hurdle_cond,T0-T1,NPK,1,age_repro,0.7862530575220442
Andropogon_gerardii,-1.572,0.289,Hurdle_cond,T0-T1,NPK,1,percapita_repro,2.0924307697315556
Arenaria_serpyllifolia,-2.992,0.341,Hurdle_cond,T0-T1,NPK,1,FirstStepAtt,-2.2176497264357233
Arenaria_serpyllifolia,-2.992,0.341,Hurdle_cond,T0-T1,NPK,1,Lambda,0.860684361881849
Arenaria_serpyllifolia,-2.992,0.341,Hurdle_cond,T0-T1,NPK,1,Lmax,0
Arenaria_serpyllifolia,-2.992,0.341,Hurdle_cond,T0-T1,NPK,1,Lmean,0
Arenaria_serpyllifolia,-2.992,0.341,Hurdle_cond,T0-T1,NPK,1,R0,0.13128547046852534
Arenaria_serpyllifolia,-2.992,0.341,Hurdle_cond,T0-T1,NPK,1,Reactivity,2.5929750386335604
Arenaria_serpyllifolia,-2.992,0.341,Hurdle_cond,T0-T1,NPK,1,T_generation,0.16988583066600282
Arenaria_serpyllifolia,-2.992,0.341,Hurdle_cond,T0-T1,NPK,1,age_repro,0.8303384136066279
Arenaria_serpyllifolia,-2.992,0.341,Hurdle_cond,T0-T1,NPK,1,percapita_repro,2.639396025140823
Armeria_maritima,-3.053,0.373,Hurdle_cond,T0-T1,NPK,1,FirstStepAtt,-2.2414258727445255
Armeria_maritima,-3.053,0.373,Hurdle_cond,T0-T1,NPK,1,Lambda,1.458043853064239
Armeria_maritima,-3.053,0.373,Hurdle_cond,T0-T1,NPK,1,Lmax,2.995732273553991
Armeria_maritima,-3.053,0.373,Hurdle_cond,T0-T1,NPK,1,Lmean,0.6122577291406874
Armeria_maritima,-3.053,0.373,Hurdle_cond,T0-T1,NPK,1,R0,4.445083646052526
Armeria_maritima,-3.053,0.373,Hurdle_cond,T0-T1,NPK,1,Reactivity,5.495776723555247
Armeria_maritima,-3.053,0.373,Hurdle_cond,T0-T1,NPK,1,T_generation,2.099604255961898
Armeria_maritima,-3.053,0.373,Hurdle_cond,T0-T1,NPK,1,age_repro,1.5255005163472148
Armeria_maritima,-3.053,0.373,Hurdle_cond,T0-T1,NPK,1,percapita_repro,3.617282020171661
Centaurea_jacea,-2.648,0.273,Hurdle_cond,T0-T1,NPK,1,FirstStepAtt,-0.6368104471974831
Centaurea_jacea,-2.648,0.273,Hurdle_cond,T0-T1,NPK,1,Lambda,0.9157150879324936
Centaurea_jacea,-2.648,0.273,Hurdle_cond,T0-T1,NPK,1,Lmax,2.4003251984703664
Centaurea_jacea,-2.648,0.273,Hurdle_cond,T0-T1,NPK,1,Lmean,1.3722715793325009
Centaurea_jacea,-2.648,0.273,Hurdle_cond,T0-T1,NPK,1,R0,-3.4842742317189583
Centaurea_jacea,-2.648,0.273,Hurdle_cond,T0-T1,NPK,1,Reactivity,0.41685764138114395
Centaurea_jacea,-2.648,0.273,Hurdle_cond,T0-T1,NPK,1,T_generation,2.978872381362829
Centaurea_jacea,-2.648,0.273,Hurdle_cond,T0-T1,NPK,1,age_repro,1.6363011514297372
Centaurea_jacea,-2.648,0.273,Hurdle_cond,T0-T1,NPK,1,percapita_repro,-1.7828083742933423
Cerastium_fontanum,-3.069,0.183,Hurdle_cond,T0-T1,NPK,1,FirstStepAtt,-2.696031853083466
Cerastium_fontanum,-3.069,0.183,Hurdle_cond,T0-T1,NPK,1,Lambda,NA
Cerastium_fontanum,-3.069,0.183,Hurdle_cond,T0-T1,NPK,1,Lmax,0
Cerastium_fontanum,-3.069,0.183,Hurdle_cond,T0-T1,NPK,1,Lmean,0
Cerastium_fontanum,-3.069,0.183,Hurdle_cond,T0-T1,NPK,1,R0,1.5184623246973081
Cerastium_fontanum,-3.069,0.183,Hurdle_cond,T0-T1,NPK,1,Reactivity,3.027270925563423
Cerastium_fontanum,-3.069,0.183,Hurdle_cond,T0-T1,NPK,1,T_generation,0.005048904923272251
Cerastium_fontanum,-3.069,0.183,Hurdle_cond,T0-T1,NPK,1,age_repro,0.8873031950009029
Cerastium_fontanum,-3.069,0.183,Hurdle_cond,T0-T1,NPK,1,percapita_repro,4.522657764413627
Cirsium_arvense,-2.355,0.178,Hurdle_cond,T0-T1,NPK,1,FirstStepAtt,-3.3290015249469986
Cirsium_arvense,-2.355,0.178,Hurdle_cond,T0-T1,NPK,1,Lambda,NA
Cirsium_arvense,-2.355,0.178,Hurdle_cond,T0-T1,NPK,1,Lmax,1.0986122886681098
Cirsium_arvense,-2.355,0.178,Hurdle_cond,T0-T1,NPK,1,Lmean,0.1699960817758222
Cirsium_arvense,-2.355,0.178,Hurdle_cond,T0-T1,NPK,1,R0,3.228914980534981
Cirsium_arvense,-2.355,0.178,Hurdle_cond,T0-T1,NPK,1,Reactivity,4.0664130997692896
Cirsium_arvense,-2.355,0.178,Hurdle_cond,T0-T1,NPK,1,T_generation,0.7703612247372394
Cirsium_arvense,-2.355,0.178,Hurdle_cond,T0-T1,NPK,1,age_repro,1.162546762671639
Cirsium_arvense,-2.355,0.178,Hurdle_cond,T0-T1,NPK,1,percapita_repro,5.427985054670073
Cirsium_palustre,-2.908,0.458,Hurdle_cond,T0-T1,NPK,1,FirstStepAtt,-2.5937654771378247
Cirsium_palustre,-2.908,0.458,Hurdle_cond,T0-T1,NPK,1,Lambda,1.4428002172428838
Cirsium_palustre,-2.908,0.458,Hurdle_cond,T0-T1,NPK,1,Lmax,1.5273118956910914
Cirsium_palustre,-2.908,0.458,Hurdle_cond,T0-T1,NPK,1,Lmean,0.20135107219302092
Cirsium_palustre,-2.908,0.458,Hurdle_cond,T0-T1,NPK,1,R0,1.2807231364002392
Cirsium_palustre,-2.908,0.458,Hurdle_cond,T0-T1,NPK,1,Reactivity,4.898747288058175
Cirsium_palustre,-2.908,0.458,Hurdle_cond,T0-T1,NPK,1,T_generation,1.2255759905166659
Cirsium_palustre,-2.908,0.458,Hurdle_cond,T0-T1,NPK,1,age_repro,1.534647496889771
Cirsium_palustre,-2.908,0.458,Hurdle_cond,T0-T1,NPK,1,percapita_repro,4.957313127808717
Cirsium_vulgare,-2.882,0.424,Hurdle_cond,T0-T1,NPK,1,FirstStepAtt,-3.1910655226282234
Cirsium_vulgare,-2.882,0.424,Hurdle_cond,T0-T1,NPK,1,Lambda,0.7844344795818798
Cirsium_vulgare,-2.882,0.424,Hurdle_cond,T0-T1,NPK,1,Lmax,1.507973248367974
Cirsium_vulgare,-2.882,0.424,Hurdle_cond,T0-T1,NPK,1,Lmean,0.3479988332516422
Cirsium_vulgare,-2.882,0.424,Hurdle_cond,T0-T1,NPK,1,R0,-1.420279247517773
Cirsium_vulgare,-2.882,0.424,Hurdle_cond,T0-T1,NPK,1,Reactivity,2.641485998869525
Cirsium_vulgare,-2.882,0.424,Hurdle_cond,T0-T1,NPK,1,T_generation,1.4828783988333107
Cirsium_vulgare,-2.882,0.424,Hurdle_cond,T0-T1,NPK,1,age_repro,0.9323966804077027
Cirsium_vulgare,-2.882,0.424,Hurdle_cond,T0-T1,NPK,1,percapita_repro,1.89963041219607
Daucus_carota,-2.854,0.242,Hurdle_cond,T0-T1,NPK,1,FirstStepAtt,-4.040610337013186
Daucus_carota,-2.854,0.242,Hurdle_cond,T0-T1,NPK,1,Lambda,1.7161044748521754
Daucus_carota,-2.854,0.242,Hurdle_cond,T0-T1,NPK,1,Lmax,1.0986122886681098
Daucus_carota,-2.854,0.242,Hurdle_cond,T0-T1,NPK,1,Lmean,0.31834252276646996
Daucus_carota,-2.854,0.242,Hurdle_cond,T0-T1,NPK,1,R0,1.8196701629274532
Daucus_carota,-2.854,0.242,Hurdle_cond,T0-T1,NPK,1,Reactivity,NA
Daucus_carota,-2.854,0.242,Hurdle_cond,T0-T1,NPK,1,T_generation,1.189773196967312
Daucus_carota,-2.854,0.242,Hurdle_cond,T0-T1,NPK,1,age_repro,1.431272611901774
Daucus_carota,-2.854,0.242,Hurdle_cond,T0-T1,NPK,1,percapita_repro,NA
Echium_vulgare,-2.926,0.385,Hurdle_cond,T0-T1,NPK,1,FirstStepAtt,-1.4808281568478858
Echium_vulgare,-2.926,0.385,Hurdle_cond,T0-T1,NPK,1,Lambda,1.54759800300862
Echium_vulgare,-2.926,0.385,Hurdle_cond,T0-T1,NPK,1,Lmax,1.3862943611198906
Echium_vulgare,-2.926,0.385,Hurdle_cond,T0-T1,NPK,1,Lmean,0.5010758488001458
Echium_vulgare,-2.926,0.385,Hurdle_cond,T0-T1,NPK,1,R0,1.6034012709220467
Echium_vulgare,-2.926,0.385,Hurdle_cond,T0-T1,NPK,1,Reactivity,3.2663741200499037
Echium_vulgare,-2.926,0.385,Hurdle_cond,T0-T1,NPK,1,T_generation,1.287139504575711
Echium_vulgare,-2.926,0.385,Hurdle_cond,T0-T1,NPK,1,age_repro,1.3132909952863716
Echium_vulgare,-2.926,0.385,Hurdle_cond,T0-T1,NPK,1,percapita_repro,3.7030781735137492
Elymus_repens,-2.311,0.181,Hurdle_cond,T0-T1,NPK,1,FirstStepAtt,-19.608981934788076
Elymus_repens,-2.311,0.181,Hurdle_cond,T0-T1,NPK,1,Lambda,NA
Elymus_repens,-2.311,0.181,Hurdle_cond,T0-T1,NPK,1,Lmax,0.6931471805599453
Elymus_repens,-2.311,0.181,Hurdle_cond,T0-T1,NPK,1,Lmean,0.34830572665687204
Elymus_repens,-2.311,0.181,Hurdle_cond,T0-T1,NPK,1,R0,4.306802628082906
Elymus_repens,-2.311,0.181,Hurdle_cond,T0-T1,NPK,1,Reactivity,NA
Elymus_repens,-2.311,0.181,Hurdle_cond,T0-T1,NPK,1,T_generation,0.00771453240913415
Elymus_repens,-2.311,0.181,Hurdle_cond,T0-T1,NPK,1,age_repro,0
Elymus_repens,-2.311,0.181,Hurdle_cond,T0-T1,NPK,1,percapita_repro,-5.74205469871386
Erigeron_canadensis,-3.132,0.303,Hurdle_cond,T0-T1,NPK,1,FirstStepAtt,-2.9940372183428647
Erigeron_canadensis,-3.132,0.303,Hurdle_cond,T0-T1,NPK,1,Lambda,NA
Erigeron_canadensis,-3.132,0.303,Hurdle_cond,T0-T1,NPK,1,Lmax,0
Erigeron_canadensis,-3.132,0.303,Hurdle_cond,T0-T1,NPK,1,Lmean,0
Erigeron_canadensis,-3.132,0.303,Hurdle_cond,T0-T1,NPK,1,R0,2.750423016465953
Erigeron_canadensis,-3.132,0.303,Hurdle_cond,T0-T1,NPK,1,Reactivity,3.7256901124743216
Erigeron_canadensis,-3.132,0.303,Hurdle_cond,T0-T1,NPK,1,T_generation,0.1300250884192771
Erigeron_canadensis,-3.132,0.303,Hurdle_cond,T0-T1,NPK,1,age_repro,0.9159908368351705
Erigeron_canadensis,-3.132,0.303,Hurdle_cond,T0-T1,NPK,1,percapita_repro,5.684089841310465
Knautia_arvensis,-2.161,0.35,Hurdle_cond,T0-T1,NPK,1,FirstStepAtt,-2.956373754274904
Knautia_arvensis,-2.161,0.35,Hurdle_cond,T0-T1,NPK,1,Lambda,0.30764990872892994
Knautia_arvensis,-2.161,0.35,Hurdle_cond,T0-T1,NPK,1,Lmax,0.6931471805599453
Knautia_arvensis,-2.161,0.35,Hurdle_cond,T0-T1,NPK,1,Lmean,0.022139719151234638
Knautia_arvensis,-2.161,0.35,Hurdle_cond,T0-T1,NPK,1,R0,-9.95071325619903
Knautia_arvensis,-2.161,0.35,Hurdle_cond,T0-T1,NPK,1,Reactivity,0.35097071858090473
Knautia_arvensis,-2.161,0.35,Hurdle_cond,T0-T1,NPK,1,T_generation,NA
Knautia_arvensis,-2.161,0.35,Hurdle_cond,T0-T1,NPK,1,age_repro,0.9322894183877876
Knautia_arvensis,-2.161,0.35,Hurdle_cond,T0-T1,NPK,1,percapita_repro,-4.367646677748796
Lactuca_serriola,-2.99,0.44,Hurdle_cond,T0-T1,NPK,1,FirstStepAtt,-2.5276283678174485
Lactuca_serriola,-2.99,0.44,Hurdle_cond,T0-T1,NPK,1,Lambda,NA
Lactuca_serriola,-2.99,0.44,Hurdle_cond,T0-T1,NPK,1,Lmax,0
Lactuca_serriola,-2.99,0.44,Hurdle_cond,T0-T1,NPK,1,Lmean,0
Lactuca_serriola,-2.99,0.44,Hurdle_cond,T0-T1,NPK,1,R0,2.961708269076509
Lactuca_serriola,-2.99,0.44,Hurdle_cond,T0-T1,NPK,1,Reactivity,5.096932718325193
Lactuca_serriola,-2.99,0.44,Hurdle_cond,T0-T1,NPK,1,T_generation,0.08738433516364566
Lactuca_serriola,-2.99,0.44,Hurdle_cond,T0-T1,NPK,1,age_repro,1.2839753424841123
Lactuca_serriola,-2.99,0.44,Hurdle_cond,T0-T1,NPK,1,percapita_repro,7.147653680580111
Linum_catharticum,-3.246,0.36,Hurdle_cond,T0-T1,NPK,1,FirstStepAtt,-3.1953085121694222
Linum_catharticum,-3.246,0.36,Hurdle_cond,T0-T1,NPK,1,Lambda,NA
Linum_catharticum,-3.246,0.36,Hurdle_cond,T0-T1,NPK,1,Lmax,2.0794415416798357
Linum_catharticum,-3.246,0.36,Hurdle_cond,T0-T1,NPK,1,Lmean,0.7715798705141755
Linum_catharticum,-3.246,0.36,Hurdle_cond,T0-T1,NPK,1,R0,1.7942778474769048
Linum_catharticum,-3.246,0.36,Hurdle_cond,T0-T1,NPK,1,Reactivity,3.8165083573910685
Linum_catharticum,-3.246,0.36,Hurdle_cond,T0-T1,NPK,1,T_generation,0.30079171330480015
Linum_catharticum,-3.246,0.36,Hurdle_cond,T0-T1,NPK,1,age_repro,0.7034715243015948
Linum_catharticum,-3.246,0.36,Hurdle_cond,T0-T1,NPK,1,percapita_repro,3.0328521355315146
Picris_hieracioides,-2.21,0.228,Hurdle_cond,T0-T1,NPK,1,FirstStepAtt,-4.012603074068456
Picris_hieracioides,-2.21,0.228,Hurdle_cond,T0-T1,NPK,1,Lambda,0.8846497432296893
Picris_hieracioides,-2.21,0.228,Hurdle_cond,T0-T1,NPK,1,Lmax,0.6931471805599453
Picris_hieracioides,-2.21,0.228,Hurdle_cond,T0-T1,NPK,1,Lmean,0.025497751793431413
Picris_hieracioides,-2.21,0.228,Hurdle_cond,T0-T1,NPK,1,R0,-0.5012341883972119
Picris_hieracioides,-2.21,0.228,Hurdle_cond,T0-T1,NPK,1,Reactivity,5.739334580340471
Picris_hieracioides,-2.21,0.228,Hurdle_cond,T0-T1,NPK,1,T_generation,1.4151934417967624
Picris_hieracioides,-2.21,0.228,Hurdle_cond,T0-T1,NPK,1,age_repro,1.5430234695350933
Picris_hieracioides,-2.21,0.228,Hurdle_cond,T0-T1,NPK,1,percapita_repro,5.616771097666572
Pimpinella_saxifraga,-2.475,0.366,Hurdle_cond,T0-T1,NPK,1,FirstStepAtt,-0.5923077657542147
Pimpinella_saxifraga,-2.475,0.366,Hurdle_cond,T0-T1,NPK,1,Lambda,0.9547406316474248
Pimpinella_saxifraga,-2.475,0.366,Hurdle_cond,T0-T1,NPK,1,Lmax,3.2778313935718644
Pimpinella_saxifraga,-2.475,0.366,Hurdle_cond,T0-T1,NPK,1,Lmean,1.3985454207581605
Pimpinella_saxifraga,-2.475,0.366,Hurdle_cond,T0-T1,NPK,1,R0,-0.7090626241047243
Pimpinella_saxifraga,-2.475,0.366,Hurdle_cond,T0-T1,NPK,1,Reactivity,0.9233752615973371
Pimpinella_saxifraga,-2.475,0.366,Hurdle_cond,T0-T1,NPK,1,T_generation,2.7756138699245225
Pimpinella_saxifraga,-2.475,0.366,Hurdle_cond,T0-T1,NPK,1,age_repro,1.7819632124517442
Pimpinella_saxifraga,-2.475,0.366,Hurdle_cond,T0-T1,NPK,1,percapita_repro,-0.1635626778133
Plantago_coronopus,-2.457,0.301,Hurdle_cond,T0-T1,NPK,1,FirstStepAtt,-1.0607821044920802
Plantago_coronopus,-2.457,0.301,Hurdle_cond,T0-T1,NPK,1,Lambda,0.8883340096307588
Plantago_coronopus,-2.457,0.301,Hurdle_cond,T0-T1,NPK,1,Lmax,1.907994489728227
Plantago_coronopus,-2.457,0.301,Hurdle_cond,T0-T1,NPK,1,Lmean,0.5836315540514999
Plantago_coronopus,-2.457,0.301,Hurdle_cond,T0-T1,NPK,1,R0,-0.7679497099488539
Plantago_coronopus,-2.457,0.301,Hurdle_cond,T0-T1,NPK,1,Reactivity,1.2700917455756844
Plantago_coronopus,-2.457,0.301,Hurdle_cond,T0-T1,NPK,1,T_generation,1.4792349913940708
Plantago_coronopus,-2.457,0.301,Hurdle_cond,T0-T1,NPK,1,age_repro,0.7227032675127357
Plantago_coronopus,-2.457,0.301,Hurdle_cond,T0-T1,NPK,1,percapita_repro,-0.16078899600806454
Plantago_media,-2.766,0.341,Hurdle_cond,T0-T1,NPK,1,FirstStepAtt,-2.5216721506920545
Plantago_media,-2.766,0.341,Hurdle_cond,T0-T1,NPK,1,Lambda,0.9166479924897526
Plantago_media,-2.766,0.341,Hurdle_cond,T0-T1,NPK,1,Lmax,1.7178918965462198
Plantago_media,-2.766,0.341,Hurdle_cond,T0-T1,NPK,1,Lmean,0.240093455091011
Plantago_media,-2.766,0.341,Hurdle_cond,T0-T1,NPK,1,R0,-3.703632943874186
Plantago_media,-2.766,0.341,Hurdle_cond,T0-T1,NPK,1,Reactivity,0.9115891884505661
Plantago_media,-2.766,0.341,Hurdle_cond,T0-T1,NPK,1,T_generation,3.2830740541662764
Plantago_media,-2.766,0.341,Hurdle_cond,T0-T1,NPK,1,age_repro,2.050568331584061
Plantago_media,-2.766,0.341,Hurdle_cond,T0-T1,NPK,1,percapita_repro,0.21247852101489456
Potentilla_recta,-2.785,0.337,Hurdle_cond,T0-T1,NPK,1,FirstStepAtt,-1.2072466251783427
Potentilla_recta,-2.785,0.337,Hurdle_cond,T0-T1,NPK,1,Lambda,1.3233051390988662
Potentilla_recta,-2.785,0.337,Hurdle_cond,T0-T1,NPK,1,Lmax,2.8995463272302633
Potentilla_recta,-2.785,0.337,Hurdle_cond,T0-T1,NPK,1,Lmean,1.114174982541197
Potentilla_recta,-2.785,0.337,Hurdle_cond,T0-T1,NPK,1,R0,-Inf
Potentilla_recta,-2.785,0.337,Hurdle_cond,T0-T1,NPK,1,Reactivity,2.3355670141886495
Potentilla_recta,-2.785,0.337,Hurdle_cond,T0-T1,NPK,1,T_generation,1.1285664763465502
Potentilla_recta,-2.785,0.337,Hurdle_cond,T0-T1,NPK,1,age_repro,1.470241457035962
Potentilla_recta,-2.785,0.337,Hurdle_cond,T0-T1,NPK,1,percapita_repro,5.184136566294191
Primula_elatior,-2.838,0.546,Hurdle_cond,T0-T1,NPK,1,FirstStepAtt,-2.5752591198739894
Primula_elatior,-2.838,0.546,Hurdle_cond,T0-T1,NPK,1,Lambda,1.0243599289476764
Primula_elatior,-2.838,0.546,Hurdle_cond,T0-T1,NPK,1,Lmax,3.078214221499716
Primula_elatior,-2.838,0.546,Hurdle_cond,T0-T1,NPK,1,Lmean,0.9348686606054332
Primula_elatior,-2.838,0.546,Hurdle_cond,T0-T1,NPK,1,R0,-0.1983437887657272
Primula_elatior,-2.838,0.546,Hurdle_cond,T0-T1,NPK,1,Reactivity,1.2375774274497275
Primula_elatior,-2.838,0.546,Hurdle_cond,T0-T1,NPK,1,T_generation,2.774342942782747
Primula_elatior,-2.838,0.546,Hurdle_cond,T0-T1,NPK,1,age_repro,1.5965918444925693
Primula_elatior,-2.838,0.546,Hurdle_cond,T0-T1,NPK,1,percapita_repro,0.6906312588074858
Primula_veris,-2.949,0.422,Hurdle_cond,T0-T1,NPK,1,FirstStepAtt,-3.0996415326914413
Primula_veris,-2.949,0.422,Hurdle_cond,T0-T1,NPK,1,Lambda,0.9177166512186883
Primula_veris,-2.949,0.422,Hurdle_cond,T0-T1,NPK,1,Lmax,1.777554626801171
Primula_veris,-2.949,0.422,Hurdle_cond,T0-T1,NPK,1,Lmean,0.34573408996051475
Primula_veris,-2.949,0.422,Hurdle_cond,T0-T1,NPK,1,R0,-3.531205384831014
Primula_veris,-2.949,0.422,Hurdle_cond,T0-T1,NPK,1,Reactivity,1.8406103144604358
Primula_veris,-2.949,0.422,Hurdle_cond,T0-T1,NPK,1,T_generation,3.266151130174338
Primula_veris,-2.949,0.422,Hurdle_cond,T0-T1,NPK,1,age_repro,2.1007008996065113
Primula_veris,-2.949,0.422,Hurdle_cond,T0-T1,NPK,1,percapita_repro,1.3057574210790406
Ranunculus_acris,-2.85,0.185,Hurdle_cond,T0-T1,NPK,1,FirstStepAtt,-2.223673155588096
Ranunculus_acris,-2.85,0.185,Hurdle_cond,T0-T1,NPK,1,Lambda,1.1474253581153837
Ranunculus_acris,-2.85,0.185,Hurdle_cond,T0-T1,NPK,1,Lmax,1.791759469228055
Ranunculus_acris,-2.85,0.185,Hurdle_cond,T0-T1,NPK,1,Lmean,0.2694368352850546
Ranunculus_acris,-2.85,0.185,Hurdle_cond,T0-T1,NPK,1,R0,0.4291243489821683
Ranunculus_acris,-2.85,0.185,Hurdle_cond,T0-T1,NPK,1,Reactivity,1.8978523971700296
Ranunculus_acris,-2.85,0.185,Hurdle_cond,T0-T1,NPK,1,T_generation,1.3335494740785472
Ranunculus_acris,-2.85,0.185,Hurdle_cond,T0-T1,NPK,1,age_repro,1.1167312512505851
Ranunculus_acris,-2.85,0.185,Hurdle_cond,T0-T1,NPK,1,percapita_repro,1.9401794743463283
Salsola_kali,-2.953,0.408,Hurdle_cond,T0-T1,NPK,1,FirstStepAtt,-7.23761455341241
Salsola_kali,-2.953,0.408,Hurdle_cond,T0-T1,NPK,1,Lambda,0.589687496520467
Salsola_kali,-2.953,0.408,Hurdle_cond,T0-T1,NPK,1,Lmax,1.0986122886681098
Salsola_kali,-2.953,0.408,Hurdle_cond,T0-T1,NPK,1,Lmean,0.6329527878317025
Salsola_kali,-2.953,0.408,Hurdle_cond,T0-T1,NPK,1,R0,-3.1690448866467187
Salsola_kali,-2.953,0.408,Hurdle_cond,T0-T1,NPK,1,Reactivity,NA
Salsola_kali,-2.953,0.408,Hurdle_cond,T0-T1,NPK,1,T_generation,1.7917877371801434
Salsola_kali,-2.953,0.408,Hurdle_cond,T0-T1,NPK,1,age_repro,1.7917761374226397
Salsola_kali,-2.953,0.408,Hurdle_cond,T0-T1,NPK,1,percapita_repro,NA
Sphaeralcea_coccinea,-3.054,0.37,Hurdle_cond,T0-T1,NPK,1,FirstStepAtt,-0.021668930362796438
Sphaeralcea_coccinea,-3.054,0.37,Hurdle_cond,T0-T1,NPK,1,Lambda,0.9140916052986946
Sphaeralcea_coccinea,-3.054,0.37,Hurdle_cond,T0-T1,NPK,1,Lmax,1.1291966833851346
Sphaeralcea_coccinea,-3.054,0.37,Hurdle_cond,T0-T1,NPK,1,Lmean,0.18479959171993668
Sphaeralcea_coccinea,-3.054,0.37,Hurdle_cond,T0-T1,NPK,1,R0,-0.1631566065473073
Sphaeralcea_coccinea,-3.054,0.37,Hurdle_cond,T0-T1,NPK,1,Reactivity,0.06479482429602482
Sphaeralcea_coccinea,-3.054,0.37,Hurdle_cond,T0-T1,NPK,1,T_generation,0.24224692726379177
Sphaeralcea_coccinea,-3.054,0.37,Hurdle_cond,T0-T1,NPK,1,age_repro,0
Sphaeralcea_coccinea,-3.054,0.37,Hurdle_cond,T0-T1,NPK,1,percapita_repro,-0.347956198267244
Stenaria_nigricans,-2.151,0.329,Hurdle_cond,T0-T1,NPK,1,FirstStepAtt,-0.001506241946231945
Stenaria_nigricans,-2.151,0.329,Hurdle_cond,T0-T1,NPK,1,Lambda,0.9901413361648121
Stenaria_nigricans,-2.151,0.329,Hurdle_cond,T0-T1,NPK,1,Lmax,0.8841014310483891
Stenaria_nigricans,-2.151,0.329,Hurdle_cond,T0-T1,NPK,1,Lmean,0.1061701762787086
Stenaria_nigricans,-2.151,0.329,Hurdle_cond,T0-T1,NPK,1,R0,0.21085254589803137
Stenaria_nigricans,-2.151,0.329,Hurdle_cond,T0-T1,NPK,1,Reactivity,0.009202684809058356
Stenaria_nigricans,-2.151,0.329,Hurdle_cond,T0-T1,NPK,1,T_generation,0.10216634557653173
Stenaria_nigricans,-2.151,0.329,Hurdle_cond,T0-T1,NPK,1,age_repro,0
Stenaria_nigricans,-2.151,0.329,Hurdle_cond,T0-T1,NPK,1,percapita_repro,0.10468236961932272
Taraxacum_campylodes,-3.096,0.369,Hurdle_cond,T0-T1,NPK,1,FirstStepAtt,-2.3531148413315983
Taraxacum_campylodes,-3.096,0.369,Hurdle_cond,T0-T1,NPK,1,Lambda,0.08041791145870329
Taraxacum_campylodes,-3.096,0.369,Hurdle_cond,T0-T1,NPK,1,Lmax,0.5493061443340549
Taraxacum_campylodes,-3.096,0.369,Hurdle_cond,T0-T1,NPK,1,Lmean,0.06773896227809098
Taraxacum_campylodes,-3.096,0.369,Hurdle_cond,T0-T1,NPK,1,R0,-Inf
Taraxacum_campylodes,-3.096,0.369,Hurdle_cond,T0-T1,NPK,1,Reactivity,2.4046693226371185
Taraxacum_campylodes,-3.096,0.369,Hurdle_cond,T0-T1,NPK,1,T_generation,NA
Taraxacum_campylodes,-3.096,0.369,Hurdle_cond,T0-T1,NPK,1,age_repro,0
Taraxacum_campylodes,-3.096,0.369,Hurdle_cond,T0-T1,NPK,1,percapita_repro,-11.213549524439351
Thymus_vulgaris,-2.595,0.444,Hurdle_cond,T0-T1,NPK,1,FirstStepAtt,-0.005866973847378982
Thymus_vulgaris,-2.595,0.444,Hurdle_cond,T0-T1,NPK,1,Lambda,0.9926751959162854
Thymus_vulgaris,-2.595,0.444,Hurdle_cond,T0-T1,NPK,1,Lmax,5.964961904446033
Thymus_vulgaris,-2.595,0.444,Hurdle_cond,T0-T1,NPK,1,Lmean,4.459892288650257
Thymus_vulgaris,-2.595,0.444,Hurdle_cond,T0-T1,NPK,1,R0,-1.07189733945768
Thymus_vulgaris,-2.595,0.444,Hurdle_cond,T0-T1,NPK,1,Reactivity,0.010349758754626258
Thymus_vulgaris,-2.595,0.444,Hurdle_cond,T0-T1,NPK,1,T_generation,NA
Thymus_vulgaris,-2.595,0.444,Hurdle_cond,T0-T1,NPK,1,age_repro,NA
Thymus_vulgaris,-2.595,0.444,Hurdle_cond,T0-T1,NPK,1,percapita_repro,-5.143380039347928
Verbascum_thapsus,-2.378,0.371,Hurdle_cond,T0-T1,NPK,1,FirstStepAtt,-4.012613096092431
Verbascum_thapsus,-2.378,0.371,Hurdle_cond,T0-T1,NPK,1,Lambda,NA
Verbascum_thapsus,-2.378,0.371,Hurdle_cond,T0-T1,NPK,1,Lmax,0.6931471805599453
Verbascum_thapsus,-2.378,0.371,Hurdle_cond,T0-T1,NPK,1,Lmean,0.05129369438747054
Verbascum_thapsus,-2.378,0.371,Hurdle_cond,T0-T1,NPK,1,R0,3.381715911075376
Verbascum_thapsus,-2.378,0.371,Hurdle_cond,T0-T1,NPK,1,Reactivity,NA
Verbascum_thapsus,-2.378,0.371,Hurdle_cond,T0-T1,NPK,1,T_generation,0.7764348966557838
Verbascum_thapsus,-2.378,0.371,Hurdle_cond,T0-T1,NPK,1,age_repro,2.5523449856956373
Verbascum_thapsus,-2.378,0.371,Hurdle_cond,T0-T1,NPK,1,percapita_repro,NA
Veronica_arvensis,-3.247,0.247,Hurdle_cond,T0-T1,NPK,1,FirstStepAtt,-1.3609972168245543
Veronica_arvensis,-3.247,0.247,Hurdle_cond,T0-T1,NPK,1,Lambda,1.0575348190993947
Veronica_arvensis,-3.247,0.247,Hurdle_cond,T0-T1,NPK,1,Lmax,0.12924850454918937
Veronica_arvensis,-3.247,0.247,Hurdle_cond,T0-T1,NPK,1,Lmean,0.05244694819316372
Veronica_arvensis,-3.247,0.247,Hurdle_cond,T0-T1,NPK,1,R0,-0.014999404757933873
Veronica_arvensis,-3.247,0.247,Hurdle_cond,T0-T1,NPK,1,Reactivity,1.7913324339405632
Veronica_arvensis,-3.247,0.247,Hurdle_cond,T0-T1,NPK,1,T_generation,0.4178504962611216
Veronica_arvensis,-3.247,0.247,Hurdle_cond,T0-T1,NPK,1,age_repro,0.8907769885320955
Veronica_arvensis,-3.247,0.247,Hurdle_cond,T0-T1,NPK,1,percapita_repro,1.8152156216155975
Agrimonia_eupatoria,-1.196,0.298,Hurdle_zi,T0-T1,NPK,1,FirstStepAtt,-0.40426778811109665
Agrimonia_eupatoria,-1.196,0.298,Hurdle_zi,T0-T1,NPK,1,Lambda,0.99064442494128635
Agrimonia_eupatoria,-1.196,0.298,Hurdle_zi,T0-T1,NPK,1,Lmax,4.5330412476880015
Agrimonia_eupatoria,-1.196,0.298,Hurdle_zi,T0-T1,NPK,1,Lmean,2.276623485281897
Agrimonia_eupatoria,-1.196,0.298,Hurdle_zi,T0-T1,NPK,1,R0,-0.3812702083300579
Agrimonia_eupatoria,-1.196,0.298,Hurdle_zi,T0-T1,NPK,1,Reactivity,0.19207496843703886
Agrimonia_eupatoria,-1.196,0.298,Hurdle_zi,T0-T1,NPK,1,T_generation,3.6207086258222287
Agrimonia_eupatoria,-1.196,0.298,Hurdle_zi,T0-T1,NPK,1,age_repro,2.087394345070076
Agrimonia_eupatoria,-1.196,0.298,Hurdle_zi,T0-T1,NPK,1,percapita_repro,-1.5661843426366495
Allium_vineale,-1.424,0.423,Hurdle_zi,T0-T1,NPK,1,FirstStepAtt,-2.036030904211625
Allium_vineale,-1.424,0.423,Hurdle_zi,T0-T1,NPK,1,Lambda,1.170906773884173
Allium_vineale,-1.424,0.423,Hurdle_zi,T0-T1,NPK,1,Lmax,1.0986122886681098
Allium_vineale,-1.424,0.423,Hurdle_zi,T0-T1,NPK,1,Lmean,0.16647352389668973
Allium_vineale,-1.424,0.423,Hurdle_zi,T0-T1,NPK,1,R0,0.3408368280021561
Allium_vineale,-1.424,0.423,Hurdle_zi,T0-T1,NPK,1,Reactivity,2.1940830508207325
Allium_vineale,-1.424,0.423,Hurdle_zi,T0-T1,NPK,1,T_generation,0.7635325690826141
Allium_vineale,-1.424,0.423,Hurdle_zi,T0-T1,NPK,1,age_repro,1.2000990079409088
Allium_vineale,-1.424,0.423,Hurdle_zi,T0-T1,NPK,1,percapita_repro,2.3368650630604555
Andropogon_gerardii,0.051,0.291,Hurdle_zi,T0-T1,NPK,1,FirstStepAtt,-1.1908608264270113
Andropogon_gerardii,0.051,0.291,Hurdle_zi,T0-T1,NPK,1,Lambda,1.50587325216984
Andropogon_gerardii,0.051,0.291,Hurdle_zi,T0-T1,NPK,1,Lmax,1.764891121214301
Andropogon_gerardii,0.051,0.291,Hurdle_zi,T0-T1,NPK,1,Lmean,0.6723210807858808
Andropogon_gerardii,0.051,0.291,Hurdle_zi,T0-T1,NPK,1,R0,0.8354773555720532
Andropogon_gerardii,0.051,0.291,Hurdle_zi,T0-T1,NPK,1,Reactivity,1.7926841280473305
Andropogon_gerardii,0.051,0.291,Hurdle_zi,T0-T1,NPK,1,T_generation,0.7395193223181741
Andropogon_gerardii,0.051,0.291,Hurdle_zi,T0-T1,NPK,1,age_repro,0.7862530575220442
Andropogon_gerardii,0.051,0.291,Hurdle_zi,T0-T1,NPK,1,percapita_repro,2.0924307697315556
Arenaria_serpyllifolia,-1.369,0.342,Hurdle_zi,T0-T1,NPK,1,FirstStepAtt,-2.2176497264357233
Arenaria_serpyllifolia,-1.369,0.342,Hurdle_zi,T0-T1,NPK,1,Lambda,0.860684361881849
Arenaria_serpyllifolia,-1.369,0.342,Hurdle_zi,T0-T1,NPK,1,Lmax,0
Arenaria_serpyllifolia,-1.369,0.342,Hurdle_zi,T0-T1,NPK,1,Lmean,0
Arenaria_serpyllifolia,-1.369,0.342,Hurdle_zi,T0-T1,NPK,1,R0,0.13128547046852534
Arenaria_serpyllifolia,-1.369,0.342,Hurdle_zi,T0-T1,NPK,1,Reactivity,2.5929750386335604
Arenaria_serpyllifolia,-1.369,0.342,Hurdle_zi,T0-T1,NPK,1,T_generation,0.16988583066600282
Arenaria_serpyllifolia,-1.369,0.342,Hurdle_zi,T0-T1,NPK,1,age_repro,0.8303384136066279
Arenaria_serpyllifolia,-1.369,0.342,Hurdle_zi,T0-T1,NPK,1,percapita_repro,2.639396025140823
Armeria_maritima,-1.43,0.374,Hurdle_zi,T0-T1,NPK,1,FirstStepAtt,-2.2414258727445255
Armeria_maritima,-1.43,0.374,Hurdle_zi,T0-T1,NPK,1,Lambda,1.458043853064239
Armeria_maritima,-1.43,0.374,Hurdle_zi,T0-T1,NPK,1,Lmax,2.995732273553991
Armeria_maritima,-1.43,0.374,Hurdle_zi,T0-T1,NPK,1,Lmean,0.6122577291406874
Armeria_maritima,-1.43,0.374,Hurdle_zi,T0-T1,NPK,1,R0,4.445083646052526
Armeria_maritima,-1.43,0.374,Hurdle_zi,T0-T1,NPK,1,Reactivity,5.495776723555247
Armeria_maritima,-1.43,0.374,Hurdle_zi,T0-T1,NPK,1,T_generation,2.099604255961898
Armeria_maritima,-1.43,0.374,Hurdle_zi,T0-T1,NPK,1,age_repro,1.5255005163472148
Armeria_maritima,-1.43,0.374,Hurdle_zi,T0-T1,NPK,1,percapita_repro,3.617282020171661
Centaurea_jacea,-1.025,0.275,Hurdle_zi,T0-T1,NPK,1,FirstStepAtt,-0.6368104471974831
Centaurea_jacea,-1.025,0.275,Hurdle_zi,T0-T1,NPK,1,Lambda,0.9157150879324936
Centaurea_jacea,-1.025,0.275,Hurdle_zi,T0-T1,NPK,1,Lmax,2.4003251984703664
Centaurea_jacea,-1.025,0.275,Hurdle_zi,T0-T1,NPK,1,Lmean,1.3722715793325009
Centaurea_jacea,-1.025,0.275,Hurdle_zi,T0-T1,NPK,1,R0,-3.4842742317189583
Centaurea_jacea,-1.025,0.275,Hurdle_zi,T0-T1,NPK,1,Reactivity,0.41685764138114395
Centaurea_jacea,-1.025,0.275,Hurdle_zi,T0-T1,NPK,1,T_generation,2.978872381362829
Centaurea_jacea,-1.025,0.275,Hurdle_zi,T0-T1,NPK,1,age_repro,1.6363011514297372
Centaurea_jacea,-1.025,0.275,Hurdle_zi,T0-T1,NPK,1,percapita_repro,-1.7828083742933423
Cerastium_fontanum,-1.446,0.186,Hurdle_zi,T0-T1,NPK,1,FirstStepAtt,-2.696031853083466
Cerastium_fontanum,-1.446,0.186,Hurdle_zi,T0-T1,NPK,1,Lambda,NA
Cerastium_fontanum,-1.446,0.186,Hurdle_zi,T0-T1,NPK,1,Lmax,0
Cerastium_fontanum,-1.446,0.186,Hurdle_zi,T0-T1,NPK,1,Lmean,0
Cerastium_fontanum,-1.446,0.186,Hurdle_zi,T0-T1,NPK,1,R0,1.5184623246973081
Cerastium_fontanum,-1.446,0.186,Hurdle_zi,T0-T1,NPK,1,Reactivity,3.027270925563423
Cerastium_fontanum,-1.446,0.186,Hurdle_zi,T0-T1,NPK,1,T_generation,0.005048904923272251
Cerastium_fontanum,-1.446,0.186,Hurdle_zi,T0-T1,NPK,1,age_repro,0.8873031950009029
Cerastium_fontanum,-1.446,0.186,Hurdle_zi,T0-T1,NPK,1,percapita_repro,4.522657764413627
Cirsium_arvense,-0.732,0.181,Hurdle_zi,T0-T1,NPK,1,FirstStepAtt,-3.3290015249469986
Cirsium_arvense,-0.732,0.181,Hurdle_zi,T0-T1,NPK,1,Lambda,NA
Cirsium_arvense,-0.732,0.181,Hurdle_zi,T0-T1,NPK,1,Lmax,1.0986122886681098
Cirsium_arvense,-0.732,0.181,Hurdle_zi,T0-T1,NPK,1,Lmean,0.1699960817758222
Cirsium_arvense,-0.732,0.181,Hurdle_zi,T0-T1,NPK,1,R0,3.228914980534981
Cirsium_arvense,-0.732,0.181,Hurdle_zi,T0-T1,NPK,1,Reactivity,4.0664130997692896
Cirsium_arvense,-0.732,0.181,Hurdle_zi,T0-T1,NPK,1,T_generation,0.7703612247372394
Cirsium_arvense,-0.732,0.181,Hurdle_zi,T0-T1,NPK,1,age_repro,1.162546762671639
Cirsium_arvense,-0.732,0.181,Hurdle_zi,T0-T1,NPK,1,percapita_repro,5.427985054670073
Cirsium_palustre,-1.285,0.459,Hurdle_zi,T0-T1,NPK,1,FirstStepAtt,-2.5937654771378247
Cirsium_palustre,-1.285,0.459,Hurdle_zi,T0-T1,NPK,1,Lambda,1.4428002172428838
Cirsium_palustre,-1.285,0.459,Hurdle_zi,T0-T1,NPK,1,Lmax,1.5273118956910914
Cirsium_palustre,-1.285,0.459,Hurdle_zi,T0-T1,NPK,1,Lmean,0.20135107219302092
Cirsium_palustre,-1.285,0.459,Hurdle_zi,T0-T1,NPK,1,R0,1.2807231364002392
Cirsium_palustre,-1.285,0.459,Hurdle_zi,T0-T1,NPK,1,Reactivity,4.898747288058175
Cirsium_palustre,-1.285,0.459,Hurdle_zi,T0-T1,NPK,1,T_generation,1.2255759905166659
Cirsium_palustre,-1.285,0.459,Hurdle_zi,T0-T1,NPK,1,age_repro,1.534647496889771
Cirsium_palustre,-1.285,0.459,Hurdle_zi,T0-T1,NPK,1,percapita_repro,4.957313127808717
Cirsium_vulgare,-1.259,0.425,Hurdle_zi,T0-T1,NPK,1,FirstStepAtt,-3.1910655226282234
Cirsium_vulgare,-1.259,0.425,Hurdle_zi,T0-T1,NPK,1,Lambda,0.7844344795818798
Cirsium_vulgare,-1.259,0.425,Hurdle_zi,T0-T1,NPK,1,Lmax,1.507973248367974
Cirsium_vulgare,-1.259,0.425,Hurdle_zi,T0-T1,NPK,1,Lmean,0.3479988332516422
Cirsium_vulgare,-1.259,0.425,Hurdle_zi,T0-T1,NPK,1,R0,-1.420279247517773
Cirsium_vulgare,-1.259,0.425,Hurdle_zi,T0-T1,NPK,1,Reactivity,2.641485998869525
Cirsium_vulgare,-1.259,0.425,Hurdle_zi,T0-T1,NPK,1,T_generation,1.4828783988333107
Cirsium_vulgare,-1.259,0.425,Hurdle_zi,T0-T1,NPK,1,age_repro,0.9323966804077027
Cirsium_vulgare,-1.259,0.425,Hurdle_zi,T0-T1,NPK,1,percapita_repro,1.89963041219607
Daucus_carota,-1.231,0.243,Hurdle_zi,T0-T1,NPK,1,FirstStepAtt,-4.040610337013186
Daucus_carota,-1.231,0.243,Hurdle_zi,T0-T1,NPK,1,Lambda,1.7161044748521754
Daucus_carota,-1.231,0.243,Hurdle_zi,T0-T1,NPK,1,Lmax,1.0986122886681098
Daucus_carota,-1.231,0.243,Hurdle_zi,T0-T1,NPK,1,Lmean,0.31834252276646996
Daucus_carota,-1.231,0.243,Hurdle_zi,T0-T1,NPK,1,R0,1.8196701629274532
Daucus_carota,-1.231,0.243,Hurdle_zi,T0-T1,NPK,1,Reactivity,NA
Daucus_carota,-1.231,0.243,Hurdle_zi,T0-T1,NPK,1,T_generation,1.189773196967312
Daucus_carota,-1.231,0.243,Hurdle_zi,T0-T1,NPK,1,age_repro,1.431272611901774
Daucus_carota,-1.231,0.243,Hurdle_zi,T0-T1,NPK,1,percapita_repro,NA
Echium_vulgare,-1.303,0.386,Hurdle_zi,T0-T1,NPK,1,FirstStepAtt,-1.4808281568478858
Echium_vulgare,-1.303,0.386,Hurdle_zi,T0-T1,NPK,1,Lambda,1.54759800300862
Echium_vulgare,-1.303,0.386,Hurdle_zi,T0-T1,NPK,1,Lmax,1.3862943611198906
Echium_vulgare,-1.303,0.386,Hurdle_zi,T0-T1,NPK,1,Lmean,0.5010758488001458
Echium_vulgare,-1.303,0.386,Hurdle_zi,T0-T1,NPK,1,R0,1.6034012709220467
Echium_vulgare,-1.303,0.386,Hurdle_zi,T0-T1,NPK,1,Reactivity,3.2663741200499037
Echium_vulgare,-1.303,0.386,Hurdle_zi,T0-T1,NPK,1,T_generation,1.287139504575711
Echium_vulgare,-1.303,0.386,Hurdle_zi,T0-T1,NPK,1,age_repro,1.3132909952863716
Echium_vulgare,-1.303,0.386,Hurdle_zi,T0-T1,NPK,1,percapita_repro,3.7030781735137492
Elymus_repens,-0.688,0.184,Hurdle_zi,T0-T1,NPK,1,FirstStepAtt,-19.608981934788076
Elymus_repens,-0.688,0.184,Hurdle_zi,T0-T1,NPK,1,Lambda,NA
Elymus_repens,-0.688,0.184,Hurdle_zi,T0-T1,NPK,1,Lmax,0.6931471805599453
Elymus_repens,-0.688,0.184,Hurdle_zi,T0-T1,NPK,1,Lmean,0.34830572665687204
Elymus_repens,-0.688,0.184,Hurdle_zi,T0-T1,NPK,1,R0,4.306802628082906
Elymus_repens,-0.688,0.184,Hurdle_zi,T0-T1,NPK,1,Reactivity,NA
Elymus_repens,-0.688,0.184,Hurdle_zi,T0-T1,NPK,1,T_generation,0.00771453240913415
Elymus_repens,-0.688,0.184,Hurdle_zi,T0-T1,NPK,1,age_repro,0
Elymus_repens,-0.688,0.184,Hurdle_zi,T0-T1,NPK,1,percapita_repro,-5.74205469871386
Erigeron_canadensis,-1.509,0.304,Hurdle_zi,T0-T1,NPK,1,FirstStepAtt,-2.9940372183428647
Erigeron_canadensis,-1.509,0.304,Hurdle_zi,T0-T1,NPK,1,Lambda,NA
Erigeron_canadensis,-1.509,0.304,Hurdle_zi,T0-T1,NPK,1,Lmax,0
Erigeron_canadensis,-1.509,0.304,Hurdle_zi,T0-T1,NPK,1,Lmean,0
Erigeron_canadensis,-1.509,0.304,Hurdle_zi,T0-T1,NPK,1,R0,2.750423016465953
Erigeron_canadensis,-1.509,0.304,Hurdle_zi,T0-T1,NPK,1,Reactivity,3.7256901124743216
Erigeron_canadensis,-1.509,0.304,Hurdle_zi,T0-T1,NPK,1,T_generation,0.1300250884192771
Erigeron_canadensis,-1.509,0.304,Hurdle_zi,T0-T1,NPK,1,age_repro,0.9159908368351705
Erigeron_canadensis,-1.509,0.304,Hurdle_zi,T0-T1,NPK,1,percapita_repro,5.684089841310465
Knautia_arvensis,-0.538,0.351,Hurdle_zi,T0-T1,NPK,1,FirstStepAtt,-2.956373754274904
Knautia_arvensis,-0.538,0.351,Hurdle_zi,T0-T1,NPK,1,Lambda,0.30764990872892994
Knautia_arvensis,-0.538,0.351,Hurdle_zi,T0-T1,NPK,1,Lmax,0.6931471805599453
Knautia_arvensis,-0.538,0.351,Hurdle_zi,T0-T1,NPK,1,Lmean,0.022139719151234638
Knautia_arvensis,-0.538,0.351,Hurdle_zi,T0-T1,NPK,1,R0,-9.95071325619903
Knautia_arvensis,-0.538,0.351,Hurdle_zi,T0-T1,NPK,1,Reactivity,0.35097071858090473
Knautia_arvensis,-0.538,0.351,Hurdle_zi,T0-T1,NPK,1,T_generation,NA
Knautia_arvensis,-0.538,0.351,Hurdle_zi,T0-T1,NPK,1,age_repro,0.9322894183877876
Knautia_arvensis,-0.538,0.351,Hurdle_zi,T0-T1,NPK,1,percapita_repro,-4.367646677748796
Lactuca_serriola,-1.367,0.441,Hurdle_zi,T0-T1,NPK,1,FirstStepAtt,-2.5276283678174485
Lactuca_serriola,-1.367,0.441,Hurdle_zi,T0-T1,NPK,1,Lambda,NA
Lactuca_serriola,-1.367,0.441,Hurdle_zi,T0-T1,NPK,1,Lmax,0
Lactuca_serriola,-1.367,0.441,Hurdle_zi,T0-T1,NPK,1,Lmean,0
Lactuca_serriola,-1.367,0.441,Hurdle_zi,T0-T1,NPK,1,R0,2.961708269076509
Lactuca_serriola,-1.367,0.441,Hurdle_zi,T0-T1,NPK,1,Reactivity,5.096932718325193
Lactuca_serriola,-1.367,0.441,Hurdle_zi,T0-T1,NPK,1,T_generation,0.08738433516364566
Lactuca_serriola,-1.367,0.441,Hurdle_zi,T0-T1,NPK,1,age_repro,1.2839753424841123
Lactuca_serriola,-1.367,0.441,Hurdle_zi,T0-T1,NPK,1,percapita_repro,7.147653680580111
Linum_catharticum,-1.623,0.361,Hurdle_zi,T0-T1,NPK,1,FirstStepAtt,-3.1953085121694222
Linum_catharticum,-1.623,0.361,Hurdle_zi,T0-T1,NPK,1,Lambda,NA
Linum_catharticum,-1.623,0.361,Hurdle_zi,T0-T1,NPK,1,Lmax,2.0794415416798357
Linum_catharticum,-1.623,0.361,Hurdle_zi,T0-T1,NPK,1,Lmean,0.7715798705141755
Linum_catharticum,-1.623,0.361,Hurdle_zi,T0-T1,NPK,1,R0,1.7942778474769048
Linum_catharticum,-1.623,0.361,Hurdle_zi,T0-T1,NPK,1,Reactivity,3.8165083573910685
Linum_catharticum,-1.623,0.361,Hurdle_zi,T0-T1,NPK,1,T_generation,0.30079171330480015
Linum_catharticum,-1.623,0.361,Hurdle_zi,T0-T1,NPK,1,age_repro,0.7034715243015948
Linum_catharticum,-1.623,0.361,Hurdle_zi,T0-T1,NPK,1,percapita_repro,3.0328521355315146
Picris_hieracioides,-0.587,0.229,Hurdle_zi,T0-T1,NPK,1,FirstStepAtt,-4.012603074068456
Picris_hieracioides,-0.587,0.229,Hurdle_zi,T0-T1,NPK,1,Lambda,0.8846497432296893
Picris_hieracioides,-0.587,0.229,Hurdle_zi,T0-T1,NPK,1,Lmax,0.6931471805599453
Picris_hieracioides,-0.587,0.229,Hurdle_zi,T0-T1,NPK,1,Lmean,0.025497751793431413
Picris_hieracioides,-0.587,0.229,Hurdle_zi,T0-T1,NPK,1,R0,-0.5012341883972119
Picris_hieracioides,-0.587,0.229,Hurdle_zi,T0-T1,NPK,1,Reactivity,5.739334580340471
Picris_hieracioides,-0.587,0.229,Hurdle_zi,T0-T1,NPK,1,T_generation,1.4151934417967624
Picris_hieracioides,-0.587,0.229,Hurdle_zi,T0-T1,NPK,1,age_repro,1.5430234695350933
Picris_hieracioides,-0.587,0.229,Hurdle_zi,T0-T1,NPK,1,percapita_repro,5.616771097666572
Pimpinella_saxifraga,-0.852,0.367,Hurdle_zi,T0-T1,NPK,1,FirstStepAtt,-0.5923077657542147
Pimpinella_saxifraga,-0.852,0.367,Hurdle_zi,T0-T1,NPK,1,Lambda,0.9547406316474248
Pimpinella_saxifraga,-0.852,0.367,Hurdle_zi,T0-T1,NPK,1,Lmax,3.2778313935718644
Pimpinella_saxifraga,-0.852,0.367,Hurdle_zi,T0-T1,NPK,1,Lmean,1.3985454207581605
Pimpinella_saxifraga,-0.852,0.367,Hurdle_zi,T0-T1,NPK,1,R0,-0.7090626241047243
Pimpinella_saxifraga,-0.852,0.367,Hurdle_zi,T0-T1,NPK,1,Reactivity,0.9233752615973371
Pimpinella_saxifraga,-0.852,0.367,Hurdle_zi,T0-T1,NPK,1,T_generation,2.7756138699245225
Pimpinella_saxifraga,-0.852,0.367,Hurdle_zi,T0-T1,NPK,1,age_repro,1.7819632124517442
Pimpinella_saxifraga,-0.852,0.367,Hurdle_zi,T0-T1,NPK,1,percapita_repro,-0.1635626778133
Plantago_coronopus,-0.834,0.302,Hurdle_zi,T0-T1,NPK,1,FirstStepAtt,-1.0607821044920802
Plantago_coronopus,-0.834,0.302,Hurdle_zi,T0-T1,NPK,1,Lambda,0.8883340096307588
Plantago_coronopus,-0.834,0.302,Hurdle_zi,T0-T1,NPK,1,Lmax,1.907994489728227
Plantago_coronopus,-0.834,0.302,Hurdle_zi,T0-T1,NPK,1,Lmean,0.5836315540514999
Plantago_coronopus,-0.834,0.302,Hurdle_zi,T0-T1,NPK,1,R0,-0.7679497099488539
Plantago_coronopus,-0.834,0.302,Hurdle_zi,T0-T1,NPK,1,Reactivity,1.2700917455756844
Plantago_coronopus,-0.834,0.302,Hurdle_zi,T0-T1,NPK,1,T_generation,1.4792349913940708
Plantago_coronopus,-0.834,0.302,Hurdle_zi,T0-T1,NPK,1,age_repro,0.7227032675127357
Plantago_coronopus,-0.834,0.302,Hurdle_zi,T0-T1,NPK,1,percapita_repro,-0.16078899600806454
Plantago_media,-1.143,0.342,Hurdle_zi,T0-T1,NPK,1,FirstStepAtt,-2.5216721506920545
Plantago_media,-1.143,0.342,Hurdle_zi,T0-T1,NPK,1,Lambda,0.9166479924897526
Plantago_media,-1.143,0.342,Hurdle_zi,T0-T1,NPK,1,Lmax,1.7178918965462198
Plantago_media,-1.143,0.342,Hurdle_zi,T0-T1,NPK,1,Lmean,0.240093455091011
Plantago_media,-1.143,0.342,Hurdle_zi,T0-T1,NPK,1,R0,-3.703632943874186
Plantago_media,-1.143,0.342,Hurdle_zi,T0-T1,NPK,1,Reactivity,0.9115891884505661
Plantago_media,-1.143,0.342,Hurdle_zi,T0-T1,NPK,1,T_generation,3.2830740541662764
Plantago_media,-1.143,0.342,Hurdle_zi,T0-T1,NPK,1,age_repro,2.050568331584061
Plantago_media,-1.143,0.342,Hurdle_zi,T0-T1,NPK,1,percapita_repro,0.21247852101489456
Potentilla_recta,-1.162,0.338,Hurdle_zi,T0-T1,NPK,1,FirstStepAtt,-1.2072466251783427
Potentilla_recta,-1.162,0.338,Hurdle_zi,T0-T1,NPK,1,Lambda,1.3233051390988662
Potentilla_recta,-1.162,0.338,Hurdle_zi,T0-T1,NPK,1,Lmax,2.8995463272302633
Potentilla_recta,-1.162,0.338,Hurdle_zi,T0-T1,NPK,1,Lmean,1.114174982541197
Potentilla_recta,-1.162,0.338,Hurdle_zi,T0-T1,NPK,1,R0,-Inf
Potentilla_recta,-1.162,0.338,Hurdle_zi,T0-T1,NPK,1,Reactivity,2.3355670141886495
Potentilla_recta,-1.162,0.338,Hurdle_zi,T0-T1,NPK,1,T_generation,1.1285664763465502
Potentilla_recta,-1.162,0.338,Hurdle_zi,T0-T1,NPK,1,age_repro,1.470241457035962
Potentilla_recta,-1.162,0.338,Hurdle_zi,T0-T1,NPK,1,percapita_repro,5.184136566294191
Primula_elatior,-1.215,0.547,Hurdle_zi,T0-T1,NPK,1,FirstStepAtt,-2.5752591198739894
Primula_elatior,-1.215,0.547,Hurdle_zi,T0-T1,NPK,1,Lambda,1.0243599289476764
Primula_elatior,-1.215,0.547,Hurdle_zi,T0-T1,NPK,1,Lmax,3.078214221499716
Primula_elatior,-1.215,0.547,Hurdle_zi,T0-T1,NPK,1,Lmean,0.9348686606054332
Primula_elatior,-1.215,0.547,Hurdle_zi,T0-T1,NPK,1,R0,-0.1983437887657272
Primula_elatior,-1.215,0.547,Hurdle_zi,T0-T1,NPK,1,Reactivity,1.2375774274497275
Primula_elatior,-1.215,0.547,Hurdle_zi,T0-T1,NPK,1,T_generation,2.774342942782747
Primula_elatior,-1.215,0.547,Hurdle_zi,T0-T1,NPK,1,age_repro,1.5965918444925693
Primula_elatior,-1.215,0.547,Hurdle_zi,T0-T1,NPK,1,percapita_repro,0.6906312588074858
Primula_veris,-1.326,0.423,Hurdle_zi,T0-T1,NPK,1,FirstStepAtt,-3.0996415326914413
Primula_veris,-1.326,0.423,Hurdle_zi,T0-T1,NPK,1,Lambda,0.9177166512186883
Primula_veris,-1.326,0.423,Hurdle_zi,T0-T1,NPK,1,Lmax,1.777554626801171
Primula_veris,-1.326,0.423,Hurdle_zi,T0-T1,NPK,1,Lmean,0.34573408996051475
Primula_veris,-1.326,0.423,Hurdle_zi,T0-T1,NPK,1,R0,-3.531205384831014
Primula_veris,-1.326,0.423,Hurdle_zi,T0-T1,NPK,1,Reactivity,1.8406103144604358
Primula_veris,-1.326,0.423,Hurdle_zi,T0-T1,NPK,1,T_generation,3.266151130174338
Primula_veris,-1.326,0.423,Hurdle_zi,T0-T1,NPK,1,age_repro,2.1007008996065113
Primula_veris,-1.326,0.423,Hurdle_zi,T0-T1,NPK,1,percapita_repro,1.3057574210790406
Ranunculus_acris,-1.227,0.187,Hurdle_zi,T0-T1,NPK,1,FirstStepAtt,-2.223673155588096
Ranunculus_acris,-1.227,0.187,Hurdle_zi,T0-T1,NPK,1,Lambda,1.1474253581153837
Ranunculus_acris,-1.227,0.187,Hurdle_zi,T0-T1,NPK,1,Lmax,1.791759469228055
Ranunculus_acris,-1.227,0.187,Hurdle_zi,T0-T1,NPK,1,Lmean,0.2694368352850546
Ranunculus_acris,-1.227,0.187,Hurdle_zi,T0-T1,NPK,1,R0,0.4291243489821683
Ranunculus_acris,-1.227,0.187,Hurdle_zi,T0-T1,NPK,1,Reactivity,1.8978523971700296
Ranunculus_acris,-1.227,0.187,Hurdle_zi,T0-T1,NPK,1,T_generation,1.3335494740785472
Ranunculus_acris,-1.227,0.187,Hurdle_zi,T0-T1,NPK,1,age_repro,1.1167312512505851
Ranunculus_acris,-1.227,0.187,Hurdle_zi,T0-T1,NPK,1,percapita_repro,1.9401794743463283
Salsola_kali,-1.33,0.408,Hurdle_zi,T0-T1,NPK,1,FirstStepAtt,-7.23761455341241
Salsola_kali,-1.33,0.408,Hurdle_zi,T0-T1,NPK,1,Lambda,0.589687496520467
Salsola_kali,-1.33,0.408,Hurdle_zi,T0-T1,NPK,1,Lmax,1.0986122886681098
Salsola_kali,-1.33,0.408,Hurdle_zi,T0-T1,NPK,1,Lmean,0.6329527878317025
Salsola_kali,-1.33,0.408,Hurdle_zi,T0-T1,NPK,1,R0,-3.1690448866467187
Salsola_kali,-1.33,0.408,Hurdle_zi,T0-T1,NPK,1,Reactivity,NA
Salsola_kali,-1.33,0.408,Hurdle_zi,T0-T1,NPK,1,T_generation,1.7917877371801434
Salsola_kali,-1.33,0.408,Hurdle_zi,T0-T1,NPK,1,age_repro,1.7917761374226397
Salsola_kali,-1.33,0.408,Hurdle_zi,T0-T1,NPK,1,percapita_repro,NA
Sphaeralcea_coccinea,-1.431,0.371,Hurdle_zi,T0-T1,NPK,1,FirstStepAtt,-0.021668930362796438
Sphaeralcea_coccinea,-1.431,0.371,Hurdle_zi,T0-T1,NPK,1,Lambda,0.9140916052986946
Sphaeralcea_coccinea,-1.431,0.371,Hurdle_zi,T0-T1,NPK,1,Lmax,1.1291966833851346
Sphaeralcea_coccinea,-1.431,0.371,Hurdle_zi,T0-T1,NPK,1,Lmean,0.18479959171993668
Sphaeralcea_coccinea,-1.431,0.371,Hurdle_zi,T0-T1,NPK,1,R0,-0.1631566065473073
Sphaeralcea_coccinea,-1.431,0.371,Hurdle_zi,T0-T1,NPK,1,Reactivity,0.06479482429602482
Sphaeralcea_coccinea,-1.431,0.371,Hurdle_zi,T0-T1,NPK,1,T_generation,0.24224692726379177
Sphaeralcea_coccinea,-1.431,0.371,Hurdle_zi,T0-T1,NPK,1,age_repro,0
Sphaeralcea_coccinea,-1.431,0.371,Hurdle_zi,T0-T1,NPK,1,percapita_repro,-0.347956198267244
Stenaria_nigricans,-0.528,0.33,Hurdle_zi,T0-T1,NPK,1,FirstStepAtt,-0.001506241946231945
Stenaria_nigricans,-0.528,0.33,Hurdle_zi,T0-T1,NPK,1,Lambda,0.9901413361648121
Stenaria_nigricans,-0.528,0.33,Hurdle_zi,T0-T1,NPK,1,Lmax,0.8841014310483891
Stenaria_nigricans,-0.528,0.33,Hurdle_zi,T0-T1,NPK,1,Lmean,0.1061701762787086
Stenaria_nigricans,-0.528,0.33,Hurdle_zi,T0-T1,NPK,1,R0,0.21085254589803137
Stenaria_nigricans,-0.528,0.33,Hurdle_zi,T0-T1,NPK,1,Reactivity,0.009202684809058356
Stenaria_nigricans,-0.528,0.33,Hurdle_zi,T0-T1,NPK,1,T_generation,0.10216634557653173
Stenaria_nigricans,-0.528,0.33,Hurdle_zi,T0-T1,NPK,1,age_repro,0
Stenaria_nigricans,-0.528,0.33,Hurdle_zi,T0-T1,NPK,1,percapita_repro,0.10468236961932272
Taraxacum_campylodes,-1.473,0.37,Hurdle_zi,T0-T1,NPK,1,FirstStepAtt,-2.3531148413315983
Taraxacum_campylodes,-1.473,0.37,Hurdle_zi,T0-T1,NPK,1,Lambda,0.08041791145870329
Taraxacum_campylodes,-1.473,0.37,Hurdle_zi,T0-T1,NPK,1,Lmax,0.5493061443340549
Taraxacum_campylodes,-1.473,0.37,Hurdle_zi,T0-T1,NPK,1,Lmean,0.06773896227809098
Taraxacum_campylodes,-1.473,0.37,Hurdle_zi,T0-T1,NPK,1,R0,-Inf
Taraxacum_campylodes,-1.473,0.37,Hurdle_zi,T0-T1,NPK,1,Reactivity,2.4046693226371185
Taraxacum_campylodes,-1.473,0.37,Hurdle_zi,T0-T1,NPK,1,T_generation,NA
Taraxacum_campylodes,-1.473,0.37,Hurdle_zi,T0-T1,NPK,1,age_repro,0
Taraxacum_campylodes,-1.473,0.37,Hurdle_zi,T0-T1,NPK,1,percapita_repro,-11.213549524439351
Thymus_vulgaris,-0.972,0.445,Hurdle_zi,T0-T1,NPK,1,FirstStepAtt,-0.005866973847378982
Thymus_vulgaris,-0.972,0.445,Hurdle_zi,T0-T1,NPK,1,Lambda,0.9926751959162854
Thymus_vulgaris,-0.972,0.445,Hurdle_zi,T0-T1,NPK,1,Lmax,5.964961904446033
Thymus_vulgaris,-0.972,0.445,Hurdle_zi,T0-T1,NPK,1,Lmean,4.459892288650257
Thymus_vulgaris,-0.972,0.445,Hurdle_zi,T0-T1,NPK,1,R0,-1.07189733945768
Thymus_vulgaris,-0.972,0.445,Hurdle_zi,T0-T1,NPK,1,Reactivity,0.010349758754626258
Thymus_vulgaris,-0.972,0.445,Hurdle_zi,T0-T1,NPK,1,T_generation,NA
Thymus_vulgaris,-0.972,0.445,Hurdle_zi,T0-T1,NPK,1,age_repro,NA
Thymus_vulgaris,-0.972,0.445,Hurdle_zi,T0-T1,NPK,1,percapita_repro,-5.143380039347928
Verbascum_thapsus,-0.755,0.372,Hurdle_zi,T0-T1,NPK,1,FirstStepAtt,-4.012613096092431
Verbascum_thapsus,-0.755,0.372,Hurdle_zi,T0-T1,NPK,1,Lambda,NA
Verbascum_thapsus,-0.755,0.372,Hurdle_zi,T0-T1,NPK,1,Lmax,0.6931471805599453
Verbascum_thapsus,-0.755,0.372,Hurdle_zi,T0-T1,NPK,1,Lmean,0.05129369438747054
Verbascum_thapsus,-0.755,0.372,Hurdle_zi,T0-T1,NPK,1,R0,3.381715911075376
Verbascum_thapsus,-0.755,0.372,Hurdle_zi,T0-T1,NPK,1,Reactivity,NA
Verbascum_thapsus,-0.755,0.372,Hurdle_zi,T0-T1,NPK,1,T_generation,0.7764348966557838
Verbascum_thapsus,-0.755,0.372,Hurdle_zi,T0-T1,NPK,1,age_repro,2.5523449856956373
Verbascum_thapsus,-0.755,0.372,Hurdle_zi,T0-T1,NPK,1,percapita_repro,NA
Veronica_arvensis,-1.624,0.249,Hurdle_zi,T0-T1,NPK,1,FirstStepAtt,-1.3609972168245543
Veronica_arvensis,-1.624,0.249,Hurdle_zi,T0-T1,NPK,1,Lambda,1.0575348190993947
Veronica_arvensis,-1.624,0.249,Hurdle_zi,T0-T1,NPK,1,Lmax,0.12924850454918937
Veronica_arvensis,-1.624,0.249,Hurdle_zi,T0-T1,NPK,1,Lmean,0.05244694819316372
Veronica_arvensis,-1.624,0.249,Hurdle_zi,T0-T1,NPK,1,R0,-0.014999404757933873
Veronica_arvensis,-1.624,0.249,Hurdle_zi,T0-T1,NPK,1,Reactivity,1.7913324339405632
Veronica_arvensis,-1.624,0.249,Hurdle_zi,T0-T1,NPK,1,T_generation,0.4178504962611216
Veronica_arvensis,-1.624,0.249,Hurdle_zi,T0-T1,NPK,1,age_repro,0.8907769885320955
Veronica_arvensis,-1.624,0.249,Hurdle_zi,T0-T1,NPK,1,percapita_repro,1.8152156216155975
Agrimonia_eupatoria,-2.734,0.285,Ordbeta,T0-T1,NPK,1,FirstStepAtt,-0.40426778811109665
Agrimonia_eupatoria,-2.734,0.285,Ordbeta,T0-T1,NPK,1,Lambda,0.99064442494128635
Agrimonia_eupatoria,-2.734,0.285,Ordbeta,T0-T1,NPK,1,Lmax,4.5330412476880015
Agrimonia_eupatoria,-2.734,0.285,Ordbeta,T0-T1,NPK,1,Lmean,2.276623485281897
Agrimonia_eupatoria,-2.734,0.285,Ordbeta,T0-T1,NPK,1,R0,-0.3812702083300579
Agrimonia_eupatoria,-2.734,0.285,Ordbeta,T0-T1,NPK,1,Reactivity,0.19207496843703886
Agrimonia_eupatoria,-2.734,0.285,Ordbeta,T0-T1,NPK,1,T_generation,3.6207086258222287
Agrimonia_eupatoria,-2.734,0.285,Ordbeta,T0-T1,NPK,1,age_repro,2.087394345070076
Agrimonia_eupatoria,-2.734,0.285,Ordbeta,T0-T1,NPK,1,percapita_repro,-1.5661843426366495
Allium_vineale,-3.221,0.414,Ordbeta,T0-T1,NPK,1,FirstStepAtt,-2.036030904211625
Allium_vineale,-3.221,0.414,Ordbeta,T0-T1,NPK,1,Lambda,1.170906773884173
Allium_vineale,-3.221,0.414,Ordbeta,T0-T1,NPK,1,Lmax,1.0986122886681098
Allium_vineale,-3.221,0.414,Ordbeta,T0-T1,NPK,1,Lmean,0.16647352389668973
Allium_vineale,-3.221,0.414,Ordbeta,T0-T1,NPK,1,R0,0.3408368280021561
Allium_vineale,-3.221,0.414,Ordbeta,T0-T1,NPK,1,Reactivity,2.1940830508207325
Allium_vineale,-3.221,0.414,Ordbeta,T0-T1,NPK,1,T_generation,0.7635325690826141
Allium_vineale,-3.221,0.414,Ordbeta,T0-T1,NPK,1,age_repro,1.2000990079409088
Allium_vineale,-3.221,0.414,Ordbeta,T0-T1,NPK,1,percapita_repro,2.3368650630604555
Andropogon_gerardii,-1.617,0.286,Ordbeta,T0-T1,NPK,1,FirstStepAtt,-1.1908608264270113
Andropogon_gerardii,-1.617,0.286,Ordbeta,T0-T1,NPK,1,Lambda,1.50587325216984
Andropogon_gerardii,-1.617,0.286,Ordbeta,T0-T1,NPK,1,Lmax,1.764891121214301
Andropogon_gerardii,-1.617,0.286,Ordbeta,T0-T1,NPK,1,Lmean,0.6723210807858808
Andropogon_gerardii,-1.617,0.286,Ordbeta,T0-T1,NPK,1,R0,0.8354773555720532
Andropogon_gerardii,-1.617,0.286,Ordbeta,T0-T1,NPK,1,Reactivity,1.7926841280473305
Andropogon_gerardii,-1.617,0.286,Ordbeta,T0-T1,NPK,1,T_generation,0.7395193223181741
Andropogon_gerardii,-1.617,0.286,Ordbeta,T0-T1,NPK,1,age_repro,0.7862530575220442
Andropogon_gerardii,-1.617,0.286,Ordbeta,T0-T1,NPK,1,percapita_repro,2.0924307697315556
Arenaria_serpyllifolia,-2.928,0.326,Ordbeta,T0-T1,NPK,1,FirstStepAtt,-2.2176497264357233
Arenaria_serpyllifolia,-2.928,0.326,Ordbeta,T0-T1,NPK,1,Lambda,0.860684361881849
Arenaria_serpyllifolia,-2.928,0.326,Ordbeta,T0-T1,NPK,1,Lmax,0
Arenaria_serpyllifolia,-2.928,0.326,Ordbeta,T0-T1,NPK,1,Lmean,0
Arenaria_serpyllifolia,-2.928,0.326,Ordbeta,T0-T1,NPK,1,R0,0.13128547046852534
Arenaria_serpyllifolia,-2.928,0.326,Ordbeta,T0-T1,NPK,1,Reactivity,2.5929750386335604
Arenaria_serpyllifolia,-2.928,0.326,Ordbeta,T0-T1,NPK,1,T_generation,0.16988583066600282
Arenaria_serpyllifolia,-2.928,0.326,Ordbeta,T0-T1,NPK,1,age_repro,0.8303384136066279
Arenaria_serpyllifolia,-2.928,0.326,Ordbeta,T0-T1,NPK,1,percapita_repro,2.639396025140823
Armeria_maritima,-2.974,0.357,Ordbeta,T0-T1,NPK,1,FirstStepAtt,-2.2414258727445255
Armeria_maritima,-2.974,0.357,Ordbeta,T0-T1,NPK,1,Lambda,1.458043853064239
Armeria_maritima,-2.974,0.357,Ordbeta,T0-T1,NPK,1,Lmax,2.995732273553991
Armeria_maritima,-2.974,0.357,Ordbeta,T0-T1,NPK,1,Lmean,0.6122577291406874
Armeria_maritima,-2.974,0.357,Ordbeta,T0-T1,NPK,1,R0,4.445083646052526
Armeria_maritima,-2.974,0.357,Ordbeta,T0-T1,NPK,1,Reactivity,5.495776723555247
Armeria_maritima,-2.974,0.357,Ordbeta,T0-T1,NPK,1,T_generation,2.099604255961898
Armeria_maritima,-2.974,0.357,Ordbeta,T0-T1,NPK,1,age_repro,1.5255005163472148
Armeria_maritima,-2.974,0.357,Ordbeta,T0-T1,NPK,1,percapita_repro,3.617282020171661
Centaurea_jacea,-2.641,0.265,Ordbeta,T0-T1,NPK,1,FirstStepAtt,-0.6368104471974831
Centaurea_jacea,-2.641,0.265,Ordbeta,T0-T1,NPK,1,Lambda,0.9157150879324936
Centaurea_jacea,-2.641,0.265,Ordbeta,T0-T1,NPK,1,Lmax,2.4003251984703664
Centaurea_jacea,-2.641,0.265,Ordbeta,T0-T1,NPK,1,Lmean,1.3722715793325009
Centaurea_jacea,-2.641,0.265,Ordbeta,T0-T1,NPK,1,R0,-3.4842742317189583
Centaurea_jacea,-2.641,0.265,Ordbeta,T0-T1,NPK,1,Reactivity,0.41685764138114395
Centaurea_jacea,-2.641,0.265,Ordbeta,T0-T1,NPK,1,T_generation,2.978872381362829
Centaurea_jacea,-2.641,0.265,Ordbeta,T0-T1,NPK,1,age_repro,1.6363011514297372
Centaurea_jacea,-2.641,0.265,Ordbeta,T0-T1,NPK,1,percapita_repro,-1.7828083742933423
Cerastium_fontanum,-2.976,0.173,Ordbeta,T0-T1,NPK,1,FirstStepAtt,-2.696031853083466
Cerastium_fontanum,-2.976,0.173,Ordbeta,T0-T1,NPK,1,Lambda,NA
Cerastium_fontanum,-2.976,0.173,Ordbeta,T0-T1,NPK,1,Lmax,0
Cerastium_fontanum,-2.976,0.173,Ordbeta,T0-T1,NPK,1,Lmean,0
Cerastium_fontanum,-2.976,0.173,Ordbeta,T0-T1,NPK,1,R0,1.5184623246973081
Cerastium_fontanum,-2.976,0.173,Ordbeta,T0-T1,NPK,1,Reactivity,3.027270925563423
Cerastium_fontanum,-2.976,0.173,Ordbeta,T0-T1,NPK,1,T_generation,0.005048904923272251
Cerastium_fontanum,-2.976,0.173,Ordbeta,T0-T1,NPK,1,age_repro,0.8873031950009029
Cerastium_fontanum,-2.976,0.173,Ordbeta,T0-T1,NPK,1,percapita_repro,4.522657764413627
Cirsium_arvense,-2.402,0.176,Ordbeta,T0-T1,NPK,1,FirstStepAtt,-3.3290015249469986
Cirsium_arvense,-2.402,0.176,Ordbeta,T0-T1,NPK,1,Lambda,NA
Cirsium_arvense,-2.402,0.176,Ordbeta,T0-T1,NPK,1,Lmax,1.0986122886681098
Cirsium_arvense,-2.402,0.176,Ordbeta,T0-T1,NPK,1,Lmean,0.1699960817758222
Cirsium_arvense,-2.402,0.176,Ordbeta,T0-T1,NPK,1,R0,3.228914980534981
Cirsium_arvense,-2.402,0.176,Ordbeta,T0-T1,NPK,1,Reactivity,4.0664130997692896
Cirsium_arvense,-2.402,0.176,Ordbeta,T0-T1,NPK,1,T_generation,0.7703612247372394
Cirsium_arvense,-2.402,0.176,Ordbeta,T0-T1,NPK,1,age_repro,1.162546762671639
Cirsium_arvense,-2.402,0.176,Ordbeta,T0-T1,NPK,1,percapita_repro,5.427985054670073
Cirsium_palustre,-2.942,0.445,Ordbeta,T0-T1,NPK,1,FirstStepAtt,-2.5937654771378247
Cirsium_palustre,-2.942,0.445,Ordbeta,T0-T1,NPK,1,Lambda,1.4428002172428838
Cirsium_palustre,-2.942,0.445,Ordbeta,T0-T1,NPK,1,Lmax,1.5273118956910914
Cirsium_palustre,-2.942,0.445,Ordbeta,T0-T1,NPK,1,Lmean,0.20135107219302092
Cirsium_palustre,-2.942,0.445,Ordbeta,T0-T1,NPK,1,R0,1.2807231364002392
Cirsium_palustre,-2.942,0.445,Ordbeta,T0-T1,NPK,1,Reactivity,4.898747288058175
Cirsium_palustre,-2.942,0.445,Ordbeta,T0-T1,NPK,1,T_generation,1.2255759905166659
Cirsium_palustre,-2.942,0.445,Ordbeta,T0-T1,NPK,1,age_repro,1.534647496889771
Cirsium_palustre,-2.942,0.445,Ordbeta,T0-T1,NPK,1,percapita_repro,4.957313127808717
Cirsium_vulgare,-2.978,0.414,Ordbeta,T0-T1,NPK,1,FirstStepAtt,-3.1910655226282234
Cirsium_vulgare,-2.978,0.414,Ordbeta,T0-T1,NPK,1,Lambda,0.7844344795818798
Cirsium_vulgare,-2.978,0.414,Ordbeta,T0-T1,NPK,1,Lmax,1.507973248367974
Cirsium_vulgare,-2.978,0.414,Ordbeta,T0-T1,NPK,1,Lmean,0.3479988332516422
Cirsium_vulgare,-2.978,0.414,Ordbeta,T0-T1,NPK,1,R0,-1.420279247517773
Cirsium_vulgare,-2.978,0.414,Ordbeta,T0-T1,NPK,1,Reactivity,2.641485998869525
Cirsium_vulgare,-2.978,0.414,Ordbeta,T0-T1,NPK,1,T_generation,1.4828783988333107
Cirsium_vulgare,-2.978,0.414,Ordbeta,T0-T1,NPK,1,age_repro,0.9323966804077027
Cirsium_vulgare,-2.978,0.414,Ordbeta,T0-T1,NPK,1,percapita_repro,1.89963041219607
Daucus_carota,-2.797,0.23,Ordbeta,T0-T1,NPK,1,FirstStepAtt,-4.040610337013186
Daucus_carota,-2.797,0.23,Ordbeta,T0-T1,NPK,1,Lambda,1.7161044748521754
Daucus_carota,-2.797,0.23,Ordbeta,T0-T1,NPK,1,Lmax,1.0986122886681098
Daucus_carota,-2.797,0.23,Ordbeta,T0-T1,NPK,1,Lmean,0.31834252276646996
Daucus_carota,-2.797,0.23,Ordbeta,T0-T1,NPK,1,R0,1.8196701629274532
Daucus_carota,-2.797,0.23,Ordbeta,T0-T1,NPK,1,Reactivity,NA
Daucus_carota,-2.797,0.23,Ordbeta,T0-T1,NPK,1,T_generation,1.189773196967312
Daucus_carota,-2.797,0.23,Ordbeta,T0-T1,NPK,1,age_repro,1.431272611901774
Daucus_carota,-2.797,0.23,Ordbeta,T0-T1,NPK,1,percapita_repro,NA
Echium_vulgare,-2.866,0.371,Ordbeta,T0-T1,NPK,1,FirstStepAtt,-1.4808281568478858
Echium_vulgare,-2.866,0.371,Ordbeta,T0-T1,NPK,1,Lambda,1.54759800300862
Echium_vulgare,-2.866,0.371,Ordbeta,T0-T1,NPK,1,Lmax,1.3862943611198906
Echium_vulgare,-2.866,0.371,Ordbeta,T0-T1,NPK,1,Lmean,0.5010758488001458
Echium_vulgare,-2.866,0.371,Ordbeta,T0-T1,NPK,1,R0,1.6034012709220467
Echium_vulgare,-2.866,0.371,Ordbeta,T0-T1,NPK,1,Reactivity,3.2663741200499037
Echium_vulgare,-2.866,0.371,Ordbeta,T0-T1,NPK,1,T_generation,1.287139504575711
Echium_vulgare,-2.866,0.371,Ordbeta,T0-T1,NPK,1,age_repro,1.3132909952863716
Echium_vulgare,-2.866,0.371,Ordbeta,T0-T1,NPK,1,percapita_repro,3.7030781735137492
Elymus_repens,-2.404,0.179,Ordbeta,T0-T1,NPK,1,FirstStepAtt,-19.608981934788076
Elymus_repens,-2.404,0.179,Ordbeta,T0-T1,NPK,1,Lambda,NA
Elymus_repens,-2.404,0.179,Ordbeta,T0-T1,NPK,1,Lmax,0.6931471805599453
Elymus_repens,-2.404,0.179,Ordbeta,T0-T1,NPK,1,Lmean,0.34830572665687204
Elymus_repens,-2.404,0.179,Ordbeta,T0-T1,NPK,1,R0,4.306802628082906
Elymus_repens,-2.404,0.179,Ordbeta,T0-T1,NPK,1,Reactivity,NA
Elymus_repens,-2.404,0.179,Ordbeta,T0-T1,NPK,1,T_generation,0.00771453240913415
Elymus_repens,-2.404,0.179,Ordbeta,T0-T1,NPK,1,age_repro,0
Elymus_repens,-2.404,0.179,Ordbeta,T0-T1,NPK,1,percapita_repro,-5.74205469871386
Erigeron_canadensis,-3.096,0.287,Ordbeta,T0-T1,NPK,1,FirstStepAtt,-2.9940372183428647
Erigeron_canadensis,-3.096,0.287,Ordbeta,T0-T1,NPK,1,Lambda,NA
Erigeron_canadensis,-3.096,0.287,Ordbeta,T0-T1,NPK,1,Lmax,0
Erigeron_canadensis,-3.096,0.287,Ordbeta,T0-T1,NPK,1,Lmean,0
Erigeron_canadensis,-3.096,0.287,Ordbeta,T0-T1,NPK,1,R0,2.750423016465953
Erigeron_canadensis,-3.096,0.287,Ordbeta,T0-T1,NPK,1,Reactivity,3.7256901124743216
Erigeron_canadensis,-3.096,0.287,Ordbeta,T0-T1,NPK,1,T_generation,0.1300250884192771
Erigeron_canadensis,-3.096,0.287,Ordbeta,T0-T1,NPK,1,age_repro,0.9159908368351705
Erigeron_canadensis,-3.096,0.287,Ordbeta,T0-T1,NPK,1,percapita_repro,5.684089841310465
Knautia_arvensis,-2.307,0.352,Ordbeta,T0-T1,NPK,1,FirstStepAtt,-2.956373754274904
Knautia_arvensis,-2.307,0.352,Ordbeta,T0-T1,NPK,1,Lambda,0.30764990872892994
Knautia_arvensis,-2.307,0.352,Ordbeta,T0-T1,NPK,1,Lmax,0.6931471805599453
Knautia_arvensis,-2.307,0.352,Ordbeta,T0-T1,NPK,1,Lmean,0.022139719151234638
Knautia_arvensis,-2.307,0.352,Ordbeta,T0-T1,NPK,1,R0,-9.95071325619903
Knautia_arvensis,-2.307,0.352,Ordbeta,T0-T1,NPK,1,Reactivity,0.35097071858090473
Knautia_arvensis,-2.307,0.352,Ordbeta,T0-T1,NPK,1,T_generation,NA
Knautia_arvensis,-2.307,0.352,Ordbeta,T0-T1,NPK,1,age_repro,0.9322894183877876
Knautia_arvensis,-2.307,0.352,Ordbeta,T0-T1,NPK,1,percapita_repro,-4.367646677748796
Lactuca_serriola,-3.177,0.433,Ordbeta,T0-T1,NPK,1,FirstStepAtt,-2.5276283678174485
Lactuca_serriola,-3.177,0.433,Ordbeta,T0-T1,NPK,1,Lambda,NA
Lactuca_serriola,-3.177,0.433,Ordbeta,T0-T1,NPK,1,Lmax,0
Lactuca_serriola,-3.177,0.433,Ordbeta,T0-T1,NPK,1,Lmean,0
Lactuca_serriola,-3.177,0.433,Ordbeta,T0-T1,NPK,1,R0,2.961708269076509
Lactuca_serriola,-3.177,0.433,Ordbeta,T0-T1,NPK,1,Reactivity,5.096932718325193
Lactuca_serriola,-3.177,0.433,Ordbeta,T0-T1,NPK,1,T_generation,0.08738433516364566
Lactuca_serriola,-3.177,0.433,Ordbeta,T0-T1,NPK,1,age_repro,1.2839753424841123
Lactuca_serriola,-3.177,0.433,Ordbeta,T0-T1,NPK,1,percapita_repro,7.147653680580111
Linum_catharticum,-3.407,0.348,Ordbeta,T0-T1,NPK,1,FirstStepAtt,-3.1953085121694222
Linum_catharticum,-3.407,0.348,Ordbeta,T0-T1,NPK,1,Lambda,NA
Linum_catharticum,-3.407,0.348,Ordbeta,T0-T1,NPK,1,Lmax,2.0794415416798357
Linum_catharticum,-3.407,0.348,Ordbeta,T0-T1,NPK,1,Lmean,0.7715798705141755
Linum_catharticum,-3.407,0.348,Ordbeta,T0-T1,NPK,1,R0,1.7942778474769048
Linum_catharticum,-3.407,0.348,Ordbeta,T0-T1,NPK,1,Reactivity,3.8165083573910685
Linum_catharticum,-3.407,0.348,Ordbeta,T0-T1,NPK,1,T_generation,0.30079171330480015
Linum_catharticum,-3.407,0.348,Ordbeta,T0-T1,NPK,1,age_repro,0.7034715243015948
Linum_catharticum,-3.407,0.348,Ordbeta,T0-T1,NPK,1,percapita_repro,3.0328521355315146
Picris_hieracioides,-2.2,0.223,Ordbeta,T0-T1,NPK,1,FirstStepAtt,-4.012603074068456
Picris_hieracioides,-2.2,0.223,Ordbeta,T0-T1,NPK,1,Lambda,0.8846497432296893
Picris_hieracioides,-2.2,0.223,Ordbeta,T0-T1,NPK,1,Lmax,0.6931471805599453
Picris_hieracioides,-2.2,0.223,Ordbeta,T0-T1,NPK,1,Lmean,0.025497751793431413
Picris_hieracioides,-2.2,0.223,Ordbeta,T0-T1,NPK,1,R0,-0.5012341883972119
Picris_hieracioides,-2.2,0.223,Ordbeta,T0-T1,NPK,1,Reactivity,5.739334580340471
Picris_hieracioides,-2.2,0.223,Ordbeta,T0-T1,NPK,1,T_generation,1.4151934417967624
Picris_hieracioides,-2.2,0.223,Ordbeta,T0-T1,NPK,1,age_repro,1.5430234695350933
Picris_hieracioides,-2.2,0.223,Ordbeta,T0-T1,NPK,1,percapita_repro,5.616771097666572
Pimpinella_saxifraga,-2.462,0.358,Ordbeta,T0-T1,NPK,1,FirstStepAtt,-0.5923077657542147
Pimpinella_saxifraga,-2.462,0.358,Ordbeta,T0-T1,NPK,1,Lambda,0.9547406316474248
Pimpinella_saxifraga,-2.462,0.358,Ordbeta,T0-T1,NPK,1,Lmax,3.2778313935718644
Pimpinella_saxifraga,-2.462,0.358,Ordbeta,T0-T1,NPK,1,Lmean,1.3985454207581605
Pimpinella_saxifraga,-2.462,0.358,Ordbeta,T0-T1,NPK,1,R0,-0.7090626241047243
Pimpinella_saxifraga,-2.462,0.358,Ordbeta,T0-T1,NPK,1,Reactivity,0.9233752615973371
Pimpinella_saxifraga,-2.462,0.358,Ordbeta,T0-T1,NPK,1,T_generation,2.7756138699245225
Pimpinella_saxifraga,-2.462,0.358,Ordbeta,T0-T1,NPK,1,age_repro,1.7819632124517442
Pimpinella_saxifraga,-2.462,0.358,Ordbeta,T0-T1,NPK,1,percapita_repro,-0.1635626778133
Plantago_coronopus,-2.461,0.294,Ordbeta,T0-T1,NPK,1,FirstStepAtt,-1.0607821044920802
Plantago_coronopus,-2.461,0.294,Ordbeta,T0-T1,NPK,1,Lambda,0.8883340096307588
Plantago_coronopus,-2.461,0.294,Ordbeta,T0-T1,NPK,1,Lmax,1.907994489728227
Plantago_coronopus,-2.461,0.294,Ordbeta,T0-T1,NPK,1,Lmean,0.5836315540514999
Plantago_coronopus,-2.461,0.294,Ordbeta,T0-T1,NPK,1,R0,-0.7679497099488539
Plantago_coronopus,-2.461,0.294,Ordbeta,T0-T1,NPK,1,Reactivity,1.2700917455756844
Plantago_coronopus,-2.461,0.294,Ordbeta,T0-T1,NPK,1,T_generation,1.4792349913940708
Plantago_coronopus,-2.461,0.294,Ordbeta,T0-T1,NPK,1,age_repro,0.7227032675127357
Plantago_coronopus,-2.461,0.294,Ordbeta,T0-T1,NPK,1,percapita_repro,-0.16078899600806454
Plantago_media,-2.792,0.332,Ordbeta,T0-T1,NPK,1,FirstStepAtt,-2.5216721506920545
Plantago_media,-2.792,0.332,Ordbeta,T0-T1,NPK,1,Lambda,0.9166479924897526
Plantago_media,-2.792,0.332,Ordbeta,T0-T1,NPK,1,Lmax,1.7178918965462198
Plantago_media,-2.792,0.332,Ordbeta,T0-T1,NPK,1,Lmean,0.240093455091011
Plantago_media,-2.792,0.332,Ordbeta,T0-T1,NPK,1,R0,-3.703632943874186
Plantago_media,-2.792,0.332,Ordbeta,T0-T1,NPK,1,Reactivity,0.9115891884505661
Plantago_media,-2.792,0.332,Ordbeta,T0-T1,NPK,1,T_generation,3.2830740541662764
Plantago_media,-2.792,0.332,Ordbeta,T0-T1,NPK,1,age_repro,2.050568331584061
Plantago_media,-2.792,0.332,Ordbeta,T0-T1,NPK,1,percapita_repro,0.21247852101489456
Potentilla_recta,-2.775,0.326,Ordbeta,T0-T1,NPK,1,FirstStepAtt,-1.2072466251783427
Potentilla_recta,-2.775,0.326,Ordbeta,T0-T1,NPK,1,Lambda,1.3233051390988662
Potentilla_recta,-2.775,0.326,Ordbeta,T0-T1,NPK,1,Lmax,2.8995463272302633
Potentilla_recta,-2.775,0.326,Ordbeta,T0-T1,NPK,1,Lmean,1.114174982541197
Potentilla_recta,-2.775,0.326,Ordbeta,T0-T1,NPK,1,R0,-Inf
Potentilla_recta,-2.775,0.326,Ordbeta,T0-T1,NPK,1,Reactivity,2.3355670141886495
Potentilla_recta,-2.775,0.326,Ordbeta,T0-T1,NPK,1,T_generation,1.1285664763465502
Potentilla_recta,-2.775,0.326,Ordbeta,T0-T1,NPK,1,age_repro,1.470241457035962
Potentilla_recta,-2.775,0.326,Ordbeta,T0-T1,NPK,1,percapita_repro,5.184136566294191
Primula_elatior,-2.818,0.536,Ordbeta,T0-T1,NPK,1,FirstStepAtt,-2.5752591198739894
Primula_elatior,-2.818,0.536,Ordbeta,T0-T1,NPK,1,Lambda,1.0243599289476764
Primula_elatior,-2.818,0.536,Ordbeta,T0-T1,NPK,1,Lmax,3.078214221499716
Primula_elatior,-2.818,0.536,Ordbeta,T0-T1,NPK,1,Lmean,0.9348686606054332
Primula_elatior,-2.818,0.536,Ordbeta,T0-T1,NPK,1,R0,-0.1983437887657272
Primula_elatior,-2.818,0.536,Ordbeta,T0-T1,NPK,1,Reactivity,1.2375774274497275
Primula_elatior,-2.818,0.536,Ordbeta,T0-T1,NPK,1,T_generation,2.774342942782747
Primula_elatior,-2.818,0.536,Ordbeta,T0-T1,NPK,1,age_repro,1.5965918444925693
Primula_elatior,-2.818,0.536,Ordbeta,T0-T1,NPK,1,percapita_repro,0.6906312588074858
Primula_veris,-3.032,0.41,Ordbeta,T0-T1,NPK,1,FirstStepAtt,-3.0996415326914413
Primula_veris,-3.032,0.41,Ordbeta,T0-T1,NPK,1,Lambda,0.9177166512186883
Primula_veris,-3.032,0.41,Ordbeta,T0-T1,NPK,1,Lmax,1.777554626801171
Primula_veris,-3.032,0.41,Ordbeta,T0-T1,NPK,1,Lmean,0.34573408996051475
Primula_veris,-3.032,0.41,Ordbeta,T0-T1,NPK,1,R0,-3.531205384831014
Primula_veris,-3.032,0.41,Ordbeta,T0-T1,NPK,1,Reactivity,1.8406103144604358
Primula_veris,-3.032,0.41,Ordbeta,T0-T1,NPK,1,T_generation,3.266151130174338
Primula_veris,-3.032,0.41,Ordbeta,T0-T1,NPK,1,age_repro,2.1007008996065113
Primula_veris,-3.032,0.41,Ordbeta,T0-T1,NPK,1,percapita_repro,1.3057574210790406
Ranunculus_acris,-2.838,0.178,Ordbeta,T0-T1,NPK,1,FirstStepAtt,-2.223673155588096
Ranunculus_acris,-2.838,0.178,Ordbeta,T0-T1,NPK,1,Lambda,1.1474253581153837
Ranunculus_acris,-2.838,0.178,Ordbeta,T0-T1,NPK,1,Lmax,1.791759469228055
Ranunculus_acris,-2.838,0.178,Ordbeta,T0-T1,NPK,1,Lmean,0.2694368352850546
Ranunculus_acris,-2.838,0.178,Ordbeta,T0-T1,NPK,1,R0,0.4291243489821683
Ranunculus_acris,-2.838,0.178,Ordbeta,T0-T1,NPK,1,Reactivity,1.8978523971700296
Ranunculus_acris,-2.838,0.178,Ordbeta,T0-T1,NPK,1,T_generation,1.3335494740785472
Ranunculus_acris,-2.838,0.178,Ordbeta,T0-T1,NPK,1,age_repro,1.1167312512505851
Ranunculus_acris,-2.838,0.178,Ordbeta,T0-T1,NPK,1,percapita_repro,1.9401794743463283
Salsola_kali,-3.173,0.403,Ordbeta,T0-T1,NPK,1,FirstStepAtt,-7.23761455341241
Salsola_kali,-3.173,0.403,Ordbeta,T0-T1,NPK,1,Lambda,0.589687496520467
Salsola_kali,-3.173,0.403,Ordbeta,T0-T1,NPK,1,Lmax,1.0986122886681098
Salsola_kali,-3.173,0.403,Ordbeta,T0-T1,NPK,1,Lmean,0.6329527878317025
Salsola_kali,-3.173,0.403,Ordbeta,T0-T1,NPK,1,R0,-3.1690448866467187
Salsola_kali,-3.173,0.403,Ordbeta,T0-T1,NPK,1,Reactivity,NA
Salsola_kali,-3.173,0.403,Ordbeta,T0-T1,NPK,1,T_generation,1.7917877371801434
Salsola_kali,-3.173,0.403,Ordbeta,T0-T1,NPK,1,age_repro,1.7917761374226397
Salsola_kali,-3.173,0.403,Ordbeta,T0-T1,NPK,1,percapita_repro,NA
Sphaeralcea_coccinea,-2.94,0.353,Ordbeta,T0-T1,NPK,1,FirstStepAtt,-0.021668930362796438
Sphaeralcea_coccinea,-2.94,0.353,Ordbeta,T0-T1,NPK,1,Lambda,0.9140916052986946
Sphaeralcea_coccinea,-2.94,0.353,Ordbeta,T0-T1,NPK,1,Lmax,1.1291966833851346
Sphaeralcea_coccinea,-2.94,0.353,Ordbeta,T0-T1,NPK,1,Lmean,0.18479959171993668
Sphaeralcea_coccinea,-2.94,0.353,Ordbeta,T0-T1,NPK,1,R0,-0.1631566065473073
Sphaeralcea_coccinea,-2.94,0.353,Ordbeta,T0-T1,NPK,1,Reactivity,0.06479482429602482
Sphaeralcea_coccinea,-2.94,0.353,Ordbeta,T0-T1,NPK,1,T_generation,0.24224692726379177
Sphaeralcea_coccinea,-2.94,0.353,Ordbeta,T0-T1,NPK,1,age_repro,0
Sphaeralcea_coccinea,-2.94,0.353,Ordbeta,T0-T1,NPK,1,percapita_repro,-0.347956198267244
Stenaria_nigricans,-2.219,0.327,Ordbeta,T0-T1,NPK,1,FirstStepAtt,-0.001506241946231945
Stenaria_nigricans,-2.219,0.327,Ordbeta,T0-T1,NPK,1,Lambda,0.9901413361648121
Stenaria_nigricans,-2.219,0.327,Ordbeta,T0-T1,NPK,1,Lmax,0.8841014310483891
Stenaria_nigricans,-2.219,0.327,Ordbeta,T0-T1,NPK,1,Lmean,0.1061701762787086
Stenaria_nigricans,-2.219,0.327,Ordbeta,T0-T1,NPK,1,R0,0.21085254589803137
Stenaria_nigricans,-2.219,0.327,Ordbeta,T0-T1,NPK,1,Reactivity,0.009202684809058356
Stenaria_nigricans,-2.219,0.327,Ordbeta,T0-T1,NPK,1,T_generation,0.10216634557653173
Stenaria_nigricans,-2.219,0.327,Ordbeta,T0-T1,NPK,1,age_repro,0
Stenaria_nigricans,-2.219,0.327,Ordbeta,T0-T1,NPK,1,percapita_repro,0.10468236961932272
Taraxacum_campylodes,-3.209,0.357,Ordbeta,T0-T1,NPK,1,FirstStepAtt,-2.3531148413315983
Taraxacum_campylodes,-3.209,0.357,Ordbeta,T0-T1,NPK,1,Lambda,0.08041791145870329
Taraxacum_campylodes,-3.209,0.357,Ordbeta,T0-T1,NPK,1,Lmax,0.5493061443340549
Taraxacum_campylodes,-3.209,0.357,Ordbeta,T0-T1,NPK,1,Lmean,0.06773896227809098
Taraxacum_campylodes,-3.209,0.357,Ordbeta,T0-T1,NPK,1,R0,-Inf
Taraxacum_campylodes,-3.209,0.357,Ordbeta,T0-T1,NPK,1,Reactivity,2.4046693226371185
Taraxacum_campylodes,-3.209,0.357,Ordbeta,T0-T1,NPK,1,T_generation,NA
Taraxacum_campylodes,-3.209,0.357,Ordbeta,T0-T1,NPK,1,age_repro,0
Taraxacum_campylodes,-3.209,0.357,Ordbeta,T0-T1,NPK,1,percapita_repro,-11.213549524439351
Thymus_vulgaris,-2.541,0.429,Ordbeta,T0-T1,NPK,1,FirstStepAtt,-0.005866973847378982
Thymus_vulgaris,-2.541,0.429,Ordbeta,T0-T1,NPK,1,Lambda,0.9926751959162854
Thymus_vulgaris,-2.541,0.429,Ordbeta,T0-T1,NPK,1,Lmax,5.964961904446033
Thymus_vulgaris,-2.541,0.429,Ordbeta,T0-T1,NPK,1,Lmean,4.459892288650257
Thymus_vulgaris,-2.541,0.429,Ordbeta,T0-T1,NPK,1,R0,-1.07189733945768
Thymus_vulgaris,-2.541,0.429,Ordbeta,T0-T1,NPK,1,Reactivity,0.010349758754626258
Thymus_vulgaris,-2.541,0.429,Ordbeta,T0-T1,NPK,1,T_generation,NA
Thymus_vulgaris,-2.541,0.429,Ordbeta,T0-T1,NPK,1,age_repro,NA
Thymus_vulgaris,-2.541,0.429,Ordbeta,T0-T1,NPK,1,percapita_repro,-5.143380039347928
Verbascum_thapsus,-2.727,0.396,Ordbeta,T0-T1,NPK,1,FirstStepAtt,-4.012613096092431
Verbascum_thapsus,-2.727,0.396,Ordbeta,T0-T1,NPK,1,Lambda,NA
Verbascum_thapsus,-2.727,0.396,Ordbeta,T0-T1,NPK,1,Lmax,0.6931471805599453
Verbascum_thapsus,-2.727,0.396,Ordbeta,T0-T1,NPK,1,Lmean,0.05129369438747054
Verbascum_thapsus,-2.727,0.396,Ordbeta,T0-T1,NPK,1,R0,3.381715911075376
Verbascum_thapsus,-2.727,0.396,Ordbeta,T0-T1,NPK,1,Reactivity,NA
Verbascum_thapsus,-2.727,0.396,Ordbeta,T0-T1,NPK,1,T_generation,0.7764348966557838
Verbascum_thapsus,-2.727,0.396,Ordbeta,T0-T1,NPK,1,age_repro,2.5523449856956373
Verbascum_thapsus,-2.727,0.396,Ordbeta,T0-T1,NPK,1,percapita_repro,NA
Veronica_arvensis,-3.202,0.233,Ordbeta,T0-T1,NPK,1,FirstStepAtt,-1.3609972168245543
Veronica_arvensis,-3.202,0.233,Ordbeta,T0-T1,NPK,1,Lambda,1.0575348190993947
Veronica_arvensis,-3.202,0.233,Ordbeta,T0-T1,NPK,1,Lmax,0.12924850454918937
Veronica_arvensis,-3.202,0.233,Ordbeta,T0-T1,NPK,1,Lmean,0.05244694819316372
Veronica_arvensis,-3.202,0.233,Ordbeta,T0-T1,NPK,1,R0,-0.014999404757933873
Veronica_arvensis,-3.202,0.233,Ordbeta,T0-T1,NPK,1,Reactivity,1.7913324339405632
Veronica_arvensis,-3.202,0.233,Ordbeta,T0-T1,NPK,1,T_generation,0.4178504962611216
Veronica_arvensis,-3.202,0.233,Ordbeta,T0-T1,NPK,1,age_repro,0.8907769885320955
Veronica_arvensis,-3.202,0.233,Ordbeta,T0-T1,NPK,1,percapita_repro,1.8152156216155975
Agrimonia_eupatoria,-2.483,0.238,Hurdle_cond,T0-T1,INTER,1,FirstStepAtt,-0.40426778811109665
Agrimonia_eupatoria,-2.483,0.238,Hurdle_cond,T0-T1,INTER,1,Lambda,0.99064442494128635
Agrimonia_eupatoria,-2.483,0.238,Hurdle_cond,T0-T1,INTER,1,Lmax,4.5330412476880015
Agrimonia_eupatoria,-2.483,0.238,Hurdle_cond,T0-T1,INTER,1,Lmean,2.276623485281897
Agrimonia_eupatoria,-2.483,0.238,Hurdle_cond,T0-T1,INTER,1,R0,-0.3812702083300579
Agrimonia_eupatoria,-2.483,0.238,Hurdle_cond,T0-T1,INTER,1,Reactivity,0.19207496843703886
Agrimonia_eupatoria,-2.483,0.238,Hurdle_cond,T0-T1,INTER,1,T_generation,3.6207086258222287
Agrimonia_eupatoria,-2.483,0.238,Hurdle_cond,T0-T1,INTER,1,age_repro,2.087394345070076
Agrimonia_eupatoria,-2.483,0.238,Hurdle_cond,T0-T1,INTER,1,percapita_repro,-1.5661843426366495
Allium_vineale,-2.646,0.417,Hurdle_cond,T0-T1,INTER,1,FirstStepAtt,-2.036030904211625
Allium_vineale,-2.646,0.417,Hurdle_cond,T0-T1,INTER,1,Lambda,1.170906773884173
Allium_vineale,-2.646,0.417,Hurdle_cond,T0-T1,INTER,1,Lmax,1.0986122886681098
Allium_vineale,-2.646,0.417,Hurdle_cond,T0-T1,INTER,1,Lmean,0.16647352389668973
Allium_vineale,-2.646,0.417,Hurdle_cond,T0-T1,INTER,1,R0,0.3408368280021561
Allium_vineale,-2.646,0.417,Hurdle_cond,T0-T1,INTER,1,Reactivity,2.1940830508207325
Allium_vineale,-2.646,0.417,Hurdle_cond,T0-T1,INTER,1,T_generation,0.7635325690826141
Allium_vineale,-2.646,0.417,Hurdle_cond,T0-T1,INTER,1,age_repro,1.2000990079409088
Allium_vineale,-2.646,0.417,Hurdle_cond,T0-T1,INTER,1,percapita_repro,2.3368650630604555
Andropogon_gerardii,-1.045,0.216,Hurdle_cond,T0-T1,INTER,1,FirstStepAtt,-1.1908608264270113
Andropogon_gerardii,-1.045,0.216,Hurdle_cond,T0-T1,INTER,1,Lambda,1.50587325216984
Andropogon_gerardii,-1.045,0.216,Hurdle_cond,T0-T1,INTER,1,Lmax,1.764891121214301
Andropogon_gerardii,-1.045,0.216,Hurdle_cond,T0-T1,INTER,1,Lmean,0.6723210807858808
Andropogon_gerardii,-1.045,0.216,Hurdle_cond,T0-T1,INTER,1,R0,0.8354773555720532
Andropogon_gerardii,-1.045,0.216,Hurdle_cond,T0-T1,INTER,1,Reactivity,1.7926841280473305
Andropogon_gerardii,-1.045,0.216,Hurdle_cond,T0-T1,INTER,1,T_generation,0.7395193223181741
Andropogon_gerardii,-1.045,0.216,Hurdle_cond,T0-T1,INTER,1,age_repro,0.7862530575220442
Andropogon_gerardii,-1.045,0.216,Hurdle_cond,T0-T1,INTER,1,percapita_repro,2.0924307697315556
Arenaria_serpyllifolia,-2.524,0.296,Hurdle_cond,T0-T1,INTER,1,FirstStepAtt,-2.2176497264357233
Arenaria_serpyllifolia,-2.524,0.296,Hurdle_cond,T0-T1,INTER,1,Lambda,0.860684361881849
Arenaria_serpyllifolia,-2.524,0.296,Hurdle_cond,T0-T1,INTER,1,Lmax,0
Arenaria_serpyllifolia,-2.524,0.296,Hurdle_cond,T0-T1,INTER,1,Lmean,0
Arenaria_serpyllifolia,-2.524,0.296,Hurdle_cond,T0-T1,INTER,1,R0,0.13128547046852534
Arenaria_serpyllifolia,-2.524,0.296,Hurdle_cond,T0-T1,INTER,1,Reactivity,2.5929750386335604
Arenaria_serpyllifolia,-2.524,0.296,Hurdle_cond,T0-T1,INTER,1,T_generation,0.16988583066600282
Arenaria_serpyllifolia,-2.524,0.296,Hurdle_cond,T0-T1,INTER,1,age_repro,0.8303384136066279
Arenaria_serpyllifolia,-2.524,0.296,Hurdle_cond,T0-T1,INTER,1,percapita_repro,2.639396025140823
Armeria_maritima,-2.747,0.328,Hurdle_cond,T0-T1,INTER,1,FirstStepAtt,-2.2414258727445255
Armeria_maritima,-2.747,0.328,Hurdle_cond,T0-T1,INTER,1,Lambda,1.458043853064239
Armeria_maritima,-2.747,0.328,Hurdle_cond,T0-T1,INTER,1,Lmax,2.995732273553991
Armeria_maritima,-2.747,0.328,Hurdle_cond,T0-T1,INTER,1,Lmean,0.6122577291406874
Armeria_maritima,-2.747,0.328,Hurdle_cond,T0-T1,INTER,1,R0,4.445083646052526
Armeria_maritima,-2.747,0.328,Hurdle_cond,T0-T1,INTER,1,Reactivity,5.495776723555247
Armeria_maritima,-2.747,0.328,Hurdle_cond,T0-T1,INTER,1,T_generation,2.099604255961898
Armeria_maritima,-2.747,0.328,Hurdle_cond,T0-T1,INTER,1,age_repro,1.5255005163472148
Armeria_maritima,-2.747,0.328,Hurdle_cond,T0-T1,INTER,1,percapita_repro,3.617282020171661
Centaurea_jacea,-2.499,0.243,Hurdle_cond,T0-T1,INTER,1,FirstStepAtt,-0.6368104471974831
Centaurea_jacea,-2.499,0.243,Hurdle_cond,T0-T1,INTER,1,Lambda,0.9157150879324936
Centaurea_jacea,-2.499,0.243,Hurdle_cond,T0-T1,INTER,1,Lmax,2.4003251984703664
Centaurea_jacea,-2.499,0.243,Hurdle_cond,T0-T1,INTER,1,Lmean,1.3722715793325009
Centaurea_jacea,-2.499,0.243,Hurdle_cond,T0-T1,INTER,1,R0,-3.4842742317189583
Centaurea_jacea,-2.499,0.243,Hurdle_cond,T0-T1,INTER,1,Reactivity,0.41685764138114395
Centaurea_jacea,-2.499,0.243,Hurdle_cond,T0-T1,INTER,1,T_generation,2.978872381362829
Centaurea_jacea,-2.499,0.243,Hurdle_cond,T0-T1,INTER,1,age_repro,1.6363011514297372
Centaurea_jacea,-2.499,0.243,Hurdle_cond,T0-T1,INTER,1,percapita_repro,-1.7828083742933423
Cerastium_fontanum,-2.599,0.154,Hurdle_cond,T0-T1,INTER,1,FirstStepAtt,-2.696031853083466
Cerastium_fontanum,-2.599,0.154,Hurdle_cond,T0-T1,INTER,1,Lambda,NA
Cerastium_fontanum,-2.599,0.154,Hurdle_cond,T0-T1,INTER,1,Lmax,0
Cerastium_fontanum,-2.599,0.154,Hurdle_cond,T0-T1,INTER,1,Lmean,0
Cerastium_fontanum,-2.599,0.154,Hurdle_cond,T0-T1,INTER,1,R0,1.5184623246973081
Cerastium_fontanum,-2.599,0.154,Hurdle_cond,T0-T1,INTER,1,Reactivity,3.027270925563423
Cerastium_fontanum,-2.599,0.154,Hurdle_cond,T0-T1,INTER,1,T_generation,0.005048904923272251
Cerastium_fontanum,-2.599,0.154,Hurdle_cond,T0-T1,INTER,1,age_repro,0.8873031950009029
Cerastium_fontanum,-2.599,0.154,Hurdle_cond,T0-T1,INTER,1,percapita_repro,4.522657764413627
Cirsium_arvense,-1.985,0.156,Hurdle_cond,T0-T1,INTER,1,FirstStepAtt,-3.3290015249469986
Cirsium_arvense,-1.985,0.156,Hurdle_cond,T0-T1,INTER,1,Lambda,NA
Cirsium_arvense,-1.985,0.156,Hurdle_cond,T0-T1,INTER,1,Lmax,1.0986122886681098
Cirsium_arvense,-1.985,0.156,Hurdle_cond,T0-T1,INTER,1,Lmean,0.1699960817758222
Cirsium_arvense,-1.985,0.156,Hurdle_cond,T0-T1,INTER,1,R0,3.228914980534981
Cirsium_arvense,-1.985,0.156,Hurdle_cond,T0-T1,INTER,1,Reactivity,4.0664130997692896
Cirsium_arvense,-1.985,0.156,Hurdle_cond,T0-T1,INTER,1,T_generation,0.7703612247372394
Cirsium_arvense,-1.985,0.156,Hurdle_cond,T0-T1,INTER,1,age_repro,1.162546762671639
Cirsium_arvense,-1.985,0.156,Hurdle_cond,T0-T1,INTER,1,percapita_repro,5.427985054670073
Cirsium_palustre,-2.586,0.396,Hurdle_cond,T0-T1,INTER,1,FirstStepAtt,-2.5937654771378247
Cirsium_palustre,-2.586,0.396,Hurdle_cond,T0-T1,INTER,1,Lambda,1.4428002172428838
Cirsium_palustre,-2.586,0.396,Hurdle_cond,T0-T1,INTER,1,Lmax,1.5273118956910914
Cirsium_palustre,-2.586,0.396,Hurdle_cond,T0-T1,INTER,1,Lmean,0.20135107219302092
Cirsium_palustre,-2.586,0.396,Hurdle_cond,T0-T1,INTER,1,R0,1.2807231364002392
Cirsium_palustre,-2.586,0.396,Hurdle_cond,T0-T1,INTER,1,Reactivity,4.898747288058175
Cirsium_palustre,-2.586,0.396,Hurdle_cond,T0-T1,INTER,1,T_generation,1.2255759905166659
Cirsium_palustre,-2.586,0.396,Hurdle_cond,T0-T1,INTER,1,age_repro,1.534647496889771
Cirsium_palustre,-2.586,0.396,Hurdle_cond,T0-T1,INTER,1,percapita_repro,4.957313127808717
Cirsium_vulgare,-2.443,0.249,Hurdle_cond,T0-T1,INTER,1,FirstStepAtt,-3.1910655226282234
Cirsium_vulgare,-2.443,0.249,Hurdle_cond,T0-T1,INTER,1,Lambda,0.7844344795818798
Cirsium_vulgare,-2.443,0.249,Hurdle_cond,T0-T1,INTER,1,Lmax,1.507973248367974
Cirsium_vulgare,-2.443,0.249,Hurdle_cond,T0-T1,INTER,1,Lmean,0.3479988332516422
Cirsium_vulgare,-2.443,0.249,Hurdle_cond,T0-T1,INTER,1,R0,-1.420279247517773
Cirsium_vulgare,-2.443,0.249,Hurdle_cond,T0-T1,INTER,1,Reactivity,2.641485998869525
Cirsium_vulgare,-2.443,0.249,Hurdle_cond,T0-T1,INTER,1,T_generation,1.4828783988333107
Cirsium_vulgare,-2.443,0.249,Hurdle_cond,T0-T1,INTER,1,age_repro,0.9323966804077027
Cirsium_vulgare,-2.443,0.249,Hurdle_cond,T0-T1,INTER,1,percapita_repro,1.89963041219607
Daucus_carota,-2.385,0.206,Hurdle_cond,T0-T1,INTER,1,FirstStepAtt,-4.040610337013186
Daucus_carota,-2.385,0.206,Hurdle_cond,T0-T1,INTER,1,Lambda,1.7161044748521754
Daucus_carota,-2.385,0.206,Hurdle_cond,T0-T1,INTER,1,Lmax,1.0986122886681098
Daucus_carota,-2.385,0.206,Hurdle_cond,T0-T1,INTER,1,Lmean,0.31834252276646996
Daucus_carota,-2.385,0.206,Hurdle_cond,T0-T1,INTER,1,R0,1.8196701629274532
Daucus_carota,-2.385,0.206,Hurdle_cond,T0-T1,INTER,1,Reactivity,NA
Daucus_carota,-2.385,0.206,Hurdle_cond,T0-T1,INTER,1,T_generation,1.189773196967312
Daucus_carota,-2.385,0.206,Hurdle_cond,T0-T1,INTER,1,age_repro,1.431272611901774
Daucus_carota,-2.385,0.206,Hurdle_cond,T0-T1,INTER,1,percapita_repro,NA
Echium_vulgare,-2.515,0.398,Hurdle_cond,T0-T1,INTER,1,FirstStepAtt,-1.4808281568478858
Echium_vulgare,-2.515,0.398,Hurdle_cond,T0-T1,INTER,1,Lambda,1.54759800300862
Echium_vulgare,-2.515,0.398,Hurdle_cond,T0-T1,INTER,1,Lmax,1.3862943611198906
Echium_vulgare,-2.515,0.398,Hurdle_cond,T0-T1,INTER,1,Lmean,0.5010758488001458
Echium_vulgare,-2.515,0.398,Hurdle_cond,T0-T1,INTER,1,R0,1.6034012709220467
Echium_vulgare,-2.515,0.398,Hurdle_cond,T0-T1,INTER,1,Reactivity,3.2663741200499037
Echium_vulgare,-2.515,0.398,Hurdle_cond,T0-T1,INTER,1,T_generation,1.287139504575711
Echium_vulgare,-2.515,0.398,Hurdle_cond,T0-T1,INTER,1,age_repro,1.3132909952863716
Echium_vulgare,-2.515,0.398,Hurdle_cond,T0-T1,INTER,1,percapita_repro,3.7030781735137492
Elymus_repens,-1.605,0.156,Hurdle_cond,T0-T1,INTER,1,FirstStepAtt,-19.608981934788076
Elymus_repens,-1.605,0.156,Hurdle_cond,T0-T1,INTER,1,Lambda,NA
Elymus_repens,-1.605,0.156,Hurdle_cond,T0-T1,INTER,1,Lmax,0.6931471805599453
Elymus_repens,-1.605,0.156,Hurdle_cond,T0-T1,INTER,1,Lmean,0.34830572665687204
Elymus_repens,-1.605,0.156,Hurdle_cond,T0-T1,INTER,1,R0,4.306802628082906
Elymus_repens,-1.605,0.156,Hurdle_cond,T0-T1,INTER,1,Reactivity,NA
Elymus_repens,-1.605,0.156,Hurdle_cond,T0-T1,INTER,1,T_generation,0.00771453240913415
Elymus_repens,-1.605,0.156,Hurdle_cond,T0-T1,INTER,1,age_repro,0
Elymus_repens,-1.605,0.156,Hurdle_cond,T0-T1,INTER,1,percapita_repro,-5.74205469871386
Erigeron_canadensis,-2.876,0.241,Hurdle_cond,T0-T1,INTER,1,FirstStepAtt,-2.9940372183428647
Erigeron_canadensis,-2.876,0.241,Hurdle_cond,T0-T1,INTER,1,Lambda,NA
Erigeron_canadensis,-2.876,0.241,Hurdle_cond,T0-T1,INTER,1,Lmax,0
Erigeron_canadensis,-2.876,0.241,Hurdle_cond,T0-T1,INTER,1,Lmean,0
Erigeron_canadensis,-2.876,0.241,Hurdle_cond,T0-T1,INTER,1,R0,2.750423016465953
Erigeron_canadensis,-2.876,0.241,Hurdle_cond,T0-T1,INTER,1,Reactivity,3.7256901124743216
Erigeron_canadensis,-2.876,0.241,Hurdle_cond,T0-T1,INTER,1,T_generation,0.1300250884192771
Erigeron_canadensis,-2.876,0.241,Hurdle_cond,T0-T1,INTER,1,age_repro,0.9159908368351705
Erigeron_canadensis,-2.876,0.241,Hurdle_cond,T0-T1,INTER,1,percapita_repro,5.684089841310465
Knautia_arvensis,-2.249,0.35,Hurdle_cond,T0-T1,INTER,1,FirstStepAtt,-2.956373754274904
Knautia_arvensis,-2.249,0.35,Hurdle_cond,T0-T1,INTER,1,Lambda,0.30764990872892994
Knautia_arvensis,-2.249,0.35,Hurdle_cond,T0-T1,INTER,1,Lmax,0.6931471805599453
Knautia_arvensis,-2.249,0.35,Hurdle_cond,T0-T1,INTER,1,Lmean,0.022139719151234638
Knautia_arvensis,-2.249,0.35,Hurdle_cond,T0-T1,INTER,1,R0,-9.95071325619903
Knautia_arvensis,-2.249,0.35,Hurdle_cond,T0-T1,INTER,1,Reactivity,0.35097071858090473
Knautia_arvensis,-2.249,0.35,Hurdle_cond,T0-T1,INTER,1,T_generation,NA
Knautia_arvensis,-2.249,0.35,Hurdle_cond,T0-T1,INTER,1,age_repro,0.9322894183877876
Knautia_arvensis,-2.249,0.35,Hurdle_cond,T0-T1,INTER,1,percapita_repro,-4.367646677748796
Lactuca_serriola,-2.68,0.309,Hurdle_cond,T0-T1,INTER,1,FirstStepAtt,-2.5276283678174485
Lactuca_serriola,-2.68,0.309,Hurdle_cond,T0-T1,INTER,1,Lambda,NA
Lactuca_serriola,-2.68,0.309,Hurdle_cond,T0-T1,INTER,1,Lmax,0
Lactuca_serriola,-2.68,0.309,Hurdle_cond,T0-T1,INTER,1,Lmean,0
Lactuca_serriola,-2.68,0.309,Hurdle_cond,T0-T1,INTER,1,R0,2.961708269076509
Lactuca_serriola,-2.68,0.309,Hurdle_cond,T0-T1,INTER,1,Reactivity,5.096932718325193
Lactuca_serriola,-2.68,0.309,Hurdle_cond,T0-T1,INTER,1,T_generation,0.08738433516364566
Lactuca_serriola,-2.68,0.309,Hurdle_cond,T0-T1,INTER,1,age_repro,1.2839753424841123
Lactuca_serriola,-2.68,0.309,Hurdle_cond,T0-T1,INTER,1,percapita_repro,7.147653680580111
Linum_catharticum,-2.813,0.328,Hurdle_cond,T0-T1,INTER,1,FirstStepAtt,-3.1953085121694222
Linum_catharticum,-2.813,0.328,Hurdle_cond,T0-T1,INTER,1,Lambda,NA
Linum_catharticum,-2.813,0.328,Hurdle_cond,T0-T1,INTER,1,Lmax,2.0794415416798357
Linum_catharticum,-2.813,0.328,Hurdle_cond,T0-T1,INTER,1,Lmean,0.7715798705141755
Linum_catharticum,-2.813,0.328,Hurdle_cond,T0-T1,INTER,1,R0,1.7942778474769048
Linum_catharticum,-2.813,0.328,Hurdle_cond,T0-T1,INTER,1,Reactivity,3.8165083573910685
Linum_catharticum,-2.813,0.328,Hurdle_cond,T0-T1,INTER,1,T_generation,0.30079171330480015
Linum_catharticum,-2.813,0.328,Hurdle_cond,T0-T1,INTER,1,age_repro,0.7034715243015948
Linum_catharticum,-2.813,0.328,Hurdle_cond,T0-T1,INTER,1,percapita_repro,3.0328521355315146
Picris_hieracioides,-2.023,0.193,Hurdle_cond,T0-T1,INTER,1,FirstStepAtt,-4.012603074068456
Picris_hieracioides,-2.023,0.193,Hurdle_cond,T0-T1,INTER,1,Lambda,0.8846497432296893
Picris_hieracioides,-2.023,0.193,Hurdle_cond,T0-T1,INTER,1,Lmax,0.6931471805599453
Picris_hieracioides,-2.023,0.193,Hurdle_cond,T0-T1,INTER,1,Lmean,0.025497751793431413
Picris_hieracioides,-2.023,0.193,Hurdle_cond,T0-T1,INTER,1,R0,-0.5012341883972119
Picris_hieracioides,-2.023,0.193,Hurdle_cond,T0-T1,INTER,1,Reactivity,5.739334580340471
Picris_hieracioides,-2.023,0.193,Hurdle_cond,T0-T1,INTER,1,T_generation,1.4151934417967624
Picris_hieracioides,-2.023,0.193,Hurdle_cond,T0-T1,INTER,1,age_repro,1.5430234695350933
Picris_hieracioides,-2.023,0.193,Hurdle_cond,T0-T1,INTER,1,percapita_repro,5.616771097666572
Pimpinella_saxifraga,-2.28,0.318,Hurdle_cond,T0-T1,INTER,1,FirstStepAtt,-0.5923077657542147
Pimpinella_saxifraga,-2.28,0.318,Hurdle_cond,T0-T1,INTER,1,Lambda,0.9547406316474248
Pimpinella_saxifraga,-2.28,0.318,Hurdle_cond,T0-T1,INTER,1,Lmax,3.2778313935718644
Pimpinella_saxifraga,-2.28,0.318,Hurdle_cond,T0-T1,INTER,1,Lmean,1.3985454207581605
Pimpinella_saxifraga,-2.28,0.318,Hurdle_cond,T0-T1,INTER,1,R0,-0.7090626241047243
Pimpinella_saxifraga,-2.28,0.318,Hurdle_cond,T0-T1,INTER,1,Reactivity,0.9233752615973371
Pimpinella_saxifraga,-2.28,0.318,Hurdle_cond,T0-T1,INTER,1,T_generation,2.7756138699245225
Pimpinella_saxifraga,-2.28,0.318,Hurdle_cond,T0-T1,INTER,1,age_repro,1.7819632124517442
Pimpinella_saxifraga,-2.28,0.318,Hurdle_cond,T0-T1,INTER,1,percapita_repro,-0.1635626778133
Plantago_coronopus,-2.441,0.252,Hurdle_cond,T0-T1,INTER,1,FirstStepAtt,-1.0607821044920802
Plantago_coronopus,-2.441,0.252,Hurdle_cond,T0-T1,INTER,1,Lambda,0.8883340096307588
Plantago_coronopus,-2.441,0.252,Hurdle_cond,T0-T1,INTER,1,Lmax,1.907994489728227
Plantago_coronopus,-2.441,0.252,Hurdle_cond,T0-T1,INTER,1,Lmean,0.5836315540514999
Plantago_coronopus,-2.441,0.252,Hurdle_cond,T0-T1,INTER,1,R0,-0.7679497099488539
Plantago_coronopus,-2.441,0.252,Hurdle_cond,T0-T1,INTER,1,Reactivity,1.2700917455756844
Plantago_coronopus,-2.441,0.252,Hurdle_cond,T0-T1,INTER,1,T_generation,1.4792349913940708
Plantago_coronopus,-2.441,0.252,Hurdle_cond,T0-T1,INTER,1,age_repro,0.7227032675127357
Plantago_coronopus,-2.441,0.252,Hurdle_cond,T0-T1,INTER,1,percapita_repro,-0.16078899600806454
Plantago_media,-2.44,0.311,Hurdle_cond,T0-T1,INTER,1,FirstStepAtt,-2.5216721506920545
Plantago_media,-2.44,0.311,Hurdle_cond,T0-T1,INTER,1,Lambda,0.9166479924897526
Plantago_media,-2.44,0.311,Hurdle_cond,T0-T1,INTER,1,Lmax,1.7178918965462198
Plantago_media,-2.44,0.311,Hurdle_cond,T0-T1,INTER,1,Lmean,0.240093455091011
Plantago_media,-2.44,0.311,Hurdle_cond,T0-T1,INTER,1,R0,-3.703632943874186
Plantago_media,-2.44,0.311,Hurdle_cond,T0-T1,INTER,1,Reactivity,0.9115891884505661
Plantago_media,-2.44,0.311,Hurdle_cond,T0-T1,INTER,1,T_generation,3.2830740541662764
Plantago_media,-2.44,0.311,Hurdle_cond,T0-T1,INTER,1,age_repro,2.050568331584061
Plantago_media,-2.44,0.311,Hurdle_cond,T0-T1,INTER,1,percapita_repro,0.21247852101489456
Potentilla_recta,-2.537,0.278,Hurdle_cond,T0-T1,INTER,1,FirstStepAtt,-1.2072466251783427
Potentilla_recta,-2.537,0.278,Hurdle_cond,T0-T1,INTER,1,Lambda,1.3233051390988662
Potentilla_recta,-2.537,0.278,Hurdle_cond,T0-T1,INTER,1,Lmax,2.8995463272302633
Potentilla_recta,-2.537,0.278,Hurdle_cond,T0-T1,INTER,1,Lmean,1.114174982541197
Potentilla_recta,-2.537,0.278,Hurdle_cond,T0-T1,INTER,1,R0,-Inf
Potentilla_recta,-2.537,0.278,Hurdle_cond,T0-T1,INTER,1,Reactivity,2.3355670141886495
Potentilla_recta,-2.537,0.278,Hurdle_cond,T0-T1,INTER,1,T_generation,1.1285664763465502
Potentilla_recta,-2.537,0.278,Hurdle_cond,T0-T1,INTER,1,age_repro,1.470241457035962
Potentilla_recta,-2.537,0.278,Hurdle_cond,T0-T1,INTER,1,percapita_repro,5.184136566294191
Primula_elatior,-2.517,0.47,Hurdle_cond,T0-T1,INTER,1,FirstStepAtt,-2.5752591198739894
Primula_elatior,-2.517,0.47,Hurdle_cond,T0-T1,INTER,1,Lambda,1.0243599289476764
Primula_elatior,-2.517,0.47,Hurdle_cond,T0-T1,INTER,1,Lmax,3.078214221499716
Primula_elatior,-2.517,0.47,Hurdle_cond,T0-T1,INTER,1,Lmean,0.9348686606054332
Primula_elatior,-2.517,0.47,Hurdle_cond,T0-T1,INTER,1,R0,-0.1983437887657272
Primula_elatior,-2.517,0.47,Hurdle_cond,T0-T1,INTER,1,Reactivity,1.2375774274497275
Primula_elatior,-2.517,0.47,Hurdle_cond,T0-T1,INTER,1,T_generation,2.774342942782747
Primula_elatior,-2.517,0.47,Hurdle_cond,T0-T1,INTER,1,age_repro,1.5965918444925693
Primula_elatior,-2.517,0.47,Hurdle_cond,T0-T1,INTER,1,percapita_repro,0.6906312588074858
Primula_veris,-2.546,0.355,Hurdle_cond,T0-T1,INTER,1,FirstStepAtt,-3.0996415326914413
Primula_veris,-2.546,0.355,Hurdle_cond,T0-T1,INTER,1,Lambda,0.9177166512186883
Primula_veris,-2.546,0.355,Hurdle_cond,T0-T1,INTER,1,Lmax,1.777554626801171
Primula_veris,-2.546,0.355,Hurdle_cond,T0-T1,INTER,1,Lmean,0.34573408996051475
Primula_veris,-2.546,0.355,Hurdle_cond,T0-T1,INTER,1,R0,-3.531205384831014
Primula_veris,-2.546,0.355,Hurdle_cond,T0-T1,INTER,1,Reactivity,1.8406103144604358
Primula_veris,-2.546,0.355,Hurdle_cond,T0-T1,INTER,1,T_generation,3.266151130174338
Primula_veris,-2.546,0.355,Hurdle_cond,T0-T1,INTER,1,age_repro,2.1007008996065113
Primula_veris,-2.546,0.355,Hurdle_cond,T0-T1,INTER,1,percapita_repro,1.3057574210790406
Ranunculus_acris,-2.489,0.167,Hurdle_cond,T0-T1,INTER,1,FirstStepAtt,-2.223673155588096
Ranunculus_acris,-2.489,0.167,Hurdle_cond,T0-T1,INTER,1,Lambda,1.1474253581153837
Ranunculus_acris,-2.489,0.167,Hurdle_cond,T0-T1,INTER,1,Lmax,1.791759469228055
Ranunculus_acris,-2.489,0.167,Hurdle_cond,T0-T1,INTER,1,Lmean,0.2694368352850546
Ranunculus_acris,-2.489,0.167,Hurdle_cond,T0-T1,INTER,1,R0,0.4291243489821683
Ranunculus_acris,-2.489,0.167,Hurdle_cond,T0-T1,INTER,1,Reactivity,1.8978523971700296
Ranunculus_acris,-2.489,0.167,Hurdle_cond,T0-T1,INTER,1,T_generation,1.3335494740785472
Ranunculus_acris,-2.489,0.167,Hurdle_cond,T0-T1,INTER,1,age_repro,1.1167312512505851
Ranunculus_acris,-2.489,0.167,Hurdle_cond,T0-T1,INTER,1,percapita_repro,1.9401794743463283
Ratibida_columnifera,-2.631,0.43,Hurdle_cond,T0-T1,INTER,1,FirstStepAtt,-0.002056079496990296
Ratibida_columnifera,-2.631,0.43,Hurdle_cond,T0-T1,INTER,1,Lambda,0.7243603858174655
Ratibida_columnifera,-2.631,0.43,Hurdle_cond,T0-T1,INTER,1,Lmax,0.8751993382067543
Ratibida_columnifera,-2.631,0.43,Hurdle_cond,T0-T1,INTER,1,Lmean,0.15118484663816348
Ratibida_columnifera,-2.631,0.43,Hurdle_cond,T0-T1,INTER,1,R0,-0.18377717828257087
Ratibida_columnifera,-2.631,0.43,Hurdle_cond,T0-T1,INTER,1,Reactivity,0.0047432640012664016
Ratibida_columnifera,-2.631,0.43,Hurdle_cond,T0-T1,INTER,1,T_generation,0.18788835999659365
Ratibida_columnifera,-2.631,0.43,Hurdle_cond,T0-T1,INTER,1,age_repro,0
Ratibida_columnifera,-2.631,0.43,Hurdle_cond,T0-T1,INTER,1,percapita_repro,-0.3349620249207343
Salsola_kali,-2.594,0.365,Hurdle_cond,T0-T1,INTER,1,FirstStepAtt,-7.23761455341241
Salsola_kali,-2.594,0.365,Hurdle_cond,T0-T1,INTER,1,Lambda,0.589687496520467
Salsola_kali,-2.594,0.365,Hurdle_cond,T0-T1,INTER,1,Lmax,1.0986122886681098
Salsola_kali,-2.594,0.365,Hurdle_cond,T0-T1,INTER,1,Lmean,0.6329527878317025
Salsola_kali,-2.594,0.365,Hurdle_cond,T0-T1,INTER,1,R0,-3.1690448866467187
Salsola_kali,-2.594,0.365,Hurdle_cond,T0-T1,INTER,1,Reactivity,NA
Salsola_kali,-2.594,0.365,Hurdle_cond,T0-T1,INTER,1,T_generation,1.7917877371801434
Salsola_kali,-2.594,0.365,Hurdle_cond,T0-T1,INTER,1,age_repro,1.7917761374226397
Salsola_kali,-2.594,0.365,Hurdle_cond,T0-T1,INTER,1,percapita_repro,NA
Scabiosa_columbaria,-2.52,0.47,Hurdle_cond,T0-T1,INTER,1,FirstStepAtt,-0.25733963460191384
Scabiosa_columbaria,-2.52,0.47,Hurdle_cond,T0-T1,INTER,1,Lambda,1.0296135539128584
Scabiosa_columbaria,-2.52,0.47,Hurdle_cond,T0-T1,INTER,1,Lmax,3.1354942159291497
Scabiosa_columbaria,-2.52,0.47,Hurdle_cond,T0-T1,INTER,1,Lmean,1.6713567260626774
Scabiosa_columbaria,-2.52,0.47,Hurdle_cond,T0-T1,INTER,1,R0,0.20533632722506642
Scabiosa_columbaria,-2.52,0.47,Hurdle_cond,T0-T1,INTER,1,Reactivity,1.8699344460843945
Scabiosa_columbaria,-2.52,0.47,Hurdle_cond,T0-T1,INTER,1,T_generation,1.9091809950068628
Scabiosa_columbaria,-2.52,0.47,Hurdle_cond,T0-T1,INTER,1,age_repro,1.8510989090143637
Scabiosa_columbaria,-2.52,0.47,Hurdle_cond,T0-T1,INTER,1,percapita_repro,1.7867469274045107
Sphaeralcea_coccinea,-2.69,0.302,Hurdle_cond,T0-T1,INTER,1,FirstStepAtt,-0.021668930362796438
Sphaeralcea_coccinea,-2.69,0.302,Hurdle_cond,T0-T1,INTER,1,Lambda,0.9140916052986946
Sphaeralcea_coccinea,-2.69,0.302,Hurdle_cond,T0-T1,INTER,1,Lmax,1.1291966833851346
Sphaeralcea_coccinea,-2.69,0.302,Hurdle_cond,T0-T1,INTER,1,Lmean,0.18479959171993668
Sphaeralcea_coccinea,-2.69,0.302,Hurdle_cond,T0-T1,INTER,1,R0,-0.1631566065473073
Sphaeralcea_coccinea,-2.69,0.302,Hurdle_cond,T0-T1,INTER,1,Reactivity,0.06479482429602482
Sphaeralcea_coccinea,-2.69,0.302,Hurdle_cond,T0-T1,INTER,1,T_generation,0.24224692726379177
Sphaeralcea_coccinea,-2.69,0.302,Hurdle_cond,T0-T1,INTER,1,age_repro,0
Sphaeralcea_coccinea,-2.69,0.302,Hurdle_cond,T0-T1,INTER,1,percapita_repro,-0.347956198267244
Stenaria_nigricans,-2.114,0.321,Hurdle_cond,T0-T1,INTER,1,FirstStepAtt,-0.001506241946231945
Stenaria_nigricans,-2.114,0.321,Hurdle_cond,T0-T1,INTER,1,Lambda,0.9901413361648121
Stenaria_nigricans,-2.114,0.321,Hurdle_cond,T0-T1,INTER,1,Lmax,0.8841014310483891
Stenaria_nigricans,-2.114,0.321,Hurdle_cond,T0-T1,INTER,1,Lmean,0.1061701762787086
Stenaria_nigricans,-2.114,0.321,Hurdle_cond,T0-T1,INTER,1,R0,0.21085254589803137
Stenaria_nigricans,-2.114,0.321,Hurdle_cond,T0-T1,INTER,1,Reactivity,0.009202684809058356
Stenaria_nigricans,-2.114,0.321,Hurdle_cond,T0-T1,INTER,1,T_generation,0.10216634557653173
Stenaria_nigricans,-2.114,0.321,Hurdle_cond,T0-T1,INTER,1,age_repro,0
Stenaria_nigricans,-2.114,0.321,Hurdle_cond,T0-T1,INTER,1,percapita_repro,0.10468236961932272
Taraxacum_campylodes,-2.63,0.353,Hurdle_cond,T0-T1,INTER,1,FirstStepAtt,-2.3531148413315983
Taraxacum_campylodes,-2.63,0.353,Hurdle_cond,T0-T1,INTER,1,Lambda,0.08041791145870329
Taraxacum_campylodes,-2.63,0.353,Hurdle_cond,T0-T1,INTER,1,Lmax,0.5493061443340549
Taraxacum_campylodes,-2.63,0.353,Hurdle_cond,T0-T1,INTER,1,Lmean,0.06773896227809098
Taraxacum_campylodes,-2.63,0.353,Hurdle_cond,T0-T1,INTER,1,R0,-Inf
Taraxacum_campylodes,-2.63,0.353,Hurdle_cond,T0-T1,INTER,1,Reactivity,2.4046693226371185
Taraxacum_campylodes,-2.63,0.353,Hurdle_cond,T0-T1,INTER,1,T_generation,NA
Taraxacum_campylodes,-2.63,0.353,Hurdle_cond,T0-T1,INTER,1,age_repro,0
Taraxacum_campylodes,-2.63,0.353,Hurdle_cond,T0-T1,INTER,1,percapita_repro,-11.213549524439351
Thymus_vulgaris,-2.511,0.379,Hurdle_cond,T0-T1,INTER,1,FirstStepAtt,-0.005866973847378982
Thymus_vulgaris,-2.511,0.379,Hurdle_cond,T0-T1,INTER,1,Lambda,0.9926751959162854
Thymus_vulgaris,-2.511,0.379,Hurdle_cond,T0-T1,INTER,1,Lmax,5.964961904446033
Thymus_vulgaris,-2.511,0.379,Hurdle_cond,T0-T1,INTER,1,Lmean,4.459892288650257
Thymus_vulgaris,-2.511,0.379,Hurdle_cond,T0-T1,INTER,1,R0,-1.07189733945768
Thymus_vulgaris,-2.511,0.379,Hurdle_cond,T0-T1,INTER,1,Reactivity,0.010349758754626258
Thymus_vulgaris,-2.511,0.379,Hurdle_cond,T0-T1,INTER,1,T_generation,NA
Thymus_vulgaris,-2.511,0.379,Hurdle_cond,T0-T1,INTER,1,age_repro,NA
Thymus_vulgaris,-2.511,0.379,Hurdle_cond,T0-T1,INTER,1,percapita_repro,-5.143380039347928
Verbascum_thapsus,-2.016,0.319,Hurdle_cond,T0-T1,INTER,1,FirstStepAtt,-4.012613096092431
Verbascum_thapsus,-2.016,0.319,Hurdle_cond,T0-T1,INTER,1,Lambda,NA
Verbascum_thapsus,-2.016,0.319,Hurdle_cond,T0-T1,INTER,1,Lmax,0.6931471805599453
Verbascum_thapsus,-2.016,0.319,Hurdle_cond,T0-T1,INTER,1,Lmean,0.05129369438747054
Verbascum_thapsus,-2.016,0.319,Hurdle_cond,T0-T1,INTER,1,R0,3.381715911075376
Verbascum_thapsus,-2.016,0.319,Hurdle_cond,T0-T1,INTER,1,Reactivity,NA
Verbascum_thapsus,-2.016,0.319,Hurdle_cond,T0-T1,INTER,1,T_generation,0.7764348966557838
Verbascum_thapsus,-2.016,0.319,Hurdle_cond,T0-T1,INTER,1,age_repro,2.5523449856956373
Verbascum_thapsus,-2.016,0.319,Hurdle_cond,T0-T1,INTER,1,percapita_repro,NA
Veronica_arvensis,-2.926,0.206,Hurdle_cond,T0-T1,INTER,1,FirstStepAtt,-1.3609972168245543
Veronica_arvensis,-2.926,0.206,Hurdle_cond,T0-T1,INTER,1,Lambda,1.0575348190993947
Veronica_arvensis,-2.926,0.206,Hurdle_cond,T0-T1,INTER,1,Lmax,0.12924850454918937
Veronica_arvensis,-2.926,0.206,Hurdle_cond,T0-T1,INTER,1,Lmean,0.05244694819316372
Veronica_arvensis,-2.926,0.206,Hurdle_cond,T0-T1,INTER,1,R0,-0.014999404757933873
Veronica_arvensis,-2.926,0.206,Hurdle_cond,T0-T1,INTER,1,Reactivity,1.7913324339405632
Veronica_arvensis,-2.926,0.206,Hurdle_cond,T0-T1,INTER,1,T_generation,0.4178504962611216
Veronica_arvensis,-2.926,0.206,Hurdle_cond,T0-T1,INTER,1,age_repro,0.8907769885320955
Veronica_arvensis,-2.926,0.206,Hurdle_cond,T0-T1,INTER,1,percapita_repro,1.8152156216155975
Agrimonia_eupatoria,-1.186,0.24,Hurdle_zi,T0-T1,INTER,1,FirstStepAtt,-0.40426778811109665
Agrimonia_eupatoria,-1.186,0.24,Hurdle_zi,T0-T1,INTER,1,Lambda,0.99064442494128635
Agrimonia_eupatoria,-1.186,0.24,Hurdle_zi,T0-T1,INTER,1,Lmax,4.5330412476880015
Agrimonia_eupatoria,-1.186,0.24,Hurdle_zi,T0-T1,INTER,1,Lmean,2.276623485281897
Agrimonia_eupatoria,-1.186,0.24,Hurdle_zi,T0-T1,INTER,1,R0,-0.3812702083300579
Agrimonia_eupatoria,-1.186,0.24,Hurdle_zi,T0-T1,INTER,1,Reactivity,0.19207496843703886
Agrimonia_eupatoria,-1.186,0.24,Hurdle_zi,T0-T1,INTER,1,T_generation,3.6207086258222287
Agrimonia_eupatoria,-1.186,0.24,Hurdle_zi,T0-T1,INTER,1,age_repro,2.087394345070076
Agrimonia_eupatoria,-1.186,0.24,Hurdle_zi,T0-T1,INTER,1,percapita_repro,-1.5661843426366495
Allium_vineale,-1.349,0.418,Hurdle_zi,T0-T1,INTER,1,FirstStepAtt,-2.036030904211625
Allium_vineale,-1.349,0.418,Hurdle_zi,T0-T1,INTER,1,Lambda,1.170906773884173
Allium_vineale,-1.349,0.418,Hurdle_zi,T0-T1,INTER,1,Lmax,1.0986122886681098
Allium_vineale,-1.349,0.418,Hurdle_zi,T0-T1,INTER,1,Lmean,0.16647352389668973
Allium_vineale,-1.349,0.418,Hurdle_zi,T0-T1,INTER,1,R0,0.3408368280021561
Allium_vineale,-1.349,0.418,Hurdle_zi,T0-T1,INTER,1,Reactivity,2.1940830508207325
Allium_vineale,-1.349,0.418,Hurdle_zi,T0-T1,INTER,1,T_generation,0.7635325690826141
Allium_vineale,-1.349,0.418,Hurdle_zi,T0-T1,INTER,1,age_repro,1.2000990079409088
Allium_vineale,-1.349,0.418,Hurdle_zi,T0-T1,INTER,1,percapita_repro,2.3368650630604555
Andropogon_gerardii,0.252,0.218,Hurdle_zi,T0-T1,INTER,1,FirstStepAtt,-1.1908608264270113
Andropogon_gerardii,0.252,0.218,Hurdle_zi,T0-T1,INTER,1,Lambda,1.50587325216984
Andropogon_gerardii,0.252,0.218,Hurdle_zi,T0-T1,INTER,1,Lmax,1.764891121214301
Andropogon_gerardii,0.252,0.218,Hurdle_zi,T0-T1,INTER,1,Lmean,0.6723210807858808
Andropogon_gerardii,0.252,0.218,Hurdle_zi,T0-T1,INTER,1,R0,0.8354773555720532
Andropogon_gerardii,0.252,0.218,Hurdle_zi,T0-T1,INTER,1,Reactivity,1.7926841280473305
Andropogon_gerardii,0.252,0.218,Hurdle_zi,T0-T1,INTER,1,T_generation,0.7395193223181741
Andropogon_gerardii,0.252,0.218,Hurdle_zi,T0-T1,INTER,1,age_repro,0.7862530575220442
Andropogon_gerardii,0.252,0.218,Hurdle_zi,T0-T1,INTER,1,percapita_repro,2.0924307697315556
Arenaria_serpyllifolia,-1.227,0.297,Hurdle_zi,T0-T1,INTER,1,FirstStepAtt,-2.2176497264357233
Arenaria_serpyllifolia,-1.227,0.297,Hurdle_zi,T0-T1,INTER,1,Lambda,0.860684361881849
Arenaria_serpyllifolia,-1.227,0.297,Hurdle_zi,T0-T1,INTER,1,Lmax,0
Arenaria_serpyllifolia,-1.227,0.297,Hurdle_zi,T0-T1,INTER,1,Lmean,0
Arenaria_serpyllifolia,-1.227,0.297,Hurdle_zi,T0-T1,INTER,1,R0,0.13128547046852534
Arenaria_serpyllifolia,-1.227,0.297,Hurdle_zi,T0-T1,INTER,1,Reactivity,2.5929750386335604
Arenaria_serpyllifolia,-1.227,0.297,Hurdle_zi,T0-T1,INTER,1,T_generation,0.16988583066600282
Arenaria_serpyllifolia,-1.227,0.297,Hurdle_zi,T0-T1,INTER,1,age_repro,0.8303384136066279
Arenaria_serpyllifolia,-1.227,0.297,Hurdle_zi,T0-T1,INTER,1,percapita_repro,2.639396025140823
Armeria_maritima,-1.45,0.329,Hurdle_zi,T0-T1,INTER,1,FirstStepAtt,-2.2414258727445255
Armeria_maritima,-1.45,0.329,Hurdle_zi,T0-T1,INTER,1,Lambda,1.458043853064239
Armeria_maritima,-1.45,0.329,Hurdle_zi,T0-T1,INTER,1,Lmax,2.995732273553991
Armeria_maritima,-1.45,0.329,Hurdle_zi,T0-T1,INTER,1,Lmean,0.6122577291406874
Armeria_maritima,-1.45,0.329,Hurdle_zi,T0-T1,INTER,1,R0,4.445083646052526
Armeria_maritima,-1.45,0.329,Hurdle_zi,T0-T1,INTER,1,Reactivity,5.495776723555247
Armeria_maritima,-1.45,0.329,Hurdle_zi,T0-T1,INTER,1,T_generation,2.099604255961898
Armeria_maritima,-1.45,0.329,Hurdle_zi,T0-T1,INTER,1,age_repro,1.5255005163472148
Armeria_maritima,-1.45,0.329,Hurdle_zi,T0-T1,INTER,1,percapita_repro,3.617282020171661
Centaurea_jacea,-1.202,0.245,Hurdle_zi,T0-T1,INTER,1,FirstStepAtt,-0.6368104471974831
Centaurea_jacea,-1.202,0.245,Hurdle_zi,T0-T1,INTER,1,Lambda,0.9157150879324936
Centaurea_jacea,-1.202,0.245,Hurdle_zi,T0-T1,INTER,1,Lmax,2.4003251984703664
Centaurea_jacea,-1.202,0.245,Hurdle_zi,T0-T1,INTER,1,Lmean,1.3722715793325009
Centaurea_jacea,-1.202,0.245,Hurdle_zi,T0-T1,INTER,1,R0,-3.4842742317189583
Centaurea_jacea,-1.202,0.245,Hurdle_zi,T0-T1,INTER,1,Reactivity,0.41685764138114395
Centaurea_jacea,-1.202,0.245,Hurdle_zi,T0-T1,INTER,1,T_generation,2.978872381362829
Centaurea_jacea,-1.202,0.245,Hurdle_zi,T0-T1,INTER,1,age_repro,1.6363011514297372
Centaurea_jacea,-1.202,0.245,Hurdle_zi,T0-T1,INTER,1,percapita_repro,-1.7828083742933423
Cerastium_fontanum,-1.302,0.157,Hurdle_zi,T0-T1,INTER,1,FirstStepAtt,-2.696031853083466
Cerastium_fontanum,-1.302,0.157,Hurdle_zi,T0-T1,INTER,1,Lambda,NA
Cerastium_fontanum,-1.302,0.157,Hurdle_zi,T0-T1,INTER,1,Lmax,0
Cerastium_fontanum,-1.302,0.157,Hurdle_zi,T0-T1,INTER,1,Lmean,0
Cerastium_fontanum,-1.302,0.157,Hurdle_zi,T0-T1,INTER,1,R0,1.5184623246973081
Cerastium_fontanum,-1.302,0.157,Hurdle_zi,T0-T1,INTER,1,Reactivity,3.027270925563423
Cerastium_fontanum,-1.302,0.157,Hurdle_zi,T0-T1,INTER,1,T_generation,0.005048904923272251
Cerastium_fontanum,-1.302,0.157,Hurdle_zi,T0-T1,INTER,1,age_repro,0.8873031950009029
Cerastium_fontanum,-1.302,0.157,Hurdle_zi,T0-T1,INTER,1,percapita_repro,4.522657764413627
Cirsium_arvense,-0.688,0.159,Hurdle_zi,T0-T1,INTER,1,FirstStepAtt,-3.3290015249469986
Cirsium_arvense,-0.688,0.159,Hurdle_zi,T0-T1,INTER,1,Lambda,NA
Cirsium_arvense,-0.688,0.159,Hurdle_zi,T0-T1,INTER,1,Lmax,1.0986122886681098
Cirsium_arvense,-0.688,0.159,Hurdle_zi,T0-T1,INTER,1,Lmean,0.1699960817758222
Cirsium_arvense,-0.688,0.159,Hurdle_zi,T0-T1,INTER,1,R0,3.228914980534981
Cirsium_arvense,-0.688,0.159,Hurdle_zi,T0-T1,INTER,1,Reactivity,4.0664130997692896
Cirsium_arvense,-0.688,0.159,Hurdle_zi,T0-T1,INTER,1,T_generation,0.7703612247372394
Cirsium_arvense,-0.688,0.159,Hurdle_zi,T0-T1,INTER,1,age_repro,1.162546762671639
Cirsium_arvense,-0.688,0.159,Hurdle_zi,T0-T1,INTER,1,percapita_repro,5.427985054670073
Cirsium_palustre,-1.289,0.398,Hurdle_zi,T0-T1,INTER,1,FirstStepAtt,-2.5937654771378247
Cirsium_palustre,-1.289,0.398,Hurdle_zi,T0-T1,INTER,1,Lambda,1.4428002172428838
Cirsium_palustre,-1.289,0.398,Hurdle_zi,T0-T1,INTER,1,Lmax,1.5273118956910914
Cirsium_palustre,-1.289,0.398,Hurdle_zi,T0-T1,INTER,1,Lmean,0.20135107219302092
Cirsium_palustre,-1.289,0.398,Hurdle_zi,T0-T1,INTER,1,R0,1.2807231364002392
Cirsium_palustre,-1.289,0.398,Hurdle_zi,T0-T1,INTER,1,Reactivity,4.898747288058175
Cirsium_palustre,-1.289,0.398,Hurdle_zi,T0-T1,INTER,1,T_generation,1.2255759905166659
Cirsium_palustre,-1.289,0.398,Hurdle_zi,T0-T1,INTER,1,age_repro,1.534647496889771
Cirsium_palustre,-1.289,0.398,Hurdle_zi,T0-T1,INTER,1,percapita_repro,4.957313127808717
Cirsium_vulgare,-1.146,0.251,Hurdle_zi,T0-T1,INTER,1,FirstStepAtt,-3.1910655226282234
Cirsium_vulgare,-1.146,0.251,Hurdle_zi,T0-T1,INTER,1,Lambda,0.7844344795818798
Cirsium_vulgare,-1.146,0.251,Hurdle_zi,T0-T1,INTER,1,Lmax,1.507973248367974
Cirsium_vulgare,-1.146,0.251,Hurdle_zi,T0-T1,INTER,1,Lmean,0.3479988332516422
Cirsium_vulgare,-1.146,0.251,Hurdle_zi,T0-T1,INTER,1,R0,-1.420279247517773
Cirsium_vulgare,-1.146,0.251,Hurdle_zi,T0-T1,INTER,1,Reactivity,2.641485998869525
Cirsium_vulgare,-1.146,0.251,Hurdle_zi,T0-T1,INTER,1,T_generation,1.4828783988333107
Cirsium_vulgare,-1.146,0.251,Hurdle_zi,T0-T1,INTER,1,age_repro,0.9323966804077027
Cirsium_vulgare,-1.146,0.251,Hurdle_zi,T0-T1,INTER,1,percapita_repro,1.89963041219607
Daucus_carota,-1.088,0.208,Hurdle_zi,T0-T1,INTER,1,FirstStepAtt,-4.040610337013186
Daucus_carota,-1.088,0.208,Hurdle_zi,T0-T1,INTER,1,Lambda,1.7161044748521754
Daucus_carota,-1.088,0.208,Hurdle_zi,T0-T1,INTER,1,Lmax,1.0986122886681098
Daucus_carota,-1.088,0.208,Hurdle_zi,T0-T1,INTER,1,Lmean,0.31834252276646996
Daucus_carota,-1.088,0.208,Hurdle_zi,T0-T1,INTER,1,R0,1.8196701629274532
Daucus_carota,-1.088,0.208,Hurdle_zi,T0-T1,INTER,1,Reactivity,NA
Daucus_carota,-1.088,0.208,Hurdle_zi,T0-T1,INTER,1,T_generation,1.189773196967312
Daucus_carota,-1.088,0.208,Hurdle_zi,T0-T1,INTER,1,age_repro,1.431272611901774
Daucus_carota,-1.088,0.208,Hurdle_zi,T0-T1,INTER,1,percapita_repro,NA
Echium_vulgare,-1.218,0.4,Hurdle_zi,T0-T1,INTER,1,FirstStepAtt,-1.4808281568478858
Echium_vulgare,-1.218,0.4,Hurdle_zi,T0-T1,INTER,1,Lambda,1.54759800300862
Echium_vulgare,-1.218,0.4,Hurdle_zi,T0-T1,INTER,1,Lmax,1.3862943611198906
Echium_vulgare,-1.218,0.4,Hurdle_zi,T0-T1,INTER,1,Lmean,0.5010758488001458
Echium_vulgare,-1.218,0.4,Hurdle_zi,T0-T1,INTER,1,R0,1.6034012709220467
Echium_vulgare,-1.218,0.4,Hurdle_zi,T0-T1,INTER,1,Reactivity,3.2663741200499037
Echium_vulgare,-1.218,0.4,Hurdle_zi,T0-T1,INTER,1,T_generation,1.287139504575711
Echium_vulgare,-1.218,0.4,Hurdle_zi,T0-T1,INTER,1,age_repro,1.3132909952863716
Echium_vulgare,-1.218,0.4,Hurdle_zi,T0-T1,INTER,1,percapita_repro,3.7030781735137492
Elymus_repens,-0.308,0.159,Hurdle_zi,T0-T1,INTER,1,FirstStepAtt,-19.608981934788076
Elymus_repens,-0.308,0.159,Hurdle_zi,T0-T1,INTER,1,Lambda,NA
Elymus_repens,-0.308,0.159,Hurdle_zi,T0-T1,INTER,1,Lmax,0.6931471805599453
Elymus_repens,-0.308,0.159,Hurdle_zi,T0-T1,INTER,1,Lmean,0.34830572665687204
Elymus_repens,-0.308,0.159,Hurdle_zi,T0-T1,INTER,1,R0,4.306802628082906
Elymus_repens,-0.308,0.159,Hurdle_zi,T0-T1,INTER,1,Reactivity,NA
Elymus_repens,-0.308,0.159,Hurdle_zi,T0-T1,INTER,1,T_generation,0.00771453240913415
Elymus_repens,-0.308,0.159,Hurdle_zi,T0-T1,INTER,1,age_repro,0
Elymus_repens,-0.308,0.159,Hurdle_zi,T0-T1,INTER,1,percapita_repro,-5.74205469871386
Erigeron_canadensis,-1.579,0.243,Hurdle_zi,T0-T1,INTER,1,FirstStepAtt,-2.9940372183428647
Erigeron_canadensis,-1.579,0.243,Hurdle_zi,T0-T1,INTER,1,Lambda,NA
Erigeron_canadensis,-1.579,0.243,Hurdle_zi,T0-T1,INTER,1,Lmax,0
Erigeron_canadensis,-1.579,0.243,Hurdle_zi,T0-T1,INTER,1,Lmean,0
Erigeron_canadensis,-1.579,0.243,Hurdle_zi,T0-T1,INTER,1,R0,2.750423016465953
Erigeron_canadensis,-1.579,0.243,Hurdle_zi,T0-T1,INTER,1,Reactivity,3.7256901124743216
Erigeron_canadensis,-1.579,0.243,Hurdle_zi,T0-T1,INTER,1,T_generation,0.1300250884192771
Erigeron_canadensis,-1.579,0.243,Hurdle_zi,T0-T1,INTER,1,age_repro,0.9159908368351705
Erigeron_canadensis,-1.579,0.243,Hurdle_zi,T0-T1,INTER,1,percapita_repro,5.684089841310465
Knautia_arvensis,-0.952,0.351,Hurdle_zi,T0-T1,INTER,1,FirstStepAtt,-2.956373754274904
Knautia_arvensis,-0.952,0.351,Hurdle_zi,T0-T1,INTER,1,Lambda,0.30764990872892994
Knautia_arvensis,-0.952,0.351,Hurdle_zi,T0-T1,INTER,1,Lmax,0.6931471805599453
Knautia_arvensis,-0.952,0.351,Hurdle_zi,T0-T1,INTER,1,Lmean,0.022139719151234638
Knautia_arvensis,-0.952,0.351,Hurdle_zi,T0-T1,INTER,1,R0,-9.95071325619903
Knautia_arvensis,-0.952,0.351,Hurdle_zi,T0-T1,INTER,1,Reactivity,0.35097071858090473
Knautia_arvensis,-0.952,0.351,Hurdle_zi,T0-T1,INTER,1,T_generation,NA
Knautia_arvensis,-0.952,0.351,Hurdle_zi,T0-T1,INTER,1,age_repro,0.9322894183877876
Knautia_arvensis,-0.952,0.351,Hurdle_zi,T0-T1,INTER,1,percapita_repro,-4.367646677748796
Lactuca_serriola,-1.383,0.31,Hurdle_zi,T0-T1,INTER,1,FirstStepAtt,-2.5276283678174485
Lactuca_serriola,-1.383,0.31,Hurdle_zi,T0-T1,INTER,1,Lambda,NA
Lactuca_serriola,-1.383,0.31,Hurdle_zi,T0-T1,INTER,1,Lmax,0
Lactuca_serriola,-1.383,0.31,Hurdle_zi,T0-T1,INTER,1,Lmean,0
Lactuca_serriola,-1.383,0.31,Hurdle_zi,T0-T1,INTER,1,R0,2.961708269076509
Lactuca_serriola,-1.383,0.31,Hurdle_zi,T0-T1,INTER,1,Reactivity,5.096932718325193
Lactuca_serriola,-1.383,0.31,Hurdle_zi,T0-T1,INTER,1,T_generation,0.08738433516364566
Lactuca_serriola,-1.383,0.31,Hurdle_zi,T0-T1,INTER,1,age_repro,1.2839753424841123
Lactuca_serriola,-1.383,0.31,Hurdle_zi,T0-T1,INTER,1,percapita_repro,7.147653680580111
Linum_catharticum,-1.516,0.329,Hurdle_zi,T0-T1,INTER,1,FirstStepAtt,-3.1953085121694222
Linum_catharticum,-1.516,0.329,Hurdle_zi,T0-T1,INTER,1,Lambda,NA
Linum_catharticum,-1.516,0.329,Hurdle_zi,T0-T1,INTER,1,Lmax,2.0794415416798357
Linum_catharticum,-1.516,0.329,Hurdle_zi,T0-T1,INTER,1,Lmean,0.7715798705141755
Linum_catharticum,-1.516,0.329,Hurdle_zi,T0-T1,INTER,1,R0,1.7942778474769048
Linum_catharticum,-1.516,0.329,Hurdle_zi,T0-T1,INTER,1,Reactivity,3.8165083573910685
Linum_catharticum,-1.516,0.329,Hurdle_zi,T0-T1,INTER,1,T_generation,0.30079171330480015
Linum_catharticum,-1.516,0.329,Hurdle_zi,T0-T1,INTER,1,age_repro,0.7034715243015948
Linum_catharticum,-1.516,0.329,Hurdle_zi,T0-T1,INTER,1,percapita_repro,3.0328521355315146
Picris_hieracioides,-0.726,0.195,Hurdle_zi,T0-T1,INTER,1,FirstStepAtt,-4.012603074068456
Picris_hieracioides,-0.726,0.195,Hurdle_zi,T0-T1,INTER,1,Lambda,0.8846497432296893
Picris_hieracioides,-0.726,0.195,Hurdle_zi,T0-T1,INTER,1,Lmax,0.6931471805599453
Picris_hieracioides,-0.726,0.195,Hurdle_zi,T0-T1,INTER,1,Lmean,0.025497751793431413
Picris_hieracioides,-0.726,0.195,Hurdle_zi,T0-T1,INTER,1,R0,-0.5012341883972119
Picris_hieracioides,-0.726,0.195,Hurdle_zi,T0-T1,INTER,1,Reactivity,5.739334580340471
Picris_hieracioides,-0.726,0.195,Hurdle_zi,T0-T1,INTER,1,T_generation,1.4151934417967624
Picris_hieracioides,-0.726,0.195,Hurdle_zi,T0-T1,INTER,1,age_repro,1.5430234695350933
Picris_hieracioides,-0.726,0.195,Hurdle_zi,T0-T1,INTER,1,percapita_repro,5.616771097666572
Pimpinella_saxifraga,-0.983,0.319,Hurdle_zi,T0-T1,INTER,1,FirstStepAtt,-0.5923077657542147
Pimpinella_saxifraga,-0.983,0.319,Hurdle_zi,T0-T1,INTER,1,Lambda,0.9547406316474248
Pimpinella_saxifraga,-0.983,0.319,Hurdle_zi,T0-T1,INTER,1,Lmax,3.2778313935718644
Pimpinella_saxifraga,-0.983,0.319,Hurdle_zi,T0-T1,INTER,1,Lmean,1.3985454207581605
Pimpinella_saxifraga,-0.983,0.319,Hurdle_zi,T0-T1,INTER,1,R0,-0.7090626241047243
Pimpinella_saxifraga,-0.983,0.319,Hurdle_zi,T0-T1,INTER,1,Reactivity,0.9233752615973371
Pimpinella_saxifraga,-0.983,0.319,Hurdle_zi,T0-T1,INTER,1,T_generation,2.7756138699245225
Pimpinella_saxifraga,-0.983,0.319,Hurdle_zi,T0-T1,INTER,1,age_repro,1.7819632124517442
Pimpinella_saxifraga,-0.983,0.319,Hurdle_zi,T0-T1,INTER,1,percapita_repro,-0.1635626778133
Plantago_coronopus,-1.144,0.254,Hurdle_zi,T0-T1,INTER,1,FirstStepAtt,-1.0607821044920802
Plantago_coronopus,-1.144,0.254,Hurdle_zi,T0-T1,INTER,1,Lambda,0.8883340096307588
Plantago_coronopus,-1.144,0.254,Hurdle_zi,T0-T1,INTER,1,Lmax,1.907994489728227
Plantago_coronopus,-1.144,0.254,Hurdle_zi,T0-T1,INTER,1,Lmean,0.5836315540514999
Plantago_coronopus,-1.144,0.254,Hurdle_zi,T0-T1,INTER,1,R0,-0.7679497099488539
Plantago_coronopus,-1.144,0.254,Hurdle_zi,T0-T1,INTER,1,Reactivity,1.2700917455756844
Plantago_coronopus,-1.144,0.254,Hurdle_zi,T0-T1,INTER,1,T_generation,1.4792349913940708
Plantago_coronopus,-1.144,0.254,Hurdle_zi,T0-T1,INTER,1,age_repro,0.7227032675127357
Plantago_coronopus,-1.144,0.254,Hurdle_zi,T0-T1,INTER,1,percapita_repro,-0.16078899600806454
Plantago_media,-1.143,0.312,Hurdle_zi,T0-T1,INTER,1,FirstStepAtt,-2.5216721506920545
Plantago_media,-1.143,0.312,Hurdle_zi,T0-T1,INTER,1,Lambda,0.9166479924897526
Plantago_media,-1.143,0.312,Hurdle_zi,T0-T1,INTER,1,Lmax,1.7178918965462198
Plantago_media,-1.143,0.312,Hurdle_zi,T0-T1,INTER,1,Lmean,0.240093455091011
Plantago_media,-1.143,0.312,Hurdle_zi,T0-T1,INTER,1,R0,-3.703632943874186
Plantago_media,-1.143,0.312,Hurdle_zi,T0-T1,INTER,1,Reactivity,0.9115891884505661
Plantago_media,-1.143,0.312,Hurdle_zi,T0-T1,INTER,1,T_generation,3.2830740541662764
Plantago_media,-1.143,0.312,Hurdle_zi,T0-T1,INTER,1,age_repro,2.050568331584061
Plantago_media,-1.143,0.312,Hurdle_zi,T0-T1,INTER,1,percapita_repro,0.21247852101489456
Potentilla_recta,-1.24,0.28,Hurdle_zi,T0-T1,INTER,1,FirstStepAtt,-1.2072466251783427
Potentilla_recta,-1.24,0.28,Hurdle_zi,T0-T1,INTER,1,Lambda,1.3233051390988662
Potentilla_recta,-1.24,0.28,Hurdle_zi,T0-T1,INTER,1,Lmax,2.8995463272302633
Potentilla_recta,-1.24,0.28,Hurdle_zi,T0-T1,INTER,1,Lmean,1.114174982541197
Potentilla_recta,-1.24,0.28,Hurdle_zi,T0-T1,INTER,1,R0,-Inf
Potentilla_recta,-1.24,0.28,Hurdle_zi,T0-T1,INTER,1,Reactivity,2.3355670141886495
Potentilla_recta,-1.24,0.28,Hurdle_zi,T0-T1,INTER,1,T_generation,1.1285664763465502
Potentilla_recta,-1.24,0.28,Hurdle_zi,T0-T1,INTER,1,age_repro,1.470241457035962
Potentilla_recta,-1.24,0.28,Hurdle_zi,T0-T1,INTER,1,percapita_repro,5.184136566294191
Primula_elatior,-1.22,0.471,Hurdle_zi,T0-T1,INTER,1,FirstStepAtt,-2.5752591198739894
Primula_elatior,-1.22,0.471,Hurdle_zi,T0-T1,INTER,1,Lambda,1.0243599289476764
Primula_elatior,-1.22,0.471,Hurdle_zi,T0-T1,INTER,1,Lmax,3.078214221499716
Primula_elatior,-1.22,0.471,Hurdle_zi,T0-T1,INTER,1,Lmean,0.9348686606054332
Primula_elatior,-1.22,0.471,Hurdle_zi,T0-T1,INTER,1,R0,-0.1983437887657272
Primula_elatior,-1.22,0.471,Hurdle_zi,T0-T1,INTER,1,Reactivity,1.2375774274497275
Primula_elatior,-1.22,0.471,Hurdle_zi,T0-T1,INTER,1,T_generation,2.774342942782747
Primula_elatior,-1.22,0.471,Hurdle_zi,T0-T1,INTER,1,age_repro,1.5965918444925693
Primula_elatior,-1.22,0.471,Hurdle_zi,T0-T1,INTER,1,percapita_repro,0.6906312588074858
Primula_veris,-1.249,0.356,Hurdle_zi,T0-T1,INTER,1,FirstStepAtt,-3.0996415326914413
Primula_veris,-1.249,0.356,Hurdle_zi,T0-T1,INTER,1,Lambda,0.9177166512186883
Primula_veris,-1.249,0.356,Hurdle_zi,T0-T1,INTER,1,Lmax,1.777554626801171
Primula_veris,-1.249,0.356,Hurdle_zi,T0-T1,INTER,1,Lmean,0.34573408996051475
Primula_veris,-1.249,0.356,Hurdle_zi,T0-T1,INTER,1,R0,-3.531205384831014
Primula_veris,-1.249,0.356,Hurdle_zi,T0-T1,INTER,1,Reactivity,1.8406103144604358
Primula_veris,-1.249,0.356,Hurdle_zi,T0-T1,INTER,1,T_generation,3.266151130174338
Primula_veris,-1.249,0.356,Hurdle_zi,T0-T1,INTER,1,age_repro,2.1007008996065113
Primula_veris,-1.249,0.356,Hurdle_zi,T0-T1,INTER,1,percapita_repro,1.3057574210790406
Ranunculus_acris,-1.192,0.169,Hurdle_zi,T0-T1,INTER,1,FirstStepAtt,-2.223673155588096
Ranunculus_acris,-1.192,0.169,Hurdle_zi,T0-T1,INTER,1,Lambda,1.1474253581153837
Ranunculus_acris,-1.192,0.169,Hurdle_zi,T0-T1,INTER,1,Lmax,1.791759469228055
Ranunculus_acris,-1.192,0.169,Hurdle_zi,T0-T1,INTER,1,Lmean,0.2694368352850546
Ranunculus_acris,-1.192,0.169,Hurdle_zi,T0-T1,INTER,1,R0,0.4291243489821683
Ranunculus_acris,-1.192,0.169,Hurdle_zi,T0-T1,INTER,1,Reactivity,1.8978523971700296
Ranunculus_acris,-1.192,0.169,Hurdle_zi,T0-T1,INTER,1,T_generation,1.3335494740785472
Ranunculus_acris,-1.192,0.169,Hurdle_zi,T0-T1,INTER,1,age_repro,1.1167312512505851
Ranunculus_acris,-1.192,0.169,Hurdle_zi,T0-T1,INTER,1,percapita_repro,1.9401794743463283
Ratibida_columnifera,-1.334,0.431,Hurdle_zi,T0-T1,INTER,1,FirstStepAtt,-0.002056079496990296
Ratibida_columnifera,-1.334,0.431,Hurdle_zi,T0-T1,INTER,1,Lambda,0.7243603858174655
Ratibida_columnifera,-1.334,0.431,Hurdle_zi,T0-T1,INTER,1,Lmax,0.8751993382067543
Ratibida_columnifera,-1.334,0.431,Hurdle_zi,T0-T1,INTER,1,Lmean,0.15118484663816348
Ratibida_columnifera,-1.334,0.431,Hurdle_zi,T0-T1,INTER,1,R0,-0.18377717828257087
Ratibida_columnifera,-1.334,0.431,Hurdle_zi,T0-T1,INTER,1,Reactivity,0.0047432640012664016
Ratibida_columnifera,-1.334,0.431,Hurdle_zi,T0-T1,INTER,1,T_generation,0.18788835999659365
Ratibida_columnifera,-1.334,0.431,Hurdle_zi,T0-T1,INTER,1,age_repro,0
Ratibida_columnifera,-1.334,0.431,Hurdle_zi,T0-T1,INTER,1,percapita_repro,-0.3349620249207343
Salsola_kali,-1.297,0.366,Hurdle_zi,T0-T1,INTER,1,FirstStepAtt,-7.23761455341241
Salsola_kali,-1.297,0.366,Hurdle_zi,T0-T1,INTER,1,Lambda,0.589687496520467
Salsola_kali,-1.297,0.366,Hurdle_zi,T0-T1,INTER,1,Lmax,1.0986122886681098
Salsola_kali,-1.297,0.366,Hurdle_zi,T0-T1,INTER,1,Lmean,0.6329527878317025
Salsola_kali,-1.297,0.366,Hurdle_zi,T0-T1,INTER,1,R0,-3.1690448866467187
Salsola_kali,-1.297,0.366,Hurdle_zi,T0-T1,INTER,1,Reactivity,NA
Salsola_kali,-1.297,0.366,Hurdle_zi,T0-T1,INTER,1,T_generation,1.7917877371801434
Salsola_kali,-1.297,0.366,Hurdle_zi,T0-T1,INTER,1,age_repro,1.7917761374226397
Salsola_kali,-1.297,0.366,Hurdle_zi,T0-T1,INTER,1,percapita_repro,NA
Scabiosa_columbaria,-1.223,0.471,Hurdle_zi,T0-T1,INTER,1,FirstStepAtt,-0.25733963460191384
Scabiosa_columbaria,-1.223,0.471,Hurdle_zi,T0-T1,INTER,1,Lambda,1.0296135539128584
Scabiosa_columbaria,-1.223,0.471,Hurdle_zi,T0-T1,INTER,1,Lmax,3.1354942159291497
Scabiosa_columbaria,-1.223,0.471,Hurdle_zi,T0-T1,INTER,1,Lmean,1.6713567260626774
Scabiosa_columbaria,-1.223,0.471,Hurdle_zi,T0-T1,INTER,1,R0,0.20533632722506642
Scabiosa_columbaria,-1.223,0.471,Hurdle_zi,T0-T1,INTER,1,Reactivity,1.8699344460843945
Scabiosa_columbaria,-1.223,0.471,Hurdle_zi,T0-T1,INTER,1,T_generation,1.9091809950068628
Scabiosa_columbaria,-1.223,0.471,Hurdle_zi,T0-T1,INTER,1,age_repro,1.8510989090143637
Scabiosa_columbaria,-1.223,0.471,Hurdle_zi,T0-T1,INTER,1,percapita_repro,1.7867469274045107
Sphaeralcea_coccinea,-1.393,0.303,Hurdle_zi,T0-T1,INTER,1,FirstStepAtt,-0.021668930362796438
Sphaeralcea_coccinea,-1.393,0.303,Hurdle_zi,T0-T1,INTER,1,Lambda,0.9140916052986946
Sphaeralcea_coccinea,-1.393,0.303,Hurdle_zi,T0-T1,INTER,1,Lmax,1.1291966833851346
Sphaeralcea_coccinea,-1.393,0.303,Hurdle_zi,T0-T1,INTER,1,Lmean,0.18479959171993668
Sphaeralcea_coccinea,-1.393,0.303,Hurdle_zi,T0-T1,INTER,1,R0,-0.1631566065473073
Sphaeralcea_coccinea,-1.393,0.303,Hurdle_zi,T0-T1,INTER,1,Reactivity,0.06479482429602482
Sphaeralcea_coccinea,-1.393,0.303,Hurdle_zi,T0-T1,INTER,1,T_generation,0.24224692726379177
Sphaeralcea_coccinea,-1.393,0.303,Hurdle_zi,T0-T1,INTER,1,age_repro,0
Sphaeralcea_coccinea,-1.393,0.303,Hurdle_zi,T0-T1,INTER,1,percapita_repro,-0.347956198267244
Stenaria_nigricans,-0.817,0.322,Hurdle_zi,T0-T1,INTER,1,FirstStepAtt,-0.001506241946231945
Stenaria_nigricans,-0.817,0.322,Hurdle_zi,T0-T1,INTER,1,Lambda,0.9901413361648121
Stenaria_nigricans,-0.817,0.322,Hurdle_zi,T0-T1,INTER,1,Lmax,0.8841014310483891
Stenaria_nigricans,-0.817,0.322,Hurdle_zi,T0-T1,INTER,1,Lmean,0.1061701762787086
Stenaria_nigricans,-0.817,0.322,Hurdle_zi,T0-T1,INTER,1,R0,0.21085254589803137
Stenaria_nigricans,-0.817,0.322,Hurdle_zi,T0-T1,INTER,1,Reactivity,0.009202684809058356
Stenaria_nigricans,-0.817,0.322,Hurdle_zi,T0-T1,INTER,1,T_generation,0.10216634557653173
Stenaria_nigricans,-0.817,0.322,Hurdle_zi,T0-T1,INTER,1,age_repro,0
Stenaria_nigricans,-0.817,0.322,Hurdle_zi,T0-T1,INTER,1,percapita_repro,0.10468236961932272
Taraxacum_campylodes,-1.333,0.354,Hurdle_zi,T0-T1,INTER,1,FirstStepAtt,-2.3531148413315983
Taraxacum_campylodes,-1.333,0.354,Hurdle_zi,T0-T1,INTER,1,Lambda,0.08041791145870329
Taraxacum_campylodes,-1.333,0.354,Hurdle_zi,T0-T1,INTER,1,Lmax,0.5493061443340549
Taraxacum_campylodes,-1.333,0.354,Hurdle_zi,T0-T1,INTER,1,Lmean,0.06773896227809098
Taraxacum_campylodes,-1.333,0.354,Hurdle_zi,T0-T1,INTER,1,R0,-Inf
Taraxacum_campylodes,-1.333,0.354,Hurdle_zi,T0-T1,INTER,1,Reactivity,2.4046693226371185
Taraxacum_campylodes,-1.333,0.354,Hurdle_zi,T0-T1,INTER,1,T_generation,NA
Taraxacum_campylodes,-1.333,0.354,Hurdle_zi,T0-T1,INTER,1,age_repro,0
Taraxacum_campylodes,-1.333,0.354,Hurdle_zi,T0-T1,INTER,1,percapita_repro,-11.213549524439351
Thymus_vulgaris,-1.214,0.38,Hurdle_zi,T0-T1,INTER,1,FirstStepAtt,-0.005866973847378982
Thymus_vulgaris,-1.214,0.38,Hurdle_zi,T0-T1,INTER,1,Lambda,0.9926751959162854
Thymus_vulgaris,-1.214,0.38,Hurdle_zi,T0-T1,INTER,1,Lmax,5.964961904446033
Thymus_vulgaris,-1.214,0.38,Hurdle_zi,T0-T1,INTER,1,Lmean,4.459892288650257
Thymus_vulgaris,-1.214,0.38,Hurdle_zi,T0-T1,INTER,1,R0,-1.07189733945768
Thymus_vulgaris,-1.214,0.38,Hurdle_zi,T0-T1,INTER,1,Reactivity,0.010349758754626258
Thymus_vulgaris,-1.214,0.38,Hurdle_zi,T0-T1,INTER,1,T_generation,NA
Thymus_vulgaris,-1.214,0.38,Hurdle_zi,T0-T1,INTER,1,age_repro,NA
Thymus_vulgaris,-1.214,0.38,Hurdle_zi,T0-T1,INTER,1,percapita_repro,-5.143380039347928
Verbascum_thapsus,-0.719,0.32,Hurdle_zi,T0-T1,INTER,1,FirstStepAtt,-4.012613096092431
Verbascum_thapsus,-0.719,0.32,Hurdle_zi,T0-T1,INTER,1,Lambda,NA
Verbascum_thapsus,-0.719,0.32,Hurdle_zi,T0-T1,INTER,1,Lmax,0.6931471805599453
Verbascum_thapsus,-0.719,0.32,Hurdle_zi,T0-T1,INTER,1,Lmean,0.05129369438747054
Verbascum_thapsus,-0.719,0.32,Hurdle_zi,T0-T1,INTER,1,R0,3.381715911075376
Verbascum_thapsus,-0.719,0.32,Hurdle_zi,T0-T1,INTER,1,Reactivity,NA
Verbascum_thapsus,-0.719,0.32,Hurdle_zi,T0-T1,INTER,1,T_generation,0.7764348966557838
Verbascum_thapsus,-0.719,0.32,Hurdle_zi,T0-T1,INTER,1,age_repro,2.5523449856956373
Verbascum_thapsus,-0.719,0.32,Hurdle_zi,T0-T1,INTER,1,percapita_repro,NA
Veronica_arvensis,-1.629,0.208,Hurdle_zi,T0-T1,INTER,1,FirstStepAtt,-1.3609972168245543
Veronica_arvensis,-1.629,0.208,Hurdle_zi,T0-T1,INTER,1,Lambda,1.0575348190993947
Veronica_arvensis,-1.629,0.208,Hurdle_zi,T0-T1,INTER,1,Lmax,0.12924850454918937
Veronica_arvensis,-1.629,0.208,Hurdle_zi,T0-T1,INTER,1,Lmean,0.05244694819316372
Veronica_arvensis,-1.629,0.208,Hurdle_zi,T0-T1,INTER,1,R0,-0.014999404757933873
Veronica_arvensis,-1.629,0.208,Hurdle_zi,T0-T1,INTER,1,Reactivity,1.7913324339405632
Veronica_arvensis,-1.629,0.208,Hurdle_zi,T0-T1,INTER,1,T_generation,0.4178504962611216
Veronica_arvensis,-1.629,0.208,Hurdle_zi,T0-T1,INTER,1,age_repro,0.8907769885320955
Veronica_arvensis,-1.629,0.208,Hurdle_zi,T0-T1,INTER,1,percapita_repro,1.8152156216155975
Agrimonia_eupatoria,-2.315,0.207,Ordbeta,T0-T1,INTER,1,FirstStepAtt,-0.40426778811109665
Agrimonia_eupatoria,-2.315,0.207,Ordbeta,T0-T1,INTER,1,Lambda,0.99064442494128635
Agrimonia_eupatoria,-2.315,0.207,Ordbeta,T0-T1,INTER,1,Lmax,4.5330412476880015
Agrimonia_eupatoria,-2.315,0.207,Ordbeta,T0-T1,INTER,1,Lmean,2.276623485281897
Agrimonia_eupatoria,-2.315,0.207,Ordbeta,T0-T1,INTER,1,R0,-0.3812702083300579
Agrimonia_eupatoria,-2.315,0.207,Ordbeta,T0-T1,INTER,1,Reactivity,0.19207496843703886
Agrimonia_eupatoria,-2.315,0.207,Ordbeta,T0-T1,INTER,1,T_generation,3.6207086258222287
Agrimonia_eupatoria,-2.315,0.207,Ordbeta,T0-T1,INTER,1,age_repro,2.087394345070076
Agrimonia_eupatoria,-2.315,0.207,Ordbeta,T0-T1,INTER,1,percapita_repro,-1.5661843426366495
Allium_vineale,-2.7,0.387,Ordbeta,T0-T1,INTER,1,FirstStepAtt,-2.036030904211625
Allium_vineale,-2.7,0.387,Ordbeta,T0-T1,INTER,1,Lambda,1.170906773884173
Allium_vineale,-2.7,0.387,Ordbeta,T0-T1,INTER,1,Lmax,1.0986122886681098
Allium_vineale,-2.7,0.387,Ordbeta,T0-T1,INTER,1,Lmean,0.16647352389668973
Allium_vineale,-2.7,0.387,Ordbeta,T0-T1,INTER,1,R0,0.3408368280021561
Allium_vineale,-2.7,0.387,Ordbeta,T0-T1,INTER,1,Reactivity,2.1940830508207325
Allium_vineale,-2.7,0.387,Ordbeta,T0-T1,INTER,1,T_generation,0.7635325690826141
Allium_vineale,-2.7,0.387,Ordbeta,T0-T1,INTER,1,age_repro,1.2000990079409088
Allium_vineale,-2.7,0.387,Ordbeta,T0-T1,INTER,1,percapita_repro,2.3368650630604555
Andropogon_gerardii,-1.071,0.205,Ordbeta,T0-T1,INTER,1,FirstStepAtt,-1.1908608264270113
Andropogon_gerardii,-1.071,0.205,Ordbeta,T0-T1,INTER,1,Lambda,1.50587325216984
Andropogon_gerardii,-1.071,0.205,Ordbeta,T0-T1,INTER,1,Lmax,1.764891121214301
Andropogon_gerardii,-1.071,0.205,Ordbeta,T0-T1,INTER,1,Lmean,0.6723210807858808
Andropogon_gerardii,-1.071,0.205,Ordbeta,T0-T1,INTER,1,R0,0.8354773555720532
Andropogon_gerardii,-1.071,0.205,Ordbeta,T0-T1,INTER,1,Reactivity,1.7926841280473305
Andropogon_gerardii,-1.071,0.205,Ordbeta,T0-T1,INTER,1,T_generation,0.7395193223181741
Andropogon_gerardii,-1.071,0.205,Ordbeta,T0-T1,INTER,1,age_repro,0.7862530575220442
Andropogon_gerardii,-1.071,0.205,Ordbeta,T0-T1,INTER,1,percapita_repro,2.0924307697315556
Arenaria_serpyllifolia,-2.494,0.264,Ordbeta,T0-T1,INTER,1,FirstStepAtt,-2.2176497264357233
Arenaria_serpyllifolia,-2.494,0.264,Ordbeta,T0-T1,INTER,1,Lambda,0.860684361881849
Arenaria_serpyllifolia,-2.494,0.264,Ordbeta,T0-T1,INTER,1,Lmax,0
Arenaria_serpyllifolia,-2.494,0.264,Ordbeta,T0-T1,INTER,1,Lmean,0
Arenaria_serpyllifolia,-2.494,0.264,Ordbeta,T0-T1,INTER,1,R0,0.13128547046852534
Arenaria_serpyllifolia,-2.494,0.264,Ordbeta,T0-T1,INTER,1,Reactivity,2.5929750386335604
Arenaria_serpyllifolia,-2.494,0.264,Ordbeta,T0-T1,INTER,1,T_generation,0.16988583066600282
Arenaria_serpyllifolia,-2.494,0.264,Ordbeta,T0-T1,INTER,1,age_repro,0.8303384136066279
Arenaria_serpyllifolia,-2.494,0.264,Ordbeta,T0-T1,INTER,1,percapita_repro,2.639396025140823
Armeria_maritima,-2.679,0.291,Ordbeta,T0-T1,INTER,1,FirstStepAtt,-2.2414258727445255
Armeria_maritima,-2.679,0.291,Ordbeta,T0-T1,INTER,1,Lambda,1.458043853064239
Armeria_maritima,-2.679,0.291,Ordbeta,T0-T1,INTER,1,Lmax,2.995732273553991
Armeria_maritima,-2.679,0.291,Ordbeta,T0-T1,INTER,1,Lmean,0.6122577291406874
Armeria_maritima,-2.679,0.291,Ordbeta,T0-T1,INTER,1,R0,4.445083646052526
Armeria_maritima,-2.679,0.291,Ordbeta,T0-T1,INTER,1,Reactivity,5.495776723555247
Armeria_maritima,-2.679,0.291,Ordbeta,T0-T1,INTER,1,T_generation,2.099604255961898
Armeria_maritima,-2.679,0.291,Ordbeta,T0-T1,INTER,1,age_repro,1.5255005163472148
Armeria_maritima,-2.679,0.291,Ordbeta,T0-T1,INTER,1,percapita_repro,3.617282020171661
Centaurea_jacea,-2.435,0.215,Ordbeta,T0-T1,INTER,1,FirstStepAtt,-0.6368104471974831
Centaurea_jacea,-2.435,0.215,Ordbeta,T0-T1,INTER,1,Lambda,0.9157150879324936
Centaurea_jacea,-2.435,0.215,Ordbeta,T0-T1,INTER,1,Lmax,2.4003251984703664
Centaurea_jacea,-2.435,0.215,Ordbeta,T0-T1,INTER,1,Lmean,1.3722715793325009
Centaurea_jacea,-2.435,0.215,Ordbeta,T0-T1,INTER,1,R0,-3.4842742317189583
Centaurea_jacea,-2.435,0.215,Ordbeta,T0-T1,INTER,1,Reactivity,0.41685764138114395
Centaurea_jacea,-2.435,0.215,Ordbeta,T0-T1,INTER,1,T_generation,2.978872381362829
Centaurea_jacea,-2.435,0.215,Ordbeta,T0-T1,INTER,1,age_repro,1.6363011514297372
Centaurea_jacea,-2.435,0.215,Ordbeta,T0-T1,INTER,1,percapita_repro,-1.7828083742933423
Cerastium_fontanum,-2.488,0.133,Ordbeta,T0-T1,INTER,1,FirstStepAtt,-2.696031853083466
Cerastium_fontanum,-2.488,0.133,Ordbeta,T0-T1,INTER,1,Lambda,NA
Cerastium_fontanum,-2.488,0.133,Ordbeta,T0-T1,INTER,1,Lmax,0
Cerastium_fontanum,-2.488,0.133,Ordbeta,T0-T1,INTER,1,Lmean,0
Cerastium_fontanum,-2.488,0.133,Ordbeta,T0-T1,INTER,1,R0,1.5184623246973081
Cerastium_fontanum,-2.488,0.133,Ordbeta,T0-T1,INTER,1,Reactivity,3.027270925563423
Cerastium_fontanum,-2.488,0.133,Ordbeta,T0-T1,INTER,1,T_generation,0.005048904923272251
Cerastium_fontanum,-2.488,0.133,Ordbeta,T0-T1,INTER,1,age_repro,0.8873031950009029
Cerastium_fontanum,-2.488,0.133,Ordbeta,T0-T1,INTER,1,percapita_repro,4.522657764413627
Cirsium_arvense,-1.987,0.144,Ordbeta,T0-T1,INTER,1,FirstStepAtt,-3.3290015249469986
Cirsium_arvense,-1.987,0.144,Ordbeta,T0-T1,INTER,1,Lambda,NA
Cirsium_arvense,-1.987,0.144,Ordbeta,T0-T1,INTER,1,Lmax,1.0986122886681098
Cirsium_arvense,-1.987,0.144,Ordbeta,T0-T1,INTER,1,Lmean,0.1699960817758222
Cirsium_arvense,-1.987,0.144,Ordbeta,T0-T1,INTER,1,R0,3.228914980534981
Cirsium_arvense,-1.987,0.144,Ordbeta,T0-T1,INTER,1,Reactivity,4.0664130997692896
Cirsium_arvense,-1.987,0.144,Ordbeta,T0-T1,INTER,1,T_generation,0.7703612247372394
Cirsium_arvense,-1.987,0.144,Ordbeta,T0-T1,INTER,1,age_repro,1.162546762671639
Cirsium_arvense,-1.987,0.144,Ordbeta,T0-T1,INTER,1,percapita_repro,5.427985054670073
Cirsium_palustre,-2.536,0.362,Ordbeta,T0-T1,INTER,1,FirstStepAtt,-2.5937654771378247
Cirsium_palustre,-2.536,0.362,Ordbeta,T0-T1,INTER,1,Lambda,1.4428002172428838
Cirsium_palustre,-2.536,0.362,Ordbeta,T0-T1,INTER,1,Lmax,1.5273118956910914
Cirsium_palustre,-2.536,0.362,Ordbeta,T0-T1,INTER,1,Lmean,0.20135107219302092
Cirsium_palustre,-2.536,0.362,Ordbeta,T0-T1,INTER,1,R0,1.2807231364002392
Cirsium_palustre,-2.536,0.362,Ordbeta,T0-T1,INTER,1,Reactivity,4.898747288058175
Cirsium_palustre,-2.536,0.362,Ordbeta,T0-T1,INTER,1,T_generation,1.2255759905166659
Cirsium_palustre,-2.536,0.362,Ordbeta,T0-T1,INTER,1,age_repro,1.534647496889771
Cirsium_palustre,-2.536,0.362,Ordbeta,T0-T1,INTER,1,percapita_repro,4.957313127808717
Cirsium_vulgare,-2.583,0.229,Ordbeta,T0-T1,INTER,1,FirstStepAtt,-3.1910655226282234
Cirsium_vulgare,-2.583,0.229,Ordbeta,T0-T1,INTER,1,Lambda,0.7844344795818798
Cirsium_vulgare,-2.583,0.229,Ordbeta,T0-T1,INTER,1,Lmax,1.507973248367974
Cirsium_vulgare,-2.583,0.229,Ordbeta,T0-T1,INTER,1,Lmean,0.3479988332516422
Cirsium_vulgare,-2.583,0.229,Ordbeta,T0-T1,INTER,1,R0,-1.420279247517773
Cirsium_vulgare,-2.583,0.229,Ordbeta,T0-T1,INTER,1,Reactivity,2.641485998869525
Cirsium_vulgare,-2.583,0.229,Ordbeta,T0-T1,INTER,1,T_generation,1.4828783988333107
Cirsium_vulgare,-2.583,0.229,Ordbeta,T0-T1,INTER,1,age_repro,0.9323966804077027
Cirsium_vulgare,-2.583,0.229,Ordbeta,T0-T1,INTER,1,percapita_repro,1.89963041219607
Daucus_carota,-2.255,0.182,Ordbeta,T0-T1,INTER,1,FirstStepAtt,-4.040610337013186
Daucus_carota,-2.255,0.182,Ordbeta,T0-T1,INTER,1,Lambda,1.7161044748521754
Daucus_carota,-2.255,0.182,Ordbeta,T0-T1,INTER,1,Lmax,1.0986122886681098
Daucus_carota,-2.255,0.182,Ordbeta,T0-T1,INTER,1,Lmean,0.31834252276646996
Daucus_carota,-2.255,0.182,Ordbeta,T0-T1,INTER,1,R0,1.8196701629274532
Daucus_carota,-2.255,0.182,Ordbeta,T0-T1,INTER,1,Reactivity,NA
Daucus_carota,-2.255,0.182,Ordbeta,T0-T1,INTER,1,T_generation,1.189773196967312
Daucus_carota,-2.255,0.182,Ordbeta,T0-T1,INTER,1,age_repro,1.431272611901774
Daucus_carota,-2.255,0.182,Ordbeta,T0-T1,INTER,1,percapita_repro,NA
Echium_vulgare,-2.607,0.369,Ordbeta,T0-T1,INTER,1,FirstStepAtt,-1.4808281568478858
Echium_vulgare,-2.607,0.369,Ordbeta,T0-T1,INTER,1,Lambda,1.54759800300862
Echium_vulgare,-2.607,0.369,Ordbeta,T0-T1,INTER,1,Lmax,1.3862943611198906
Echium_vulgare,-2.607,0.369,Ordbeta,T0-T1,INTER,1,Lmean,0.5010758488001458
Echium_vulgare,-2.607,0.369,Ordbeta,T0-T1,INTER,1,R0,1.6034012709220467
Echium_vulgare,-2.607,0.369,Ordbeta,T0-T1,INTER,1,Reactivity,3.2663741200499037
Echium_vulgare,-2.607,0.369,Ordbeta,T0-T1,INTER,1,T_generation,1.287139504575711
Echium_vulgare,-2.607,0.369,Ordbeta,T0-T1,INTER,1,age_repro,1.3132909952863716
Echium_vulgare,-2.607,0.369,Ordbeta,T0-T1,INTER,1,percapita_repro,3.7030781735137492
Elymus_repens,-1.644,0.147,Ordbeta,T0-T1,INTER,1,FirstStepAtt,-19.608981934788076
Elymus_repens,-1.644,0.147,Ordbeta,T0-T1,INTER,1,Lambda,NA
Elymus_repens,-1.644,0.147,Ordbeta,T0-T1,INTER,1,Lmax,0.6931471805599453
Elymus_repens,-1.644,0.147,Ordbeta,T0-T1,INTER,1,Lmean,0.34830572665687204
Elymus_repens,-1.644,0.147,Ordbeta,T0-T1,INTER,1,R0,4.306802628082906
Elymus_repens,-1.644,0.147,Ordbeta,T0-T1,INTER,1,Reactivity,NA
Elymus_repens,-1.644,0.147,Ordbeta,T0-T1,INTER,1,T_generation,0.00771453240913415
Elymus_repens,-1.644,0.147,Ordbeta,T0-T1,INTER,1,age_repro,0
Elymus_repens,-1.644,0.147,Ordbeta,T0-T1,INTER,1,percapita_repro,-5.74205469871386
Erigeron_canadensis,-2.668,0.206,Ordbeta,T0-T1,INTER,1,FirstStepAtt,-2.9940372183428647
Erigeron_canadensis,-2.668,0.206,Ordbeta,T0-T1,INTER,1,Lambda,NA
Erigeron_canadensis,-2.668,0.206,Ordbeta,T0-T1,INTER,1,Lmax,0
Erigeron_canadensis,-2.668,0.206,Ordbeta,T0-T1,INTER,1,Lmean,0
Erigeron_canadensis,-2.668,0.206,Ordbeta,T0-T1,INTER,1,R0,2.750423016465953
Erigeron_canadensis,-2.668,0.206,Ordbeta,T0-T1,INTER,1,Reactivity,3.7256901124743216
Erigeron_canadensis,-2.668,0.206,Ordbeta,T0-T1,INTER,1,T_generation,0.1300250884192771
Erigeron_canadensis,-2.668,0.206,Ordbeta,T0-T1,INTER,1,age_repro,0.9159908368351705
Erigeron_canadensis,-2.668,0.206,Ordbeta,T0-T1,INTER,1,percapita_repro,5.684089841310465
Knautia_arvensis,-2.345,0.329,Ordbeta,T0-T1,INTER,1,FirstStepAtt,-2.956373754274904
Knautia_arvensis,-2.345,0.329,Ordbeta,T0-T1,INTER,1,Lambda,0.30764990872892994
Knautia_arvensis,-2.345,0.329,Ordbeta,T0-T1,INTER,1,Lmax,0.6931471805599453
Knautia_arvensis,-2.345,0.329,Ordbeta,T0-T1,INTER,1,Lmean,0.022139719151234638
Knautia_arvensis,-2.345,0.329,Ordbeta,T0-T1,INTER,1,R0,-9.95071325619903
Knautia_arvensis,-2.345,0.329,Ordbeta,T0-T1,INTER,1,Reactivity,0.35097071858090473
Knautia_arvensis,-2.345,0.329,Ordbeta,T0-T1,INTER,1,T_generation,NA
Knautia_arvensis,-2.345,0.329,Ordbeta,T0-T1,INTER,1,age_repro,0.9322894183877876
Knautia_arvensis,-2.345,0.329,Ordbeta,T0-T1,INTER,1,percapita_repro,-4.367646677748796
Lactuca_serriola,-2.765,0.283,Ordbeta,T0-T1,INTER,1,FirstStepAtt,-2.5276283678174485
Lactuca_serriola,-2.765,0.283,Ordbeta,T0-T1,INTER,1,Lambda,NA
Lactuca_serriola,-2.765,0.283,Ordbeta,T0-T1,INTER,1,Lmax,0
Lactuca_serriola,-2.765,0.283,Ordbeta,T0-T1,INTER,1,Lmean,0
Lactuca_serriola,-2.765,0.283,Ordbeta,T0-T1,INTER,1,R0,2.961708269076509
Lactuca_serriola,-2.765,0.283,Ordbeta,T0-T1,INTER,1,Reactivity,5.096932718325193
Lactuca_serriola,-2.765,0.283,Ordbeta,T0-T1,INTER,1,T_generation,0.08738433516364566
Lactuca_serriola,-2.765,0.283,Ordbeta,T0-T1,INTER,1,age_repro,1.2839753424841123
Lactuca_serriola,-2.765,0.283,Ordbeta,T0-T1,INTER,1,percapita_repro,7.147653680580111
Linum_catharticum,-2.868,0.297,Ordbeta,T0-T1,INTER,1,FirstStepAtt,-3.1953085121694222
Linum_catharticum,-2.868,0.297,Ordbeta,T0-T1,INTER,1,Lambda,NA
Linum_catharticum,-2.868,0.297,Ordbeta,T0-T1,INTER,1,Lmax,2.0794415416798357
Linum_catharticum,-2.868,0.297,Ordbeta,T0-T1,INTER,1,Lmean,0.7715798705141755
Linum_catharticum,-2.868,0.297,Ordbeta,T0-T1,INTER,1,R0,1.7942778474769048
Linum_catharticum,-2.868,0.297,Ordbeta,T0-T1,INTER,1,Reactivity,3.8165083573910685
Linum_catharticum,-2.868,0.297,Ordbeta,T0-T1,INTER,1,T_generation,0.30079171330480015
Linum_catharticum,-2.868,0.297,Ordbeta,T0-T1,INTER,1,age_repro,0.7034715243015948
Linum_catharticum,-2.868,0.297,Ordbeta,T0-T1,INTER,1,percapita_repro,3.0328521355315146
Picris_hieracioides,-1.921,0.177,Ordbeta,T0-T1,INTER,1,FirstStepAtt,-4.012603074068456
Picris_hieracioides,-1.921,0.177,Ordbeta,T0-T1,INTER,1,Lambda,0.8846497432296893
Picris_hieracioides,-1.921,0.177,Ordbeta,T0-T1,INTER,1,Lmax,0.6931471805599453
Picris_hieracioides,-1.921,0.177,Ordbeta,T0-T1,INTER,1,Lmean,0.025497751793431413
Picris_hieracioides,-1.921,0.177,Ordbeta,T0-T1,INTER,1,R0,-0.5012341883972119
Picris_hieracioides,-1.921,0.177,Ordbeta,T0-T1,INTER,1,Reactivity,5.739334580340471
Picris_hieracioides,-1.921,0.177,Ordbeta,T0-T1,INTER,1,T_generation,1.4151934417967624
Picris_hieracioides,-1.921,0.177,Ordbeta,T0-T1,INTER,1,age_repro,1.5430234695350933
Picris_hieracioides,-1.921,0.177,Ordbeta,T0-T1,INTER,1,percapita_repro,5.616771097666572
Pimpinella_saxifraga,-2.212,0.288,Ordbeta,T0-T1,INTER,1,FirstStepAtt,-0.5923077657542147
Pimpinella_saxifraga,-2.212,0.288,Ordbeta,T0-T1,INTER,1,Lambda,0.9547406316474248
Pimpinella_saxifraga,-2.212,0.288,Ordbeta,T0-T1,INTER,1,Lmax,3.2778313935718644
Pimpinella_saxifraga,-2.212,0.288,Ordbeta,T0-T1,INTER,1,Lmean,1.3985454207581605
Pimpinella_saxifraga,-2.212,0.288,Ordbeta,T0-T1,INTER,1,R0,-0.7090626241047243
Pimpinella_saxifraga,-2.212,0.288,Ordbeta,T0-T1,INTER,1,Reactivity,0.9233752615973371
Pimpinella_saxifraga,-2.212,0.288,Ordbeta,T0-T1,INTER,1,T_generation,2.7756138699245225
Pimpinella_saxifraga,-2.212,0.288,Ordbeta,T0-T1,INTER,1,age_repro,1.7819632124517442
Pimpinella_saxifraga,-2.212,0.288,Ordbeta,T0-T1,INTER,1,percapita_repro,-0.1635626778133
Plantago_coronopus,-2.262,0.219,Ordbeta,T0-T1,INTER,1,FirstStepAtt,-1.0607821044920802
Plantago_coronopus,-2.262,0.219,Ordbeta,T0-T1,INTER,1,Lambda,0.8883340096307588
Plantago_coronopus,-2.262,0.219,Ordbeta,T0-T1,INTER,1,Lmax,1.907994489728227
Plantago_coronopus,-2.262,0.219,Ordbeta,T0-T1,INTER,1,Lmean,0.5836315540514999
Plantago_coronopus,-2.262,0.219,Ordbeta,T0-T1,INTER,1,R0,-0.7679497099488539
Plantago_coronopus,-2.262,0.219,Ordbeta,T0-T1,INTER,1,Reactivity,1.2700917455756844
Plantago_coronopus,-2.262,0.219,Ordbeta,T0-T1,INTER,1,T_generation,1.4792349913940708
Plantago_coronopus,-2.262,0.219,Ordbeta,T0-T1,INTER,1,age_repro,0.7227032675127357
Plantago_coronopus,-2.262,0.219,Ordbeta,T0-T1,INTER,1,percapita_repro,-0.16078899600806454
Plantago_media,-2.385,0.278,Ordbeta,T0-T1,INTER,1,FirstStepAtt,-2.5216721506920545
Plantago_media,-2.385,0.278,Ordbeta,T0-T1,INTER,1,Lambda,0.9166479924897526
Plantago_media,-2.385,0.278,Ordbeta,T0-T1,INTER,1,Lmax,1.7178918965462198
Plantago_media,-2.385,0.278,Ordbeta,T0-T1,INTER,1,Lmean,0.240093455091011
Plantago_media,-2.385,0.278,Ordbeta,T0-T1,INTER,1,R0,-3.703632943874186
Plantago_media,-2.385,0.278,Ordbeta,T0-T1,INTER,1,Reactivity,0.9115891884505661
Plantago_media,-2.385,0.278,Ordbeta,T0-T1,INTER,1,T_generation,3.2830740541662764
Plantago_media,-2.385,0.278,Ordbeta,T0-T1,INTER,1,age_repro,2.050568331584061
Plantago_media,-2.385,0.278,Ordbeta,T0-T1,INTER,1,percapita_repro,0.21247852101489456
Potentilla_recta,-2.465,0.246,Ordbeta,T0-T1,INTER,1,FirstStepAtt,-1.2072466251783427
Potentilla_recta,-2.465,0.246,Ordbeta,T0-T1,INTER,1,Lambda,1.3233051390988662
Potentilla_recta,-2.465,0.246,Ordbeta,T0-T1,INTER,1,Lmax,2.8995463272302633
Potentilla_recta,-2.465,0.246,Ordbeta,T0-T1,INTER,1,Lmean,1.114174982541197
Potentilla_recta,-2.465,0.246,Ordbeta,T0-T1,INTER,1,R0,-Inf
Potentilla_recta,-2.465,0.246,Ordbeta,T0-T1,INTER,1,Reactivity,2.3355670141886495
Potentilla_recta,-2.465,0.246,Ordbeta,T0-T1,INTER,1,T_generation,1.1285664763465502
Potentilla_recta,-2.465,0.246,Ordbeta,T0-T1,INTER,1,age_repro,1.470241457035962
Potentilla_recta,-2.465,0.246,Ordbeta,T0-T1,INTER,1,percapita_repro,5.184136566294191
Primula_elatior,-2.429,0.44,Ordbeta,T0-T1,INTER,1,FirstStepAtt,-2.5752591198739894
Primula_elatior,-2.429,0.44,Ordbeta,T0-T1,INTER,1,Lambda,1.0243599289476764
Primula_elatior,-2.429,0.44,Ordbeta,T0-T1,INTER,1,Lmax,3.078214221499716
Primula_elatior,-2.429,0.44,Ordbeta,T0-T1,INTER,1,Lmean,0.9348686606054332
Primula_elatior,-2.429,0.44,Ordbeta,T0-T1,INTER,1,R0,-0.1983437887657272
Primula_elatior,-2.429,0.44,Ordbeta,T0-T1,INTER,1,Reactivity,1.2375774274497275
Primula_elatior,-2.429,0.44,Ordbeta,T0-T1,INTER,1,T_generation,2.774342942782747
Primula_elatior,-2.429,0.44,Ordbeta,T0-T1,INTER,1,age_repro,1.5965918444925693
Primula_elatior,-2.429,0.44,Ordbeta,T0-T1,INTER,1,percapita_repro,0.6906312588074858
Primula_veris,-2.576,0.324,Ordbeta,T0-T1,INTER,1,FirstStepAtt,-3.0996415326914413
Primula_veris,-2.576,0.324,Ordbeta,T0-T1,INTER,1,Lambda,0.9177166512186883
Primula_veris,-2.576,0.324,Ordbeta,T0-T1,INTER,1,Lmax,1.777554626801171
Primula_veris,-2.576,0.324,Ordbeta,T0-T1,INTER,1,Lmean,0.34573408996051475
Primula_veris,-2.576,0.324,Ordbeta,T0-T1,INTER,1,R0,-3.531205384831014
Primula_veris,-2.576,0.324,Ordbeta,T0-T1,INTER,1,Reactivity,1.8406103144604358
Primula_veris,-2.576,0.324,Ordbeta,T0-T1,INTER,1,T_generation,3.266151130174338
Primula_veris,-2.576,0.324,Ordbeta,T0-T1,INTER,1,age_repro,2.1007008996065113
Primula_veris,-2.576,0.324,Ordbeta,T0-T1,INTER,1,percapita_repro,1.3057574210790406
Ranunculus_acris,-2.372,0.146,Ordbeta,T0-T1,INTER,1,FirstStepAtt,-2.223673155588096
Ranunculus_acris,-2.372,0.146,Ordbeta,T0-T1,INTER,1,Lambda,1.1474253581153837
Ranunculus_acris,-2.372,0.146,Ordbeta,T0-T1,INTER,1,Lmax,1.791759469228055
Ranunculus_acris,-2.372,0.146,Ordbeta,T0-T1,INTER,1,Lmean,0.2694368352850546
Ranunculus_acris,-2.372,0.146,Ordbeta,T0-T1,INTER,1,R0,0.4291243489821683
Ranunculus_acris,-2.372,0.146,Ordbeta,T0-T1,INTER,1,Reactivity,1.8978523971700296
Ranunculus_acris,-2.372,0.146,Ordbeta,T0-T1,INTER,1,T_generation,1.3335494740785472
Ranunculus_acris,-2.372,0.146,Ordbeta,T0-T1,INTER,1,age_repro,1.1167312512505851
Ranunculus_acris,-2.372,0.146,Ordbeta,T0-T1,INTER,1,percapita_repro,1.9401794743463283
Ratibida_columnifera,-2.482,0.396,Ordbeta,T0-T1,INTER,1,FirstStepAtt,-0.002056079496990296
Ratibida_columnifera,-2.482,0.396,Ordbeta,T0-T1,INTER,1,Lambda,0.7243603858174655
Ratibida_columnifera,-2.482,0.396,Ordbeta,T0-T1,INTER,1,Lmax,0.8751993382067543
Ratibida_columnifera,-2.482,0.396,Ordbeta,T0-T1,INTER,1,Lmean,0.15118484663816348
Ratibida_columnifera,-2.482,0.396,Ordbeta,T0-T1,INTER,1,R0,-0.18377717828257087
Ratibida_columnifera,-2.482,0.396,Ordbeta,T0-T1,INTER,1,Reactivity,0.0047432640012664016
Ratibida_columnifera,-2.482,0.396,Ordbeta,T0-T1,INTER,1,T_generation,0.18788835999659365
Ratibida_columnifera,-2.482,0.396,Ordbeta,T0-T1,INTER,1,age_repro,0
Ratibida_columnifera,-2.482,0.396,Ordbeta,T0-T1,INTER,1,percapita_repro,-0.3349620249207343
Salsola_kali,-2.7,0.336,Ordbeta,T0-T1,INTER,1,FirstStepAtt,-7.23761455341241
Salsola_kali,-2.7,0.336,Ordbeta,T0-T1,INTER,1,Lambda,0.589687496520467
Salsola_kali,-2.7,0.336,Ordbeta,T0-T1,INTER,1,Lmax,1.0986122886681098
Salsola_kali,-2.7,0.336,Ordbeta,T0-T1,INTER,1,Lmean,0.6329527878317025
Salsola_kali,-2.7,0.336,Ordbeta,T0-T1,INTER,1,R0,-3.1690448866467187
Salsola_kali,-2.7,0.336,Ordbeta,T0-T1,INTER,1,Reactivity,NA
Salsola_kali,-2.7,0.336,Ordbeta,T0-T1,INTER,1,T_generation,1.7917877371801434
Salsola_kali,-2.7,0.336,Ordbeta,T0-T1,INTER,1,age_repro,1.7917761374226397
Salsola_kali,-2.7,0.336,Ordbeta,T0-T1,INTER,1,percapita_repro,NA
Scabiosa_columbaria,-2.536,0.44,Ordbeta,T0-T1,INTER,1,FirstStepAtt,-0.25733963460191384
Scabiosa_columbaria,-2.536,0.44,Ordbeta,T0-T1,INTER,1,Lambda,1.0296135539128584
Scabiosa_columbaria,-2.536,0.44,Ordbeta,T0-T1,INTER,1,Lmax,3.1354942159291497
Scabiosa_columbaria,-2.536,0.44,Ordbeta,T0-T1,INTER,1,Lmean,1.6713567260626774
Scabiosa_columbaria,-2.536,0.44,Ordbeta,T0-T1,INTER,1,R0,0.20533632722506642
Scabiosa_columbaria,-2.536,0.44,Ordbeta,T0-T1,INTER,1,Reactivity,1.8699344460843945
Scabiosa_columbaria,-2.536,0.44,Ordbeta,T0-T1,INTER,1,T_generation,1.9091809950068628
Scabiosa_columbaria,-2.536,0.44,Ordbeta,T0-T1,INTER,1,age_repro,1.8510989090143637
Scabiosa_columbaria,-2.536,0.44,Ordbeta,T0-T1,INTER,1,percapita_repro,1.7867469274045107
Sphaeralcea_coccinea,-2.545,0.264,Ordbeta,T0-T1,INTER,1,FirstStepAtt,-0.021668930362796438
Sphaeralcea_coccinea,-2.545,0.264,Ordbeta,T0-T1,INTER,1,Lambda,0.9140916052986946
Sphaeralcea_coccinea,-2.545,0.264,Ordbeta,T0-T1,INTER,1,Lmax,1.1291966833851346
Sphaeralcea_coccinea,-2.545,0.264,Ordbeta,T0-T1,INTER,1,Lmean,0.18479959171993668
Sphaeralcea_coccinea,-2.545,0.264,Ordbeta,T0-T1,INTER,1,R0,-0.1631566065473073
Sphaeralcea_coccinea,-2.545,0.264,Ordbeta,T0-T1,INTER,1,Reactivity,0.06479482429602482
Sphaeralcea_coccinea,-2.545,0.264,Ordbeta,T0-T1,INTER,1,T_generation,0.24224692726379177
Sphaeralcea_coccinea,-2.545,0.264,Ordbeta,T0-T1,INTER,1,age_repro,0
Sphaeralcea_coccinea,-2.545,0.264,Ordbeta,T0-T1,INTER,1,percapita_repro,-0.347956198267244
Stenaria_nigricans,-2.151,0.301,Ordbeta,T0-T1,INTER,1,FirstStepAtt,-0.001506241946231945
Stenaria_nigricans,-2.151,0.301,Ordbeta,T0-T1,INTER,1,Lambda,0.9901413361648121
Stenaria_nigricans,-2.151,0.301,Ordbeta,T0-T1,INTER,1,Lmax,0.8841014310483891
Stenaria_nigricans,-2.151,0.301,Ordbeta,T0-T1,INTER,1,Lmean,0.1061701762787086
Stenaria_nigricans,-2.151,0.301,Ordbeta,T0-T1,INTER,1,R0,0.21085254589803137
Stenaria_nigricans,-2.151,0.301,Ordbeta,T0-T1,INTER,1,Reactivity,0.009202684809058356
Stenaria_nigricans,-2.151,0.301,Ordbeta,T0-T1,INTER,1,T_generation,0.10216634557653173
Stenaria_nigricans,-2.151,0.301,Ordbeta,T0-T1,INTER,1,age_repro,0
Stenaria_nigricans,-2.151,0.301,Ordbeta,T0-T1,INTER,1,percapita_repro,0.10468236961932272
Taraxacum_campylodes,-2.499,0.317,Ordbeta,T0-T1,INTER,1,FirstStepAtt,-2.3531148413315983
Taraxacum_campylodes,-2.499,0.317,Ordbeta,T0-T1,INTER,1,Lambda,0.08041791145870329
Taraxacum_campylodes,-2.499,0.317,Ordbeta,T0-T1,INTER,1,Lmax,0.5493061443340549
Taraxacum_campylodes,-2.499,0.317,Ordbeta,T0-T1,INTER,1,Lmean,0.06773896227809098
Taraxacum_campylodes,-2.499,0.317,Ordbeta,T0-T1,INTER,1,R0,-Inf
Taraxacum_campylodes,-2.499,0.317,Ordbeta,T0-T1,INTER,1,Reactivity,2.4046693226371185
Taraxacum_campylodes,-2.499,0.317,Ordbeta,T0-T1,INTER,1,T_generation,NA
Taraxacum_campylodes,-2.499,0.317,Ordbeta,T0-T1,INTER,1,age_repro,0
Taraxacum_campylodes,-2.499,0.317,Ordbeta,T0-T1,INTER,1,percapita_repro,-11.213549524439351
Thymus_vulgaris,-2.342,0.343,Ordbeta,T0-T1,INTER,1,FirstStepAtt,-0.005866973847378982
Thymus_vulgaris,-2.342,0.343,Ordbeta,T0-T1,INTER,1,Lambda,0.9926751959162854
Thymus_vulgaris,-2.342,0.343,Ordbeta,T0-T1,INTER,1,Lmax,5.964961904446033
Thymus_vulgaris,-2.342,0.343,Ordbeta,T0-T1,INTER,1,Lmean,4.459892288650257
Thymus_vulgaris,-2.342,0.343,Ordbeta,T0-T1,INTER,1,R0,-1.07189733945768
Thymus_vulgaris,-2.342,0.343,Ordbeta,T0-T1,INTER,1,Reactivity,0.010349758754626258
Thymus_vulgaris,-2.342,0.343,Ordbeta,T0-T1,INTER,1,T_generation,NA
Thymus_vulgaris,-2.342,0.343,Ordbeta,T0-T1,INTER,1,age_repro,NA
Thymus_vulgaris,-2.342,0.343,Ordbeta,T0-T1,INTER,1,percapita_repro,-5.143380039347928
Verbascum_thapsus,-2.272,0.302,Ordbeta,T0-T1,INTER,1,FirstStepAtt,-4.012613096092431
Verbascum_thapsus,-2.272,0.302,Ordbeta,T0-T1,INTER,1,Lambda,NA
Verbascum_thapsus,-2.272,0.302,Ordbeta,T0-T1,INTER,1,Lmax,0.6931471805599453
Verbascum_thapsus,-2.272,0.302,Ordbeta,T0-T1,INTER,1,Lmean,0.05129369438747054
Verbascum_thapsus,-2.272,0.302,Ordbeta,T0-T1,INTER,1,R0,3.381715911075376
Verbascum_thapsus,-2.272,0.302,Ordbeta,T0-T1,INTER,1,Reactivity,NA
Verbascum_thapsus,-2.272,0.302,Ordbeta,T0-T1,INTER,1,T_generation,0.7764348966557838
Verbascum_thapsus,-2.272,0.302,Ordbeta,T0-T1,INTER,1,age_repro,2.5523449856956373
Verbascum_thapsus,-2.272,0.302,Ordbeta,T0-T1,INTER,1,percapita_repro,NA
Veronica_arvensis,-2.813,0.177,Ordbeta,T0-T1,INTER,1,FirstStepAtt,-1.3609972168245543
Veronica_arvensis,-2.813,0.177,Ordbeta,T0-T1,INTER,1,Lambda,1.0575348190993947
Veronica_arvensis,-2.813,0.177,Ordbeta,T0-T1,INTER,1,Lmax,0.12924850454918937
Veronica_arvensis,-2.813,0.177,Ordbeta,T0-T1,INTER,1,Lmean,0.05244694819316372
Veronica_arvensis,-2.813,0.177,Ordbeta,T0-T1,INTER,1,R0,-0.014999404757933873
Veronica_arvensis,-2.813,0.177,Ordbeta,T0-T1,INTER,1,Reactivity,1.7913324339405632
Veronica_arvensis,-2.813,0.177,Ordbeta,T0-T1,INTER,1,T_generation,0.4178504962611216
Veronica_arvensis,-2.813,0.177,Ordbeta,T0-T1,INTER,1,age_repro,0.8907769885320955
Veronica_arvensis,-2.813,0.177,Ordbeta,T0-T1,INTER,1,percapita_repro,1.8152156216155975
Acer_saccharum,-2.674,0.439,Hurdle_cond,T0-T2,DIST,1,FirstStepAtt,-0.13633162397836548
Acer_saccharum,-2.674,0.439,Hurdle_cond,T0-T2,DIST,1,Lambda,1.7751478346888432
Acer_saccharum,-2.674,0.439,Hurdle_cond,T0-T2,DIST,1,Lmax,5.5871025137026376
Acer_saccharum,-2.674,0.439,Hurdle_cond,T0-T2,DIST,1,Lmean,5.240241348413525
Acer_saccharum,-2.674,0.439,Hurdle_cond,T0-T2,DIST,1,R0,6.4970270462927875
Acer_saccharum,-2.674,0.439,Hurdle_cond,T0-T2,DIST,1,Reactivity,0.11239532885872881
Acer_saccharum,-2.674,0.439,Hurdle_cond,T0-T2,DIST,1,T_generation,1.6297372686170404
Acer_saccharum,-2.674,0.439,Hurdle_cond,T0-T2,DIST,1,age_repro,2.5048380603456604
Acer_saccharum,-2.674,0.439,Hurdle_cond,T0-T2,DIST,1,percapita_repro,-0.15190606423970499
Agrimonia_eupatoria,-2.464,0.257,Hurdle_cond,T0-T2,DIST,1,FirstStepAtt,-0.40426778811109665
Agrimonia_eupatoria,-2.464,0.257,Hurdle_cond,T0-T2,DIST,1,Lambda,0.99064442494128635
Agrimonia_eupatoria,-2.464,0.257,Hurdle_cond,T0-T2,DIST,1,Lmax,4.5330412476880015
Agrimonia_eupatoria,-2.464,0.257,Hurdle_cond,T0-T2,DIST,1,Lmean,2.276623485281897
Agrimonia_eupatoria,-2.464,0.257,Hurdle_cond,T0-T2,DIST,1,R0,-0.3812702083300579
Agrimonia_eupatoria,-2.464,0.257,Hurdle_cond,T0-T2,DIST,1,Reactivity,0.19207496843703886
Agrimonia_eupatoria,-2.464,0.257,Hurdle_cond,T0-T2,DIST,1,T_generation,3.6207086258222287
Agrimonia_eupatoria,-2.464,0.257,Hurdle_cond,T0-T2,DIST,1,age_repro,2.087394345070076
Agrimonia_eupatoria,-2.464,0.257,Hurdle_cond,T0-T2,DIST,1,percapita_repro,-1.5661843426366495
Ailanthus_altissima,-2.609,0.474,Hurdle_cond,T0-T2,DIST,1,FirstStepAtt,-4.2648886715454815
Ailanthus_altissima,-2.609,0.474,Hurdle_cond,T0-T2,DIST,1,Lambda,1.9212389388134612
Ailanthus_altissima,-2.609,0.474,Hurdle_cond,T0-T2,DIST,1,Lmax,1.791759469228055
Ailanthus_altissima,-2.609,0.474,Hurdle_cond,T0-T2,DIST,1,Lmean,0.5447271754416718
Ailanthus_altissima,-2.609,0.474,Hurdle_cond,T0-T2,DIST,1,R0,3.781257113389695
Ailanthus_altissima,-2.609,0.474,Hurdle_cond,T0-T2,DIST,1,Reactivity,NA
Ailanthus_altissima,-2.609,0.474,Hurdle_cond,T0-T2,DIST,1,T_generation,1.7128362023285355
Ailanthus_altissima,-2.609,0.474,Hurdle_cond,T0-T2,DIST,1,age_repro,1.791759469228055
Ailanthus_altissima,-2.609,0.474,Hurdle_cond,T0-T2,DIST,1,percapita_repro,NA
Allium_vineale,-2.731,0.39,Hurdle_cond,T0-T2,DIST,1,FirstStepAtt,-2.036030904211625
Allium_vineale,-2.731,0.39,Hurdle_cond,T0-T2,DIST,1,Lambda,1.170906773884173
Allium_vineale,-2.731,0.39,Hurdle_cond,T0-T2,DIST,1,Lmax,1.0986122886681098
Allium_vineale,-2.731,0.39,Hurdle_cond,T0-T2,DIST,1,Lmean,0.16647352389668973
Allium_vineale,-2.731,0.39,Hurdle_cond,T0-T2,DIST,1,R0,0.3408368280021561
Allium_vineale,-2.731,0.39,Hurdle_cond,T0-T2,DIST,1,Reactivity,2.1940830508207325
Allium_vineale,-2.731,0.39,Hurdle_cond,T0-T2,DIST,1,T_generation,0.7635325690826141
Allium_vineale,-2.731,0.39,Hurdle_cond,T0-T2,DIST,1,age_repro,1.2000990079409088
Allium_vineale,-2.731,0.39,Hurdle_cond,T0-T2,DIST,1,percapita_repro,2.3368650630604555
Andropogon_gerardii,-1.266,0.216,Hurdle_cond,T0-T2,DIST,1,FirstStepAtt,-1.1908608264270113
Andropogon_gerardii,-1.266,0.216,Hurdle_cond,T0-T2,DIST,1,Lambda,1.50587325216984
Andropogon_gerardii,-1.266,0.216,Hurdle_cond,T0-T2,DIST,1,Lmax,1.764891121214301
Andropogon_gerardii,-1.266,0.216,Hurdle_cond,T0-T2,DIST,1,Lmean,0.6723210807858808
Andropogon_gerardii,-1.266,0.216,Hurdle_cond,T0-T2,DIST,1,R0,0.8354773555720532
Andropogon_gerardii,-1.266,0.216,Hurdle_cond,T0-T2,DIST,1,Reactivity,1.7926841280473305
Andropogon_gerardii,-1.266,0.216,Hurdle_cond,T0-T2,DIST,1,T_generation,0.7395193223181741
Andropogon_gerardii,-1.266,0.216,Hurdle_cond,T0-T2,DIST,1,age_repro,0.7862530575220442
Andropogon_gerardii,-1.266,0.216,Hurdle_cond,T0-T2,DIST,1,percapita_repro,2.0924307697315556
Arenaria_serpyllifolia,-2.211,0.277,Hurdle_cond,T0-T2,DIST,1,FirstStepAtt,-2.2176497264357233
Arenaria_serpyllifolia,-2.211,0.277,Hurdle_cond,T0-T2,DIST,1,Lambda,0.860684361881849
Arenaria_serpyllifolia,-2.211,0.277,Hurdle_cond,T0-T2,DIST,1,Lmax,0
Arenaria_serpyllifolia,-2.211,0.277,Hurdle_cond,T0-T2,DIST,1,Lmean,0
Arenaria_serpyllifolia,-2.211,0.277,Hurdle_cond,T0-T2,DIST,1,R0,0.13128547046852534
Arenaria_serpyllifolia,-2.211,0.277,Hurdle_cond,T0-T2,DIST,1,Reactivity,2.5929750386335604
Arenaria_serpyllifolia,-2.211,0.277,Hurdle_cond,T0-T2,DIST,1,T_generation,0.16988583066600282
Arenaria_serpyllifolia,-2.211,0.277,Hurdle_cond,T0-T2,DIST,1,age_repro,0.8303384136066279
Arenaria_serpyllifolia,-2.211,0.277,Hurdle_cond,T0-T2,DIST,1,percapita_repro,2.639396025140823
Armeria_maritima,-2.783,0.355,Hurdle_cond,T0-T2,DIST,1,FirstStepAtt,-2.2414258727445255
Armeria_maritima,-2.783,0.355,Hurdle_cond,T0-T2,DIST,1,Lambda,1.458043853064239
Armeria_maritima,-2.783,0.355,Hurdle_cond,T0-T2,DIST,1,Lmax,2.995732273553991
Armeria_maritima,-2.783,0.355,Hurdle_cond,T0-T2,DIST,1,Lmean,0.6122577291406874
Armeria_maritima,-2.783,0.355,Hurdle_cond,T0-T2,DIST,1,R0,4.445083646052526
Armeria_maritima,-2.783,0.355,Hurdle_cond,T0-T2,DIST,1,Reactivity,5.495776723555247
Armeria_maritima,-2.783,0.355,Hurdle_cond,T0-T2,DIST,1,T_generation,2.099604255961898
Armeria_maritima,-2.783,0.355,Hurdle_cond,T0-T2,DIST,1,age_repro,1.5255005163472148
Armeria_maritima,-2.783,0.355,Hurdle_cond,T0-T2,DIST,1,percapita_repro,3.617282020171661
Carduus_nutans,-2.736,0.463,Hurdle_cond,T0-T2,DIST,1,FirstStepAtt,-1.2021216175186675
Carduus_nutans,-2.736,0.463,Hurdle_cond,T0-T2,DIST,1,Lambda,0.7295404692944151
Carduus_nutans,-2.736,0.463,Hurdle_cond,T0-T2,DIST,1,Lmax,1.4856920935259144
Carduus_nutans,-2.736,0.463,Hurdle_cond,T0-T2,DIST,1,Lmean,0.48174117970979186
Carduus_nutans,-2.736,0.463,Hurdle_cond,T0-T2,DIST,1,R0,-0.392418382929946
Carduus_nutans,-2.736,0.463,Hurdle_cond,T0-T2,DIST,1,Reactivity,3.533469300158437
Carduus_nutans,-2.736,0.463,Hurdle_cond,T0-T2,DIST,1,T_generation,1.168846532882315
Carduus_nutans,-2.736,0.463,Hurdle_cond,T0-T2,DIST,1,age_repro,0.9011488671138399
Carduus_nutans,-2.736,0.463,Hurdle_cond,T0-T2,DIST,1,percapita_repro,1.235991459500605
Centaurea_jacea,-2.516,0.241,Hurdle_cond,T0-T2,DIST,1,FirstStepAtt,-0.6368104471974831
Centaurea_jacea,-2.516,0.241,Hurdle_cond,T0-T2,DIST,1,Lambda,0.9157150879324936
Centaurea_jacea,-2.516,0.241,Hurdle_cond,T0-T2,DIST,1,Lmax,2.4003251984703664
Centaurea_jacea,-2.516,0.241,Hurdle_cond,T0-T2,DIST,1,Lmean,1.3722715793325009
Centaurea_jacea,-2.516,0.241,Hurdle_cond,T0-T2,DIST,1,R0,-3.4842742317189583
Centaurea_jacea,-2.516,0.241,Hurdle_cond,T0-T2,DIST,1,Reactivity,0.41685764138114395
Centaurea_jacea,-2.516,0.241,Hurdle_cond,T0-T2,DIST,1,T_generation,2.978872381362829
Centaurea_jacea,-2.516,0.241,Hurdle_cond,T0-T2,DIST,1,age_repro,1.6363011514297372
Centaurea_jacea,-2.516,0.241,Hurdle_cond,T0-T2,DIST,1,percapita_repro,-1.7828083742933423
Cerastium_fontanum,-2.583,0.144,Hurdle_cond,T0-T2,DIST,1,FirstStepAtt,-2.696031853083466
Cerastium_fontanum,-2.583,0.144,Hurdle_cond,T0-T2,DIST,1,Lambda,NA
Cerastium_fontanum,-2.583,0.144,Hurdle_cond,T0-T2,DIST,1,Lmax,0
Cerastium_fontanum,-2.583,0.144,Hurdle_cond,T0-T2,DIST,1,Lmean,0
Cerastium_fontanum,-2.583,0.144,Hurdle_cond,T0-T2,DIST,1,R0,1.5184623246973081
Cerastium_fontanum,-2.583,0.144,Hurdle_cond,T0-T2,DIST,1,Reactivity,3.027270925563423
Cerastium_fontanum,-2.583,0.144,Hurdle_cond,T0-T2,DIST,1,T_generation,0.005048904923272251
Cerastium_fontanum,-2.583,0.144,Hurdle_cond,T0-T2,DIST,1,age_repro,0.8873031950009029
Cerastium_fontanum,-2.583,0.144,Hurdle_cond,T0-T2,DIST,1,percapita_repro,4.522657764413627
Cirsium_arvense,-2.154,0.177,Hurdle_cond,T0-T2,DIST,1,FirstStepAtt,-3.3290015249469986
Cirsium_arvense,-2.154,0.177,Hurdle_cond,T0-T2,DIST,1,Lambda,NA
Cirsium_arvense,-2.154,0.177,Hurdle_cond,T0-T2,DIST,1,Lmax,1.0986122886681098
Cirsium_arvense,-2.154,0.177,Hurdle_cond,T0-T2,DIST,1,Lmean,0.1699960817758222
Cirsium_arvense,-2.154,0.177,Hurdle_cond,T0-T2,DIST,1,R0,3.228914980534981
Cirsium_arvense,-2.154,0.177,Hurdle_cond,T0-T2,DIST,1,Reactivity,4.0664130997692896
Cirsium_arvense,-2.154,0.177,Hurdle_cond,T0-T2,DIST,1,T_generation,0.7703612247372394
Cirsium_arvense,-2.154,0.177,Hurdle_cond,T0-T2,DIST,1,age_repro,1.162546762671639
Cirsium_arvense,-2.154,0.177,Hurdle_cond,T0-T2,DIST,1,percapita_repro,5.427985054670073
Cirsium_palustre,-2.797,0.433,Hurdle_cond,T0-T2,DIST,1,FirstStepAtt,-2.5937654771378247
Cirsium_palustre,-2.797,0.433,Hurdle_cond,T0-T2,DIST,1,Lambda,1.4428002172428838
Cirsium_palustre,-2.797,0.433,Hurdle_cond,T0-T2,DIST,1,Lmax,1.5273118956910914
Cirsium_palustre,-2.797,0.433,Hurdle_cond,T0-T2,DIST,1,Lmean,0.20135107219302092
Cirsium_palustre,-2.797,0.433,Hurdle_cond,T0-T2,DIST,1,R0,1.2807231364002392
Cirsium_palustre,-2.797,0.433,Hurdle_cond,T0-T2,DIST,1,Reactivity,4.898747288058175
Cirsium_palustre,-2.797,0.433,Hurdle_cond,T0-T2,DIST,1,T_generation,1.2255759905166659
Cirsium_palustre,-2.797,0.433,Hurdle_cond,T0-T2,DIST,1,age_repro,1.534647496889771
Cirsium_palustre,-2.797,0.433,Hurdle_cond,T0-T2,DIST,1,percapita_repro,4.957313127808717
Cirsium_vulgare,-2.267,0.27,Hurdle_cond,T0-T2,DIST,1,FirstStepAtt,-3.1910655226282234
Cirsium_vulgare,-2.267,0.27,Hurdle_cond,T0-T2,DIST,1,Lambda,0.7844344795818798
Cirsium_vulgare,-2.267,0.27,Hurdle_cond,T0-T2,DIST,1,Lmax,1.507973248367974
Cirsium_vulgare,-2.267,0.27,Hurdle_cond,T0-T2,DIST,1,Lmean,0.3479988332516422
Cirsium_vulgare,-2.267,0.27,Hurdle_cond,T0-T2,DIST,1,R0,-1.420279247517773
Cirsium_vulgare,-2.267,0.27,Hurdle_cond,T0-T2,DIST,1,Reactivity,2.641485998869525
Cirsium_vulgare,-2.267,0.27,Hurdle_cond,T0-T2,DIST,1,T_generation,1.4828783988333107
Cirsium_vulgare,-2.267,0.27,Hurdle_cond,T0-T2,DIST,1,age_repro,0.9323966804077027
Cirsium_vulgare,-2.267,0.27,Hurdle_cond,T0-T2,DIST,1,percapita_repro,1.89963041219607
Daucus_carota,-2.523,0.184,Hurdle_cond,T0-T2,DIST,1,FirstStepAtt,-4.040610337013186
Daucus_carota,-2.523,0.184,Hurdle_cond,T0-T2,DIST,1,Lambda,1.7161044748521754
Daucus_carota,-2.523,0.184,Hurdle_cond,T0-T2,DIST,1,Lmax,1.0986122886681098
Daucus_carota,-2.523,0.184,Hurdle_cond,T0-T2,DIST,1,Lmean,0.31834252276646996
Daucus_carota,-2.523,0.184,Hurdle_cond,T0-T2,DIST,1,R0,1.8196701629274532
Daucus_carota,-2.523,0.184,Hurdle_cond,T0-T2,DIST,1,Reactivity,NA
Daucus_carota,-2.523,0.184,Hurdle_cond,T0-T2,DIST,1,T_generation,1.189773196967312
Daucus_carota,-2.523,0.184,Hurdle_cond,T0-T2,DIST,1,age_repro,1.431272611901774
Daucus_carota,-2.523,0.184,Hurdle_cond,T0-T2,DIST,1,percapita_repro,NA
Echium_vulgare,-2.782,0.359,Hurdle_cond,T0-T2,DIST,1,FirstStepAtt,-1.4808281568478858
Echium_vulgare,-2.782,0.359,Hurdle_cond,T0-T2,DIST,1,Lambda,1.54759800300862
Echium_vulgare,-2.782,0.359,Hurdle_cond,T0-T2,DIST,1,Lmax,1.3862943611198906
Echium_vulgare,-2.782,0.359,Hurdle_cond,T0-T2,DIST,1,Lmean,0.5010758488001458
Echium_vulgare,-2.782,0.359,Hurdle_cond,T0-T2,DIST,1,R0,1.6034012709220467
Echium_vulgare,-2.782,0.359,Hurdle_cond,T0-T2,DIST,1,Reactivity,3.2663741200499037
Echium_vulgare,-2.782,0.359,Hurdle_cond,T0-T2,DIST,1,T_generation,1.287139504575711
Echium_vulgare,-2.782,0.359,Hurdle_cond,T0-T2,DIST,1,age_repro,1.3132909952863716
Echium_vulgare,-2.782,0.359,Hurdle_cond,T0-T2,DIST,1,percapita_repro,3.7030781735137492
Elymus_repens,-2.247,0.16,Hurdle_cond,T0-T2,DIST,1,FirstStepAtt,-19.608981934788076
Elymus_repens,-2.247,0.16,Hurdle_cond,T0-T2,DIST,1,Lambda,NA
Elymus_repens,-2.247,0.16,Hurdle_cond,T0-T2,DIST,1,Lmax,0.6931471805599453
Elymus_repens,-2.247,0.16,Hurdle_cond,T0-T2,DIST,1,Lmean,0.34830572665687204
Elymus_repens,-2.247,0.16,Hurdle_cond,T0-T2,DIST,1,R0,4.306802628082906
Elymus_repens,-2.247,0.16,Hurdle_cond,T0-T2,DIST,1,Reactivity,NA
Elymus_repens,-2.247,0.16,Hurdle_cond,T0-T2,DIST,1,T_generation,0.00771453240913415
Elymus_repens,-2.247,0.16,Hurdle_cond,T0-T2,DIST,1,age_repro,0
Elymus_repens,-2.247,0.16,Hurdle_cond,T0-T2,DIST,1,percapita_repro,-5.74205469871386
Erigeron_canadensis,-2.806,0.228,Hurdle_cond,T0-T2,DIST,1,FirstStepAtt,-2.9940372183428647
Erigeron_canadensis,-2.806,0.228,Hurdle_cond,T0-T2,DIST,1,Lambda,NA
Erigeron_canadensis,-2.806,0.228,Hurdle_cond,T0-T2,DIST,1,Lmax,0
Erigeron_canadensis,-2.806,0.228,Hurdle_cond,T0-T2,DIST,1,Lmean,0
Erigeron_canadensis,-2.806,0.228,Hurdle_cond,T0-T2,DIST,1,R0,2.750423016465953
Erigeron_canadensis,-2.806,0.228,Hurdle_cond,T0-T2,DIST,1,Reactivity,3.7256901124743216
Erigeron_canadensis,-2.806,0.228,Hurdle_cond,T0-T2,DIST,1,T_generation,0.1300250884192771
Erigeron_canadensis,-2.806,0.228,Hurdle_cond,T0-T2,DIST,1,age_repro,0.9159908368351705
Erigeron_canadensis,-2.806,0.228,Hurdle_cond,T0-T2,DIST,1,percapita_repro,5.684089841310465
Knautia_arvensis,-2.102,0.306,Hurdle_cond,T0-T2,DIST,1,FirstStepAtt,-2.956373754274904
Knautia_arvensis,-2.102,0.306,Hurdle_cond,T0-T2,DIST,1,Lambda,0.30764990872892994
Knautia_arvensis,-2.102,0.306,Hurdle_cond,T0-T2,DIST,1,Lmax,0.6931471805599453
Knautia_arvensis,-2.102,0.306,Hurdle_cond,T0-T2,DIST,1,Lmean,0.022139719151234638
Knautia_arvensis,-2.102,0.306,Hurdle_cond,T0-T2,DIST,1,R0,-9.95071325619903
Knautia_arvensis,-2.102,0.306,Hurdle_cond,T0-T2,DIST,1,Reactivity,0.35097071858090473
Knautia_arvensis,-2.102,0.306,Hurdle_cond,T0-T2,DIST,1,T_generation,NA
Knautia_arvensis,-2.102,0.306,Hurdle_cond,T0-T2,DIST,1,age_repro,0.9322894183877876
Knautia_arvensis,-2.102,0.306,Hurdle_cond,T0-T2,DIST,1,percapita_repro,-4.367646677748796
Lactuca_serriola,-2.44,0.408,Hurdle_cond,T0-T2,DIST,1,FirstStepAtt,-2.5276283678174485
Lactuca_serriola,-2.44,0.408,Hurdle_cond,T0-T2,DIST,1,Lambda,NA
Lactuca_serriola,-2.44,0.408,Hurdle_cond,T0-T2,DIST,1,Lmax,0
Lactuca_serriola,-2.44,0.408,Hurdle_cond,T0-T2,DIST,1,Lmean,0
Lactuca_serriola,-2.44,0.408,Hurdle_cond,T0-T2,DIST,1,R0,2.961708269076509
Lactuca_serriola,-2.44,0.408,Hurdle_cond,T0-T2,DIST,1,Reactivity,5.096932718325193
Lactuca_serriola,-2.44,0.408,Hurdle_cond,T0-T2,DIST,1,T_generation,0.08738433516364566
Lactuca_serriola,-2.44,0.408,Hurdle_cond,T0-T2,DIST,1,age_repro,1.2839753424841123
Lactuca_serriola,-2.44,0.408,Hurdle_cond,T0-T2,DIST,1,percapita_repro,7.147653680580111
Linum_catharticum,-2.563,0.348,Hurdle_cond,T0-T2,DIST,1,FirstStepAtt,-3.1953085121694222
Linum_catharticum,-2.563,0.348,Hurdle_cond,T0-T2,DIST,1,Lambda,NA
Linum_catharticum,-2.563,0.348,Hurdle_cond,T0-T2,DIST,1,Lmax,2.0794415416798357
Linum_catharticum,-2.563,0.348,Hurdle_cond,T0-T2,DIST,1,Lmean,0.7715798705141755
Linum_catharticum,-2.563,0.348,Hurdle_cond,T0-T2,DIST,1,R0,1.7942778474769048
Linum_catharticum,-2.563,0.348,Hurdle_cond,T0-T2,DIST,1,Reactivity,3.8165083573910685
Linum_catharticum,-2.563,0.348,Hurdle_cond,T0-T2,DIST,1,T_generation,0.30079171330480015
Linum_catharticum,-2.563,0.348,Hurdle_cond,T0-T2,DIST,1,age_repro,0.7034715243015948
Linum_catharticum,-2.563,0.348,Hurdle_cond,T0-T2,DIST,1,percapita_repro,3.0328521355315146
Myosotis_ramosissima,-2.631,0.471,Hurdle_cond,T0-T2,DIST,1,FirstStepAtt,-3.6870030575668453
Myosotis_ramosissima,-2.631,0.471,Hurdle_cond,T0-T2,DIST,1,Lambda,1.4558843238144925
Myosotis_ramosissima,-2.631,0.471,Hurdle_cond,T0-T2,DIST,1,Lmax,0
Myosotis_ramosissima,-2.631,0.471,Hurdle_cond,T0-T2,DIST,1,Lmean,0
Myosotis_ramosissima,-2.631,0.471,Hurdle_cond,T0-T2,DIST,1,R0,1.3761933951892638
Myosotis_ramosissima,-2.631,0.471,Hurdle_cond,T0-T2,DIST,1,Reactivity,0.48764865977290195
Myosotis_ramosissima,-2.631,0.471,Hurdle_cond,T0-T2,DIST,1,T_generation,0.013734478546359119
Myosotis_ramosissima,-2.631,0.471,Hurdle_cond,T0-T2,DIST,1,age_repro,0.7154702161542037
Myosotis_ramosissima,-2.631,0.471,Hurdle_cond,T0-T2,DIST,1,percapita_repro,1.826732983425593
Picris_hieracioides,-2.016,0.22,Hurdle_cond,T0-T2,DIST,1,FirstStepAtt,-4.012603074068456
Picris_hieracioides,-2.016,0.22,Hurdle_cond,T0-T2,DIST,1,Lambda,0.8846497432296893
Picris_hieracioides,-2.016,0.22,Hurdle_cond,T0-T2,DIST,1,Lmax,0.6931471805599453
Picris_hieracioides,-2.016,0.22,Hurdle_cond,T0-T2,DIST,1,Lmean,0.025497751793431413
Picris_hieracioides,-2.016,0.22,Hurdle_cond,T0-T2,DIST,1,R0,-0.5012341883972119
Picris_hieracioides,-2.016,0.22,Hurdle_cond,T0-T2,DIST,1,Reactivity,5.739334580340471
Picris_hieracioides,-2.016,0.22,Hurdle_cond,T0-T2,DIST,1,T_generation,1.4151934417967624
Picris_hieracioides,-2.016,0.22,Hurdle_cond,T0-T2,DIST,1,age_repro,1.5430234695350933
Picris_hieracioides,-2.016,0.22,Hurdle_cond,T0-T2,DIST,1,percapita_repro,5.616771097666572
Pimpinella_saxifraga,-2.169,0.315,Hurdle_cond,T0-T2,DIST,1,FirstStepAtt,-0.5923077657542147
Pimpinella_saxifraga,-2.169,0.315,Hurdle_cond,T0-T2,DIST,1,Lambda,0.9547406316474248
Pimpinella_saxifraga,-2.169,0.315,Hurdle_cond,T0-T2,DIST,1,Lmax,3.2778313935718644
Pimpinella_saxifraga,-2.169,0.315,Hurdle_cond,T0-T2,DIST,1,Lmean,1.3985454207581605
Pimpinella_saxifraga,-2.169,0.315,Hurdle_cond,T0-T2,DIST,1,R0,-0.7090626241047243
Pimpinella_saxifraga,-2.169,0.315,Hurdle_cond,T0-T2,DIST,1,Reactivity,0.9233752615973371
Pimpinella_saxifraga,-2.169,0.315,Hurdle_cond,T0-T2,DIST,1,T_generation,2.7756138699245225
Pimpinella_saxifraga,-2.169,0.315,Hurdle_cond,T0-T2,DIST,1,age_repro,1.7819632124517442
Pimpinella_saxifraga,-2.169,0.315,Hurdle_cond,T0-T2,DIST,1,percapita_repro,-0.1635626778133
Plantago_coronopus,-2.337,0.252,Hurdle_cond,T0-T2,DIST,1,FirstStepAtt,-1.0607821044920802
Plantago_coronopus,-2.337,0.252,Hurdle_cond,T0-T2,DIST,1,Lambda,0.8883340096307588
Plantago_coronopus,-2.337,0.252,Hurdle_cond,T0-T2,DIST,1,Lmax,1.907994489728227
Plantago_coronopus,-2.337,0.252,Hurdle_cond,T0-T2,DIST,1,Lmean,0.5836315540514999
Plantago_coronopus,-2.337,0.252,Hurdle_cond,T0-T2,DIST,1,R0,-0.7679497099488539
Plantago_coronopus,-2.337,0.252,Hurdle_cond,T0-T2,DIST,1,Reactivity,1.2700917455756844
Plantago_coronopus,-2.337,0.252,Hurdle_cond,T0-T2,DIST,1,T_generation,1.4792349913940708
Plantago_coronopus,-2.337,0.252,Hurdle_cond,T0-T2,DIST,1,age_repro,0.7227032675127357
Plantago_coronopus,-2.337,0.252,Hurdle_cond,T0-T2,DIST,1,percapita_repro,-0.16078899600806454
Plantago_media,-2.479,0.32,Hurdle_cond,T0-T2,DIST,1,FirstStepAtt,-2.5216721506920545
Plantago_media,-2.479,0.32,Hurdle_cond,T0-T2,DIST,1,Lambda,0.9166479924897526
Plantago_media,-2.479,0.32,Hurdle_cond,T0-T2,DIST,1,Lmax,1.7178918965462198
Plantago_media,-2.479,0.32,Hurdle_cond,T0-T2,DIST,1,Lmean,0.240093455091011
Plantago_media,-2.479,0.32,Hurdle_cond,T0-T2,DIST,1,R0,-3.703632943874186
Plantago_media,-2.479,0.32,Hurdle_cond,T0-T2,DIST,1,Reactivity,0.9115891884505661
Plantago_media,-2.479,0.32,Hurdle_cond,T0-T2,DIST,1,T_generation,3.2830740541662764
Plantago_media,-2.479,0.32,Hurdle_cond,T0-T2,DIST,1,age_repro,2.050568331584061
Plantago_media,-2.479,0.32,Hurdle_cond,T0-T2,DIST,1,percapita_repro,0.21247852101489456
Poa_alpina,-2.615,0.473,Hurdle_cond,T0-T2,DIST,1,FirstStepAtt,-0.6821869840767281
Poa_alpina,-2.615,0.473,Hurdle_cond,T0-T2,DIST,1,Lambda,0.9289514100594022
Poa_alpina,-2.615,0.473,Hurdle_cond,T0-T2,DIST,1,Lmax,3.3423058638339636
Poa_alpina,-2.615,0.473,Hurdle_cond,T0-T2,DIST,1,Lmean,1.5320496652234803
Poa_alpina,-2.615,0.473,Hurdle_cond,T0-T2,DIST,1,R0,-1.2908410925748002
Poa_alpina,-2.615,0.473,Hurdle_cond,T0-T2,DIST,1,Reactivity,0.721221307788113
Poa_alpina,-2.615,0.473,Hurdle_cond,T0-T2,DIST,1,T_generation,3.187086237083993
Poa_alpina,-2.615,0.473,Hurdle_cond,T0-T2,DIST,1,age_repro,0.8494642415925806
Poa_alpina,-2.615,0.473,Hurdle_cond,T0-T2,DIST,1,percapita_repro,-2.149856471713263
Potentilla_recta,-2.609,0.257,Hurdle_cond,T0-T2,DIST,1,FirstStepAtt,-1.2072466251783427
Potentilla_recta,-2.609,0.257,Hurdle_cond,T0-T2,DIST,1,Lambda,1.3233051390988662
Potentilla_recta,-2.609,0.257,Hurdle_cond,T0-T2,DIST,1,Lmax,2.8995463272302633
Potentilla_recta,-2.609,0.257,Hurdle_cond,T0-T2,DIST,1,Lmean,1.114174982541197
Potentilla_recta,-2.609,0.257,Hurdle_cond,T0-T2,DIST,1,R0,-Inf
Potentilla_recta,-2.609,0.257,Hurdle_cond,T0-T2,DIST,1,Reactivity,2.3355670141886495
Potentilla_recta,-2.609,0.257,Hurdle_cond,T0-T2,DIST,1,T_generation,1.1285664763465502
Potentilla_recta,-2.609,0.257,Hurdle_cond,T0-T2,DIST,1,age_repro,1.470241457035962
Potentilla_recta,-2.609,0.257,Hurdle_cond,T0-T2,DIST,1,percapita_repro,5.184136566294191
Primula_elatior,-2.643,0.402,Hurdle_cond,T0-T2,DIST,1,FirstStepAtt,-2.5752591198739894
Primula_elatior,-2.643,0.402,Hurdle_cond,T0-T2,DIST,1,Lambda,1.0243599289476764
Primula_elatior,-2.643,0.402,Hurdle_cond,T0-T2,DIST,1,Lmax,3.078214221499716
Primula_elatior,-2.643,0.402,Hurdle_cond,T0-T2,DIST,1,Lmean,0.9348686606054332
Primula_elatior,-2.643,0.402,Hurdle_cond,T0-T2,DIST,1,R0,-0.1983437887657272
Primula_elatior,-2.643,0.402,Hurdle_cond,T0-T2,DIST,1,Reactivity,1.2375774274497275
Primula_elatior,-2.643,0.402,Hurdle_cond,T0-T2,DIST,1,T_generation,2.774342942782747
Primula_elatior,-2.643,0.402,Hurdle_cond,T0-T2,DIST,1,age_repro,1.5965918444925693
Primula_elatior,-2.643,0.402,Hurdle_cond,T0-T2,DIST,1,percapita_repro,0.6906312588074858
Primula_veris,-2.556,0.385,Hurdle_cond,T0-T2,DIST,1,FirstStepAtt,-3.0996415326914413
Primula_veris,-2.556,0.385,Hurdle_cond,T0-T2,DIST,1,Lambda,0.9177166512186883
Primula_veris,-2.556,0.385,Hurdle_cond,T0-T2,DIST,1,Lmax,1.777554626801171
Primula_veris,-2.556,0.385,Hurdle_cond,T0-T2,DIST,1,Lmean,0.34573408996051475
Primula_veris,-2.556,0.385,Hurdle_cond,T0-T2,DIST,1,R0,-3.531205384831014
Primula_veris,-2.556,0.385,Hurdle_cond,T0-T2,DIST,1,Reactivity,1.8406103144604358
Primula_veris,-2.556,0.385,Hurdle_cond,T0-T2,DIST,1,T_generation,3.266151130174338
Primula_veris,-2.556,0.385,Hurdle_cond,T0-T2,DIST,1,age_repro,2.1007008996065113
Primula_veris,-2.556,0.385,Hurdle_cond,T0-T2,DIST,1,percapita_repro,1.3057574210790406
Ranunculus_acris,-2.632,0.168,Hurdle_cond,T0-T2,DIST,1,FirstStepAtt,-2.223673155588096
Ranunculus_acris,-2.632,0.168,Hurdle_cond,T0-T2,DIST,1,Lambda,1.1474253581153837
Ranunculus_acris,-2.632,0.168,Hurdle_cond,T0-T2,DIST,1,Lmax,1.791759469228055
Ranunculus_acris,-2.632,0.168,Hurdle_cond,T0-T2,DIST,1,Lmean,0.2694368352850546
Ranunculus_acris,-2.632,0.168,Hurdle_cond,T0-T2,DIST,1,R0,0.4291243489821683
Ranunculus_acris,-2.632,0.168,Hurdle_cond,T0-T2,DIST,1,Reactivity,1.8978523971700296
Ranunculus_acris,-2.632,0.168,Hurdle_cond,T0-T2,DIST,1,T_generation,1.3335494740785472
Ranunculus_acris,-2.632,0.168,Hurdle_cond,T0-T2,DIST,1,age_repro,1.1167312512505851
Ranunculus_acris,-2.632,0.168,Hurdle_cond,T0-T2,DIST,1,percapita_repro,1.9401794743463283
Salsola_kali,-2.675,0.468,Hurdle_cond,T0-T2,DIST,1,FirstStepAtt,-7.23761455341241
Salsola_kali,-2.675,0.468,Hurdle_cond,T0-T2,DIST,1,Lambda,0.589687496520467
Salsola_kali,-2.675,0.468,Hurdle_cond,T0-T2,DIST,1,Lmax,1.0986122886681098
Salsola_kali,-2.675,0.468,Hurdle_cond,T0-T2,DIST,1,Lmean,0.6329527878317025
Salsola_kali,-2.675,0.468,Hurdle_cond,T0-T2,DIST,1,R0,-3.1690448866467187
Salsola_kali,-2.675,0.468,Hurdle_cond,T0-T2,DIST,1,Reactivity,NA
Salsola_kali,-2.675,0.468,Hurdle_cond,T0-T2,DIST,1,T_generation,1.7917877371801434
Salsola_kali,-2.675,0.468,Hurdle_cond,T0-T2,DIST,1,age_repro,1.7917761374226397
Salsola_kali,-2.675,0.468,Hurdle_cond,T0-T2,DIST,1,percapita_repro,NA
Sphaeralcea_coccinea,-2.445,0.324,Hurdle_cond,T0-T2,DIST,1,FirstStepAtt,-0.021668930362796438
Sphaeralcea_coccinea,-2.445,0.324,Hurdle_cond,T0-T2,DIST,1,Lambda,0.9140916052986946
Sphaeralcea_coccinea,-2.445,0.324,Hurdle_cond,T0-T2,DIST,1,Lmax,1.1291966833851346
Sphaeralcea_coccinea,-2.445,0.324,Hurdle_cond,T0-T2,DIST,1,Lmean,0.18479959171993668
Sphaeralcea_coccinea,-2.445,0.324,Hurdle_cond,T0-T2,DIST,1,R0,-0.1631566065473073
Sphaeralcea_coccinea,-2.445,0.324,Hurdle_cond,T0-T2,DIST,1,Reactivity,0.06479482429602482
Sphaeralcea_coccinea,-2.445,0.324,Hurdle_cond,T0-T2,DIST,1,T_generation,0.24224692726379177
Sphaeralcea_coccinea,-2.445,0.324,Hurdle_cond,T0-T2,DIST,1,age_repro,0
Sphaeralcea_coccinea,-2.445,0.324,Hurdle_cond,T0-T2,DIST,1,percapita_repro,-0.347956198267244
Stenaria_nigricans,-2.24,0.345,Hurdle_cond,T0-T2,DIST,1,FirstStepAtt,-0.001506241946231945
Stenaria_nigricans,-2.24,0.345,Hurdle_cond,T0-T2,DIST,1,Lambda,0.9901413361648121
Stenaria_nigricans,-2.24,0.345,Hurdle_cond,T0-T2,DIST,1,Lmax,0.8841014310483891
Stenaria_nigricans,-2.24,0.345,Hurdle_cond,T0-T2,DIST,1,Lmean,0.1061701762787086
Stenaria_nigricans,-2.24,0.345,Hurdle_cond,T0-T2,DIST,1,R0,0.21085254589803137
Stenaria_nigricans,-2.24,0.345,Hurdle_cond,T0-T2,DIST,1,Reactivity,0.009202684809058356
Stenaria_nigricans,-2.24,0.345,Hurdle_cond,T0-T2,DIST,1,T_generation,0.10216634557653173
Stenaria_nigricans,-2.24,0.345,Hurdle_cond,T0-T2,DIST,1,age_repro,0
Stenaria_nigricans,-2.24,0.345,Hurdle_cond,T0-T2,DIST,1,percapita_repro,0.10468236961932272
Taraxacum_campylodes,-2.482,0.362,Hurdle_cond,T0-T2,DIST,1,FirstStepAtt,-2.3531148413315983
Taraxacum_campylodes,-2.482,0.362,Hurdle_cond,T0-T2,DIST,1,Lambda,0.08041791145870329
Taraxacum_campylodes,-2.482,0.362,Hurdle_cond,T0-T2,DIST,1,Lmax,0.5493061443340549
Taraxacum_campylodes,-2.482,0.362,Hurdle_cond,T0-T2,DIST,1,Lmean,0.06773896227809098
Taraxacum_campylodes,-2.482,0.362,Hurdle_cond,T0-T2,DIST,1,R0,-Inf
Taraxacum_campylodes,-2.482,0.362,Hurdle_cond,T0-T2,DIST,1,Reactivity,2.4046693226371185
Taraxacum_campylodes,-2.482,0.362,Hurdle_cond,T0-T2,DIST,1,T_generation,NA
Taraxacum_campylodes,-2.482,0.362,Hurdle_cond,T0-T2,DIST,1,age_repro,0
Taraxacum_campylodes,-2.482,0.362,Hurdle_cond,T0-T2,DIST,1,percapita_repro,-11.213549524439351
Thymus_vulgaris,-2.657,0.358,Hurdle_cond,T0-T2,DIST,1,FirstStepAtt,-0.005866973847378982
Thymus_vulgaris,-2.657,0.358,Hurdle_cond,T0-T2,DIST,1,Lambda,0.9926751959162854
Thymus_vulgaris,-2.657,0.358,Hurdle_cond,T0-T2,DIST,1,Lmax,5.964961904446033
Thymus_vulgaris,-2.657,0.358,Hurdle_cond,T0-T2,DIST,1,Lmean,4.459892288650257
Thymus_vulgaris,-2.657,0.358,Hurdle_cond,T0-T2,DIST,1,R0,-1.07189733945768
Thymus_vulgaris,-2.657,0.358,Hurdle_cond,T0-T2,DIST,1,Reactivity,0.010349758754626258
Thymus_vulgaris,-2.657,0.358,Hurdle_cond,T0-T2,DIST,1,T_generation,NA
Thymus_vulgaris,-2.657,0.358,Hurdle_cond,T0-T2,DIST,1,age_repro,NA
Thymus_vulgaris,-2.657,0.358,Hurdle_cond,T0-T2,DIST,1,percapita_repro,-5.143380039347928
Verbascum_thapsus,-2.402,0.442,Hurdle_cond,T0-T2,DIST,1,FirstStepAtt,-4.012613096092431
Verbascum_thapsus,-2.402,0.442,Hurdle_cond,T0-T2,DIST,1,Lambda,NA
Verbascum_thapsus,-2.402,0.442,Hurdle_cond,T0-T2,DIST,1,Lmax,0.6931471805599453
Verbascum_thapsus,-2.402,0.442,Hurdle_cond,T0-T2,DIST,1,Lmean,0.05129369438747054
Verbascum_thapsus,-2.402,0.442,Hurdle_cond,T0-T2,DIST,1,R0,3.381715911075376
Verbascum_thapsus,-2.402,0.442,Hurdle_cond,T0-T2,DIST,1,Reactivity,NA
Verbascum_thapsus,-2.402,0.442,Hurdle_cond,T0-T2,DIST,1,T_generation,0.7764348966557838
Verbascum_thapsus,-2.402,0.442,Hurdle_cond,T0-T2,DIST,1,age_repro,2.5523449856956373
Verbascum_thapsus,-2.402,0.442,Hurdle_cond,T0-T2,DIST,1,percapita_repro,NA
Veronica_arvensis,-2.859,0.185,Hurdle_cond,T0-T2,DIST,1,FirstStepAtt,-1.3609972168245543
Veronica_arvensis,-2.859,0.185,Hurdle_cond,T0-T2,DIST,1,Lambda,1.0575348190993947
Veronica_arvensis,-2.859,0.185,Hurdle_cond,T0-T2,DIST,1,Lmax,0.12924850454918937
Veronica_arvensis,-2.859,0.185,Hurdle_cond,T0-T2,DIST,1,Lmean,0.05244694819316372
Veronica_arvensis,-2.859,0.185,Hurdle_cond,T0-T2,DIST,1,R0,-0.014999404757933873
Veronica_arvensis,-2.859,0.185,Hurdle_cond,T0-T2,DIST,1,Reactivity,1.7913324339405632
Veronica_arvensis,-2.859,0.185,Hurdle_cond,T0-T2,DIST,1,T_generation,0.4178504962611216
Veronica_arvensis,-2.859,0.185,Hurdle_cond,T0-T2,DIST,1,age_repro,0.8907769885320955
Veronica_arvensis,-2.859,0.185,Hurdle_cond,T0-T2,DIST,1,percapita_repro,1.8152156216155975
Acer_saccharum,-1.591,0.441,Hurdle_zi,T0-T2,DIST,1,FirstStepAtt,-0.13633162397836548
Acer_saccharum,-1.591,0.441,Hurdle_zi,T0-T2,DIST,1,Lambda,1.7751478346888432
Acer_saccharum,-1.591,0.441,Hurdle_zi,T0-T2,DIST,1,Lmax,5.5871025137026376
Acer_saccharum,-1.591,0.441,Hurdle_zi,T0-T2,DIST,1,Lmean,5.240241348413525
Acer_saccharum,-1.591,0.441,Hurdle_zi,T0-T2,DIST,1,R0,6.4970270462927875
Acer_saccharum,-1.591,0.441,Hurdle_zi,T0-T2,DIST,1,Reactivity,0.11239532885872881
Acer_saccharum,-1.591,0.441,Hurdle_zi,T0-T2,DIST,1,T_generation,1.6297372686170404
Acer_saccharum,-1.591,0.441,Hurdle_zi,T0-T2,DIST,1,age_repro,2.5048380603456604
Acer_saccharum,-1.591,0.441,Hurdle_zi,T0-T2,DIST,1,percapita_repro,-0.15190606423970499
Agrimonia_eupatoria,-1.381,0.26,Hurdle_zi,T0-T2,DIST,1,FirstStepAtt,-0.40426778811109665
Agrimonia_eupatoria,-1.381,0.26,Hurdle_zi,T0-T2,DIST,1,Lambda,0.99064442494128635
Agrimonia_eupatoria,-1.381,0.26,Hurdle_zi,T0-T2,DIST,1,Lmax,4.5330412476880015
Agrimonia_eupatoria,-1.381,0.26,Hurdle_zi,T0-T2,DIST,1,Lmean,2.276623485281897
Agrimonia_eupatoria,-1.381,0.26,Hurdle_zi,T0-T2,DIST,1,R0,-0.3812702083300579
Agrimonia_eupatoria,-1.381,0.26,Hurdle_zi,T0-T2,DIST,1,Reactivity,0.19207496843703886
Agrimonia_eupatoria,-1.381,0.26,Hurdle_zi,T0-T2,DIST,1,T_generation,3.6207086258222287
Agrimonia_eupatoria,-1.381,0.26,Hurdle_zi,T0-T2,DIST,1,age_repro,2.087394345070076
Agrimonia_eupatoria,-1.381,0.26,Hurdle_zi,T0-T2,DIST,1,percapita_repro,-1.5661843426366495
Ailanthus_altissima,-1.526,0.476,Hurdle_zi,T0-T2,DIST,1,FirstStepAtt,-4.2648886715454815
Ailanthus_altissima,-1.526,0.476,Hurdle_zi,T0-T2,DIST,1,Lambda,1.9212389388134612
Ailanthus_altissima,-1.526,0.476,Hurdle_zi,T0-T2,DIST,1,Lmax,1.791759469228055
Ailanthus_altissima,-1.526,0.476,Hurdle_zi,T0-T2,DIST,1,Lmean,0.5447271754416718
Ailanthus_altissima,-1.526,0.476,Hurdle_zi,T0-T2,DIST,1,R0,3.781257113389695
Ailanthus_altissima,-1.526,0.476,Hurdle_zi,T0-T2,DIST,1,Reactivity,NA
Ailanthus_altissima,-1.526,0.476,Hurdle_zi,T0-T2,DIST,1,T_generation,1.7128362023285355
Ailanthus_altissima,-1.526,0.476,Hurdle_zi,T0-T2,DIST,1,age_repro,1.791759469228055
Ailanthus_altissima,-1.526,0.476,Hurdle_zi,T0-T2,DIST,1,percapita_repro,NA
Allium_vineale,-1.648,0.392,Hurdle_zi,T0-T2,DIST,1,FirstStepAtt,-2.036030904211625
Allium_vineale,-1.648,0.392,Hurdle_zi,T0-T2,DIST,1,Lambda,1.170906773884173
Allium_vineale,-1.648,0.392,Hurdle_zi,T0-T2,DIST,1,Lmax,1.0986122886681098
Allium_vineale,-1.648,0.392,Hurdle_zi,T0-T2,DIST,1,Lmean,0.16647352389668973
Allium_vineale,-1.648,0.392,Hurdle_zi,T0-T2,DIST,1,R0,0.3408368280021561
Allium_vineale,-1.648,0.392,Hurdle_zi,T0-T2,DIST,1,Reactivity,2.1940830508207325
Allium_vineale,-1.648,0.392,Hurdle_zi,T0-T2,DIST,1,T_generation,0.7635325690826141
Allium_vineale,-1.648,0.392,Hurdle_zi,T0-T2,DIST,1,age_repro,1.2000990079409088
Allium_vineale,-1.648,0.392,Hurdle_zi,T0-T2,DIST,1,percapita_repro,2.3368650630604555
Andropogon_gerardii,-0.183,0.219,Hurdle_zi,T0-T2,DIST,1,FirstStepAtt,-1.1908608264270113
Andropogon_gerardii,-0.183,0.219,Hurdle_zi,T0-T2,DIST,1,Lambda,1.50587325216984
Andropogon_gerardii,-0.183,0.219,Hurdle_zi,T0-T2,DIST,1,Lmax,1.764891121214301
Andropogon_gerardii,-0.183,0.219,Hurdle_zi,T0-T2,DIST,1,Lmean,0.6723210807858808
Andropogon_gerardii,-0.183,0.219,Hurdle_zi,T0-T2,DIST,1,R0,0.8354773555720532
Andropogon_gerardii,-0.183,0.219,Hurdle_zi,T0-T2,DIST,1,Reactivity,1.7926841280473305
Andropogon_gerardii,-0.183,0.219,Hurdle_zi,T0-T2,DIST,1,T_generation,0.7395193223181741
Andropogon_gerardii,-0.183,0.219,Hurdle_zi,T0-T2,DIST,1,age_repro,0.7862530575220442
Andropogon_gerardii,-0.183,0.219,Hurdle_zi,T0-T2,DIST,1,percapita_repro,2.0924307697315556
Arenaria_serpyllifolia,-1.128,0.28,Hurdle_zi,T0-T2,DIST,1,FirstStepAtt,-2.2176497264357233
Arenaria_serpyllifolia,-1.128,0.28,Hurdle_zi,T0-T2,DIST,1,Lambda,0.860684361881849
Arenaria_serpyllifolia,-1.128,0.28,Hurdle_zi,T0-T2,DIST,1,Lmax,0
Arenaria_serpyllifolia,-1.128,0.28,Hurdle_zi,T0-T2,DIST,1,Lmean,0
Arenaria_serpyllifolia,-1.128,0.28,Hurdle_zi,T0-T2,DIST,1,R0,0.13128547046852534
Arenaria_serpyllifolia,-1.128,0.28,Hurdle_zi,T0-T2,DIST,1,Reactivity,2.5929750386335604
Arenaria_serpyllifolia,-1.128,0.28,Hurdle_zi,T0-T2,DIST,1,T_generation,0.16988583066600282
Arenaria_serpyllifolia,-1.128,0.28,Hurdle_zi,T0-T2,DIST,1,age_repro,0.8303384136066279
Arenaria_serpyllifolia,-1.128,0.28,Hurdle_zi,T0-T2,DIST,1,percapita_repro,2.639396025140823
Armeria_maritima,-1.7,0.357,Hurdle_zi,T0-T2,DIST,1,FirstStepAtt,-2.2414258727445255
Armeria_maritima,-1.7,0.357,Hurdle_zi,T0-T2,DIST,1,Lambda,1.458043853064239
Armeria_maritima,-1.7,0.357,Hurdle_zi,T0-T2,DIST,1,Lmax,2.995732273553991
Armeria_maritima,-1.7,0.357,Hurdle_zi,T0-T2,DIST,1,Lmean,0.6122577291406874
Armeria_maritima,-1.7,0.357,Hurdle_zi,T0-T2,DIST,1,R0,4.445083646052526
Armeria_maritima,-1.7,0.357,Hurdle_zi,T0-T2,DIST,1,Reactivity,5.495776723555247
Armeria_maritima,-1.7,0.357,Hurdle_zi,T0-T2,DIST,1,T_generation,2.099604255961898
Armeria_maritima,-1.7,0.357,Hurdle_zi,T0-T2,DIST,1,age_repro,1.5255005163472148
Armeria_maritima,-1.7,0.357,Hurdle_zi,T0-T2,DIST,1,percapita_repro,3.617282020171661
Carduus_nutans,-1.653,0.465,Hurdle_zi,T0-T2,DIST,1,FirstStepAtt,-1.2021216175186675
Carduus_nutans,-1.653,0.465,Hurdle_zi,T0-T2,DIST,1,Lambda,0.7295404692944151
Carduus_nutans,-1.653,0.465,Hurdle_zi,T0-T2,DIST,1,Lmax,1.4856920935259144
Carduus_nutans,-1.653,0.465,Hurdle_zi,T0-T2,DIST,1,Lmean,0.48174117970979186
Carduus_nutans,-1.653,0.465,Hurdle_zi,T0-T2,DIST,1,R0,-0.392418382929946
Carduus_nutans,-1.653,0.465,Hurdle_zi,T0-T2,DIST,1,Reactivity,3.533469300158437
Carduus_nutans,-1.653,0.465,Hurdle_zi,T0-T2,DIST,1,T_generation,1.168846532882315
Carduus_nutans,-1.653,0.465,Hurdle_zi,T0-T2,DIST,1,age_repro,0.9011488671138399
Carduus_nutans,-1.653,0.465,Hurdle_zi,T0-T2,DIST,1,percapita_repro,1.235991459500605
Centaurea_jacea,-1.433,0.244,Hurdle_zi,T0-T2,DIST,1,FirstStepAtt,-0.6368104471974831
Centaurea_jacea,-1.433,0.244,Hurdle_zi,T0-T2,DIST,1,Lambda,0.9157150879324936
Centaurea_jacea,-1.433,0.244,Hurdle_zi,T0-T2,DIST,1,Lmax,2.4003251984703664
Centaurea_jacea,-1.433,0.244,Hurdle_zi,T0-T2,DIST,1,Lmean,1.3722715793325009
Centaurea_jacea,-1.433,0.244,Hurdle_zi,T0-T2,DIST,1,R0,-3.4842742317189583
Centaurea_jacea,-1.433,0.244,Hurdle_zi,T0-T2,DIST,1,Reactivity,0.41685764138114395
Centaurea_jacea,-1.433,0.244,Hurdle_zi,T0-T2,DIST,1,T_generation,2.978872381362829
Centaurea_jacea,-1.433,0.244,Hurdle_zi,T0-T2,DIST,1,age_repro,1.6363011514297372
Centaurea_jacea,-1.433,0.244,Hurdle_zi,T0-T2,DIST,1,percapita_repro,-1.7828083742933423
Cerastium_fontanum,-1.5,0.149,Hurdle_zi,T0-T2,DIST,1,FirstStepAtt,-2.696031853083466
Cerastium_fontanum,-1.5,0.149,Hurdle_zi,T0-T2,DIST,1,Lambda,NA
Cerastium_fontanum,-1.5,0.149,Hurdle_zi,T0-T2,DIST,1,Lmax,0
Cerastium_fontanum,-1.5,0.149,Hurdle_zi,T0-T2,DIST,1,Lmean,0
Cerastium_fontanum,-1.5,0.149,Hurdle_zi,T0-T2,DIST,1,R0,1.5184623246973081
Cerastium_fontanum,-1.5,0.149,Hurdle_zi,T0-T2,DIST,1,Reactivity,3.027270925563423
Cerastium_fontanum,-1.5,0.149,Hurdle_zi,T0-T2,DIST,1,T_generation,0.005048904923272251
Cerastium_fontanum,-1.5,0.149,Hurdle_zi,T0-T2,DIST,1,age_repro,0.8873031950009029
Cerastium_fontanum,-1.5,0.149,Hurdle_zi,T0-T2,DIST,1,percapita_repro,4.522657764413627
Cirsium_arvense,-1.071,0.181,Hurdle_zi,T0-T2,DIST,1,FirstStepAtt,-3.3290015249469986
Cirsium_arvense,-1.071,0.181,Hurdle_zi,T0-T2,DIST,1,Lambda,NA
Cirsium_arvense,-1.071,0.181,Hurdle_zi,T0-T2,DIST,1,Lmax,1.0986122886681098
Cirsium_arvense,-1.071,0.181,Hurdle_zi,T0-T2,DIST,1,Lmean,0.1699960817758222
Cirsium_arvense,-1.071,0.181,Hurdle_zi,T0-T2,DIST,1,R0,3.228914980534981
Cirsium_arvense,-1.071,0.181,Hurdle_zi,T0-T2,DIST,1,Reactivity,4.0664130997692896
Cirsium_arvense,-1.071,0.181,Hurdle_zi,T0-T2,DIST,1,T_generation,0.7703612247372394
Cirsium_arvense,-1.071,0.181,Hurdle_zi,T0-T2,DIST,1,age_repro,1.162546762671639
Cirsium_arvense,-1.071,0.181,Hurdle_zi,T0-T2,DIST,1,percapita_repro,5.427985054670073
Cirsium_palustre,-1.714,0.435,Hurdle_zi,T0-T2,DIST,1,FirstStepAtt,-2.5937654771378247
Cirsium_palustre,-1.714,0.435,Hurdle_zi,T0-T2,DIST,1,Lambda,1.4428002172428838
Cirsium_palustre,-1.714,0.435,Hurdle_zi,T0-T2,DIST,1,Lmax,1.5273118956910914
Cirsium_palustre,-1.714,0.435,Hurdle_zi,T0-T2,DIST,1,Lmean,0.20135107219302092
Cirsium_palustre,-1.714,0.435,Hurdle_zi,T0-T2,DIST,1,R0,1.2807231364002392
Cirsium_palustre,-1.714,0.435,Hurdle_zi,T0-T2,DIST,1,Reactivity,4.898747288058175
Cirsium_palustre,-1.714,0.435,Hurdle_zi,T0-T2,DIST,1,T_generation,1.2255759905166659
Cirsium_palustre,-1.714,0.435,Hurdle_zi,T0-T2,DIST,1,age_repro,1.534647496889771
Cirsium_palustre,-1.714,0.435,Hurdle_zi,T0-T2,DIST,1,percapita_repro,4.957313127808717
Cirsium_vulgare,-1.184,0.273,Hurdle_zi,T0-T2,DIST,1,FirstStepAtt,-3.1910655226282234
Cirsium_vulgare,-1.184,0.273,Hurdle_zi,T0-T2,DIST,1,Lambda,0.7844344795818798
Cirsium_vulgare,-1.184,0.273,Hurdle_zi,T0-T2,DIST,1,Lmax,1.507973248367974
Cirsium_vulgare,-1.184,0.273,Hurdle_zi,T0-T2,DIST,1,Lmean,0.3479988332516422
Cirsium_vulgare,-1.184,0.273,Hurdle_zi,T0-T2,DIST,1,R0,-1.420279247517773
Cirsium_vulgare,-1.184,0.273,Hurdle_zi,T0-T2,DIST,1,Reactivity,2.641485998869525
Cirsium_vulgare,-1.184,0.273,Hurdle_zi,T0-T2,DIST,1,T_generation,1.4828783988333107
Cirsium_vulgare,-1.184,0.273,Hurdle_zi,T0-T2,DIST,1,age_repro,0.9323966804077027
Cirsium_vulgare,-1.184,0.273,Hurdle_zi,T0-T2,DIST,1,percapita_repro,1.89963041219607
Daucus_carota,-1.44,0.188,Hurdle_zi,T0-T2,DIST,1,FirstStepAtt,-4.040610337013186
Daucus_carota,-1.44,0.188,Hurdle_zi,T0-T2,DIST,1,Lambda,1.7161044748521754
Daucus_carota,-1.44,0.188,Hurdle_zi,T0-T2,DIST,1,Lmax,1.0986122886681098
Daucus_carota,-1.44,0.188,Hurdle_zi,T0-T2,DIST,1,Lmean,0.31834252276646996
Daucus_carota,-1.44,0.188,Hurdle_zi,T0-T2,DIST,1,R0,1.8196701629274532
Daucus_carota,-1.44,0.188,Hurdle_zi,T0-T2,DIST,1,Reactivity,NA
Daucus_carota,-1.44,0.188,Hurdle_zi,T0-T2,DIST,1,T_generation,1.189773196967312
Daucus_carota,-1.44,0.188,Hurdle_zi,T0-T2,DIST,1,age_repro,1.431272611901774
Daucus_carota,-1.44,0.188,Hurdle_zi,T0-T2,DIST,1,percapita_repro,NA
Echium_vulgare,-1.699,0.36,Hurdle_zi,T0-T2,DIST,1,FirstStepAtt,-1.4808281568478858
Echium_vulgare,-1.699,0.36,Hurdle_zi,T0-T2,DIST,1,Lambda,1.54759800300862
Echium_vulgare,-1.699,0.36,Hurdle_zi,T0-T2,DIST,1,Lmax,1.3862943611198906
Echium_vulgare,-1.699,0.36,Hurdle_zi,T0-T2,DIST,1,Lmean,0.5010758488001458
Echium_vulgare,-1.699,0.36,Hurdle_zi,T0-T2,DIST,1,R0,1.6034012709220467
Echium_vulgare,-1.699,0.36,Hurdle_zi,T0-T2,DIST,1,Reactivity,3.2663741200499037
Echium_vulgare,-1.699,0.36,Hurdle_zi,T0-T2,DIST,1,T_generation,1.287139504575711
Echium_vulgare,-1.699,0.36,Hurdle_zi,T0-T2,DIST,1,age_repro,1.3132909952863716
Echium_vulgare,-1.699,0.36,Hurdle_zi,T0-T2,DIST,1,percapita_repro,3.7030781735137492
Elymus_repens,-1.164,0.164,Hurdle_zi,T0-T2,DIST,1,FirstStepAtt,-19.608981934788076
Elymus_repens,-1.164,0.164,Hurdle_zi,T0-T2,DIST,1,Lambda,NA
Elymus_repens,-1.164,0.164,Hurdle_zi,T0-T2,DIST,1,Lmax,0.6931471805599453
Elymus_repens,-1.164,0.164,Hurdle_zi,T0-T2,DIST,1,Lmean,0.34830572665687204
Elymus_repens,-1.164,0.164,Hurdle_zi,T0-T2,DIST,1,R0,4.306802628082906
Elymus_repens,-1.164,0.164,Hurdle_zi,T0-T2,DIST,1,Reactivity,NA
Elymus_repens,-1.164,0.164,Hurdle_zi,T0-T2,DIST,1,T_generation,0.00771453240913415
Elymus_repens,-1.164,0.164,Hurdle_zi,T0-T2,DIST,1,age_repro,0
Elymus_repens,-1.164,0.164,Hurdle_zi,T0-T2,DIST,1,percapita_repro,-5.74205469871386
Erigeron_canadensis,-1.723,0.23,Hurdle_zi,T0-T2,DIST,1,FirstStepAtt,-2.9940372183428647
Erigeron_canadensis,-1.723,0.23,Hurdle_zi,T0-T2,DIST,1,Lambda,NA
Erigeron_canadensis,-1.723,0.23,Hurdle_zi,T0-T2,DIST,1,Lmax,0
Erigeron_canadensis,-1.723,0.23,Hurdle_zi,T0-T2,DIST,1,Lmean,0
Erigeron_canadensis,-1.723,0.23,Hurdle_zi,T0-T2,DIST,1,R0,2.750423016465953
Erigeron_canadensis,-1.723,0.23,Hurdle_zi,T0-T2,DIST,1,Reactivity,3.7256901124743216
Erigeron_canadensis,-1.723,0.23,Hurdle_zi,T0-T2,DIST,1,T_generation,0.1300250884192771
Erigeron_canadensis,-1.723,0.23,Hurdle_zi,T0-T2,DIST,1,age_repro,0.9159908368351705
Erigeron_canadensis,-1.723,0.23,Hurdle_zi,T0-T2,DIST,1,percapita_repro,5.684089841310465
Knautia_arvensis,-1.019,0.308,Hurdle_zi,T0-T2,DIST,1,FirstStepAtt,-2.956373754274904
Knautia_arvensis,-1.019,0.308,Hurdle_zi,T0-T2,DIST,1,Lambda,0.30764990872892994
Knautia_arvensis,-1.019,0.308,Hurdle_zi,T0-T2,DIST,1,Lmax,0.6931471805599453
Knautia_arvensis,-1.019,0.308,Hurdle_zi,T0-T2,DIST,1,Lmean,0.022139719151234638
Knautia_arvensis,-1.019,0.308,Hurdle_zi,T0-T2,DIST,1,R0,-9.95071325619903
Knautia_arvensis,-1.019,0.308,Hurdle_zi,T0-T2,DIST,1,Reactivity,0.35097071858090473
Knautia_arvensis,-1.019,0.308,Hurdle_zi,T0-T2,DIST,1,T_generation,NA
Knautia_arvensis,-1.019,0.308,Hurdle_zi,T0-T2,DIST,1,age_repro,0.9322894183877876
Knautia_arvensis,-1.019,0.308,Hurdle_zi,T0-T2,DIST,1,percapita_repro,-4.367646677748796
Lactuca_serriola,-1.357,0.41,Hurdle_zi,T0-T2,DIST,1,FirstStepAtt,-2.5276283678174485
Lactuca_serriola,-1.357,0.41,Hurdle_zi,T0-T2,DIST,1,Lambda,NA
Lactuca_serriola,-1.357,0.41,Hurdle_zi,T0-T2,DIST,1,Lmax,0
Lactuca_serriola,-1.357,0.41,Hurdle_zi,T0-T2,DIST,1,Lmean,0
Lactuca_serriola,-1.357,0.41,Hurdle_zi,T0-T2,DIST,1,R0,2.961708269076509
Lactuca_serriola,-1.357,0.41,Hurdle_zi,T0-T2,DIST,1,Reactivity,5.096932718325193
Lactuca_serriola,-1.357,0.41,Hurdle_zi,T0-T2,DIST,1,T_generation,0.08738433516364566
Lactuca_serriola,-1.357,0.41,Hurdle_zi,T0-T2,DIST,1,age_repro,1.2839753424841123
Lactuca_serriola,-1.357,0.41,Hurdle_zi,T0-T2,DIST,1,percapita_repro,7.147653680580111
Linum_catharticum,-1.48,0.35,Hurdle_zi,T0-T2,DIST,1,FirstStepAtt,-3.1953085121694222
Linum_catharticum,-1.48,0.35,Hurdle_zi,T0-T2,DIST,1,Lambda,NA
Linum_catharticum,-1.48,0.35,Hurdle_zi,T0-T2,DIST,1,Lmax,2.0794415416798357
Linum_catharticum,-1.48,0.35,Hurdle_zi,T0-T2,DIST,1,Lmean,0.7715798705141755
Linum_catharticum,-1.48,0.35,Hurdle_zi,T0-T2,DIST,1,R0,1.7942778474769048
Linum_catharticum,-1.48,0.35,Hurdle_zi,T0-T2,DIST,1,Reactivity,3.8165083573910685
Linum_catharticum,-1.48,0.35,Hurdle_zi,T0-T2,DIST,1,T_generation,0.30079171330480015
Linum_catharticum,-1.48,0.35,Hurdle_zi,T0-T2,DIST,1,age_repro,0.7034715243015948
Linum_catharticum,-1.48,0.35,Hurdle_zi,T0-T2,DIST,1,percapita_repro,3.0328521355315146
Myosotis_ramosissima,-1.548,0.473,Hurdle_zi,T0-T2,DIST,1,FirstStepAtt,-3.6870030575668453
Myosotis_ramosissima,-1.548,0.473,Hurdle_zi,T0-T2,DIST,1,Lambda,1.4558843238144925
Myosotis_ramosissima,-1.548,0.473,Hurdle_zi,T0-T2,DIST,1,Lmax,0
Myosotis_ramosissima,-1.548,0.473,Hurdle_zi,T0-T2,DIST,1,Lmean,0
Myosotis_ramosissima,-1.548,0.473,Hurdle_zi,T0-T2,DIST,1,R0,1.3761933951892638
Myosotis_ramosissima,-1.548,0.473,Hurdle_zi,T0-T2,DIST,1,Reactivity,0.48764865977290195
Myosotis_ramosissima,-1.548,0.473,Hurdle_zi,T0-T2,DIST,1,T_generation,0.013734478546359119
Myosotis_ramosissima,-1.548,0.473,Hurdle_zi,T0-T2,DIST,1,age_repro,0.7154702161542037
Myosotis_ramosissima,-1.548,0.473,Hurdle_zi,T0-T2,DIST,1,percapita_repro,1.826732983425593
Picris_hieracioides,-0.933,0.223,Hurdle_zi,T0-T2,DIST,1,FirstStepAtt,-4.012603074068456
Picris_hieracioides,-0.933,0.223,Hurdle_zi,T0-T2,DIST,1,Lambda,0.8846497432296893
Picris_hieracioides,-0.933,0.223,Hurdle_zi,T0-T2,DIST,1,Lmax,0.6931471805599453
Picris_hieracioides,-0.933,0.223,Hurdle_zi,T0-T2,DIST,1,Lmean,0.025497751793431413
Picris_hieracioides,-0.933,0.223,Hurdle_zi,T0-T2,DIST,1,R0,-0.5012341883972119
Picris_hieracioides,-0.933,0.223,Hurdle_zi,T0-T2,DIST,1,Reactivity,5.739334580340471
Picris_hieracioides,-0.933,0.223,Hurdle_zi,T0-T2,DIST,1,T_generation,1.4151934417967624
Picris_hieracioides,-0.933,0.223,Hurdle_zi,T0-T2,DIST,1,age_repro,1.5430234695350933
Picris_hieracioides,-0.933,0.223,Hurdle_zi,T0-T2,DIST,1,percapita_repro,5.616771097666572
Pimpinella_saxifraga,-1.086,0.317,Hurdle_zi,T0-T2,DIST,1,FirstStepAtt,-0.5923077657542147
Pimpinella_saxifraga,-1.086,0.317,Hurdle_zi,T0-T2,DIST,1,Lambda,0.9547406316474248
Pimpinella_saxifraga,-1.086,0.317,Hurdle_zi,T0-T2,DIST,1,Lmax,3.2778313935718644
Pimpinella_saxifraga,-1.086,0.317,Hurdle_zi,T0-T2,DIST,1,Lmean,1.3985454207581605
Pimpinella_saxifraga,-1.086,0.317,Hurdle_zi,T0-T2,DIST,1,R0,-0.7090626241047243
Pimpinella_saxifraga,-1.086,0.317,Hurdle_zi,T0-T2,DIST,1,Reactivity,0.9233752615973371
Pimpinella_saxifraga,-1.086,0.317,Hurdle_zi,T0-T2,DIST,1,T_generation,2.7756138699245225
Pimpinella_saxifraga,-1.086,0.317,Hurdle_zi,T0-T2,DIST,1,age_repro,1.7819632124517442
Pimpinella_saxifraga,-1.086,0.317,Hurdle_zi,T0-T2,DIST,1,percapita_repro,-0.1635626778133
Plantago_coronopus,-1.254,0.255,Hurdle_zi,T0-T2,DIST,1,FirstStepAtt,-1.0607821044920802
Plantago_coronopus,-1.254,0.255,Hurdle_zi,T0-T2,DIST,1,Lambda,0.8883340096307588
Plantago_coronopus,-1.254,0.255,Hurdle_zi,T0-T2,DIST,1,Lmax,1.907994489728227
Plantago_coronopus,-1.254,0.255,Hurdle_zi,T0-T2,DIST,1,Lmean,0.5836315540514999
Plantago_coronopus,-1.254,0.255,Hurdle_zi,T0-T2,DIST,1,R0,-0.7679497099488539
Plantago_coronopus,-1.254,0.255,Hurdle_zi,T0-T2,DIST,1,Reactivity,1.2700917455756844
Plantago_coronopus,-1.254,0.255,Hurdle_zi,T0-T2,DIST,1,T_generation,1.4792349913940708
Plantago_coronopus,-1.254,0.255,Hurdle_zi,T0-T2,DIST,1,age_repro,0.7227032675127357
Plantago_coronopus,-1.254,0.255,Hurdle_zi,T0-T2,DIST,1,percapita_repro,-0.16078899600806454
Plantago_media,-1.396,0.322,Hurdle_zi,T0-T2,DIST,1,FirstStepAtt,-2.5216721506920545
Plantago_media,-1.396,0.322,Hurdle_zi,T0-T2,DIST,1,Lambda,0.9166479924897526
Plantago_media,-1.396,0.322,Hurdle_zi,T0-T2,DIST,1,Lmax,1.7178918965462198
Plantago_media,-1.396,0.322,Hurdle_zi,T0-T2,DIST,1,Lmean,0.240093455091011
Plantago_media,-1.396,0.322,Hurdle_zi,T0-T2,DIST,1,R0,-3.703632943874186
Plantago_media,-1.396,0.322,Hurdle_zi,T0-T2,DIST,1,Reactivity,0.9115891884505661
Plantago_media,-1.396,0.322,Hurdle_zi,T0-T2,DIST,1,T_generation,3.2830740541662764
Plantago_media,-1.396,0.322,Hurdle_zi,T0-T2,DIST,1,age_repro,2.050568331584061
Plantago_media,-1.396,0.322,Hurdle_zi,T0-T2,DIST,1,percapita_repro,0.21247852101489456
Poa_alpina,-1.532,0.475,Hurdle_zi,T0-T2,DIST,1,FirstStepAtt,-0.6821869840767281
Poa_alpina,-1.532,0.475,Hurdle_zi,T0-T2,DIST,1,Lambda,0.9289514100594022
Poa_alpina,-1.532,0.475,Hurdle_zi,T0-T2,DIST,1,Lmax,3.3423058638339636
Poa_alpina,-1.532,0.475,Hurdle_zi,T0-T2,DIST,1,Lmean,1.5320496652234803
Poa_alpina,-1.532,0.475,Hurdle_zi,T0-T2,DIST,1,R0,-1.2908410925748002
Poa_alpina,-1.532,0.475,Hurdle_zi,T0-T2,DIST,1,Reactivity,0.721221307788113
Poa_alpina,-1.532,0.475,Hurdle_zi,T0-T2,DIST,1,T_generation,3.187086237083993
Poa_alpina,-1.532,0.475,Hurdle_zi,T0-T2,DIST,1,age_repro,0.8494642415925806
Poa_alpina,-1.532,0.475,Hurdle_zi,T0-T2,DIST,1,percapita_repro,-2.149856471713263
Potentilla_recta,-1.526,0.26,Hurdle_zi,T0-T2,DIST,1,FirstStepAtt,-1.2072466251783427
Potentilla_recta,-1.526,0.26,Hurdle_zi,T0-T2,DIST,1,Lambda,1.3233051390988662
Potentilla_recta,-1.526,0.26,Hurdle_zi,T0-T2,DIST,1,Lmax,2.8995463272302633
Potentilla_recta,-1.526,0.26,Hurdle_zi,T0-T2,DIST,1,Lmean,1.114174982541197
Potentilla_recta,-1.526,0.26,Hurdle_zi,T0-T2,DIST,1,R0,-Inf
Potentilla_recta,-1.526,0.26,Hurdle_zi,T0-T2,DIST,1,Reactivity,2.3355670141886495
Potentilla_recta,-1.526,0.26,Hurdle_zi,T0-T2,DIST,1,T_generation,1.1285664763465502
Potentilla_recta,-1.526,0.26,Hurdle_zi,T0-T2,DIST,1,age_repro,1.470241457035962
Potentilla_recta,-1.526,0.26,Hurdle_zi,T0-T2,DIST,1,percapita_repro,5.184136566294191
Primula_elatior,-1.56,0.404,Hurdle_zi,T0-T2,DIST,1,FirstStepAtt,-2.5752591198739894
Primula_elatior,-1.56,0.404,Hurdle_zi,T0-T2,DIST,1,Lambda,1.0243599289476764
Primula_elatior,-1.56,0.404,Hurdle_zi,T0-T2,DIST,1,Lmax,3.078214221499716
Primula_elatior,-1.56,0.404,Hurdle_zi,T0-T2,DIST,1,Lmean,0.9348686606054332
Primula_elatior,-1.56,0.404,Hurdle_zi,T0-T2,DIST,1,R0,-0.1983437887657272
Primula_elatior,-1.56,0.404,Hurdle_zi,T0-T2,DIST,1,Reactivity,1.2375774274497275
Primula_elatior,-1.56,0.404,Hurdle_zi,T0-T2,DIST,1,T_generation,2.774342942782747
Primula_elatior,-1.56,0.404,Hurdle_zi,T0-T2,DIST,1,age_repro,1.5965918444925693
Primula_elatior,-1.56,0.404,Hurdle_zi,T0-T2,DIST,1,percapita_repro,0.6906312588074858
Primula_veris,-1.473,0.386,Hurdle_zi,T0-T2,DIST,1,FirstStepAtt,-3.0996415326914413
Primula_veris,-1.473,0.386,Hurdle_zi,T0-T2,DIST,1,Lambda,0.9177166512186883
Primula_veris,-1.473,0.386,Hurdle_zi,T0-T2,DIST,1,Lmax,1.777554626801171
Primula_veris,-1.473,0.386,Hurdle_zi,T0-T2,DIST,1,Lmean,0.34573408996051475
Primula_veris,-1.473,0.386,Hurdle_zi,T0-T2,DIST,1,R0,-3.531205384831014
Primula_veris,-1.473,0.386,Hurdle_zi,T0-T2,DIST,1,Reactivity,1.8406103144604358
Primula_veris,-1.473,0.386,Hurdle_zi,T0-T2,DIST,1,T_generation,3.266151130174338
Primula_veris,-1.473,0.386,Hurdle_zi,T0-T2,DIST,1,age_repro,2.1007008996065113
Primula_veris,-1.473,0.386,Hurdle_zi,T0-T2,DIST,1,percapita_repro,1.3057574210790406
Ranunculus_acris,-1.549,0.172,Hurdle_zi,T0-T2,DIST,1,FirstStepAtt,-2.223673155588096
Ranunculus_acris,-1.549,0.172,Hurdle_zi,T0-T2,DIST,1,Lambda,1.1474253581153837
Ranunculus_acris,-1.549,0.172,Hurdle_zi,T0-T2,DIST,1,Lmax,1.791759469228055
Ranunculus_acris,-1.549,0.172,Hurdle_zi,T0-T2,DIST,1,Lmean,0.2694368352850546
Ranunculus_acris,-1.549,0.172,Hurdle_zi,T0-T2,DIST,1,R0,0.4291243489821683
Ranunculus_acris,-1.549,0.172,Hurdle_zi,T0-T2,DIST,1,Reactivity,1.8978523971700296
Ranunculus_acris,-1.549,0.172,Hurdle_zi,T0-T2,DIST,1,T_generation,1.3335494740785472
Ranunculus_acris,-1.549,0.172,Hurdle_zi,T0-T2,DIST,1,age_repro,1.1167312512505851
Ranunculus_acris,-1.549,0.172,Hurdle_zi,T0-T2,DIST,1,percapita_repro,1.9401794743463283
Salsola_kali,-1.592,0.47,Hurdle_zi,T0-T2,DIST,1,FirstStepAtt,-7.23761455341241
Salsola_kali,-1.592,0.47,Hurdle_zi,T0-T2,DIST,1,Lambda,0.589687496520467
Salsola_kali,-1.592,0.47,Hurdle_zi,T0-T2,DIST,1,Lmax,1.0986122886681098
Salsola_kali,-1.592,0.47,Hurdle_zi,T0-T2,DIST,1,Lmean,0.6329527878317025
Salsola_kali,-1.592,0.47,Hurdle_zi,T0-T2,DIST,1,R0,-3.1690448866467187
Salsola_kali,-1.592,0.47,Hurdle_zi,T0-T2,DIST,1,Reactivity,NA
Salsola_kali,-1.592,0.47,Hurdle_zi,T0-T2,DIST,1,T_generation,1.7917877371801434
Salsola_kali,-1.592,0.47,Hurdle_zi,T0-T2,DIST,1,age_repro,1.7917761374226397
Salsola_kali,-1.592,0.47,Hurdle_zi,T0-T2,DIST,1,percapita_repro,NA
Sphaeralcea_coccinea,-1.362,0.326,Hurdle_zi,T0-T2,DIST,1,FirstStepAtt,-0.021668930362796438
Sphaeralcea_coccinea,-1.362,0.326,Hurdle_zi,T0-T2,DIST,1,Lambda,0.9140916052986946
Sphaeralcea_coccinea,-1.362,0.326,Hurdle_zi,T0-T2,DIST,1,Lmax,1.1291966833851346
Sphaeralcea_coccinea,-1.362,0.326,Hurdle_zi,T0-T2,DIST,1,Lmean,0.18479959171993668
Sphaeralcea_coccinea,-1.362,0.326,Hurdle_zi,T0-T2,DIST,1,R0,-0.1631566065473073
Sphaeralcea_coccinea,-1.362,0.326,Hurdle_zi,T0-T2,DIST,1,Reactivity,0.06479482429602482
Sphaeralcea_coccinea,-1.362,0.326,Hurdle_zi,T0-T2,DIST,1,T_generation,0.24224692726379177
Sphaeralcea_coccinea,-1.362,0.326,Hurdle_zi,T0-T2,DIST,1,age_repro,0
Sphaeralcea_coccinea,-1.362,0.326,Hurdle_zi,T0-T2,DIST,1,percapita_repro,-0.347956198267244
Stenaria_nigricans,-1.157,0.347,Hurdle_zi,T0-T2,DIST,1,FirstStepAtt,-0.001506241946231945
Stenaria_nigricans,-1.157,0.347,Hurdle_zi,T0-T2,DIST,1,Lambda,0.9901413361648121
Stenaria_nigricans,-1.157,0.347,Hurdle_zi,T0-T2,DIST,1,Lmax,0.8841014310483891
Stenaria_nigricans,-1.157,0.347,Hurdle_zi,T0-T2,DIST,1,Lmean,0.1061701762787086
Stenaria_nigricans,-1.157,0.347,Hurdle_zi,T0-T2,DIST,1,R0,0.21085254589803137
Stenaria_nigricans,-1.157,0.347,Hurdle_zi,T0-T2,DIST,1,Reactivity,0.009202684809058356
Stenaria_nigricans,-1.157,0.347,Hurdle_zi,T0-T2,DIST,1,T_generation,0.10216634557653173
Stenaria_nigricans,-1.157,0.347,Hurdle_zi,T0-T2,DIST,1,age_repro,0
Stenaria_nigricans,-1.157,0.347,Hurdle_zi,T0-T2,DIST,1,percapita_repro,0.10468236961932272
Taraxacum_campylodes,-1.399,0.363,Hurdle_zi,T0-T2,DIST,1,FirstStepAtt,-2.3531148413315983
Taraxacum_campylodes,-1.399,0.363,Hurdle_zi,T0-T2,DIST,1,Lambda,0.08041791145870329
Taraxacum_campylodes,-1.399,0.363,Hurdle_zi,T0-T2,DIST,1,Lmax,0.5493061443340549
Taraxacum_campylodes,-1.399,0.363,Hurdle_zi,T0-T2,DIST,1,Lmean,0.06773896227809098
Taraxacum_campylodes,-1.399,0.363,Hurdle_zi,T0-T2,DIST,1,R0,-Inf
Taraxacum_campylodes,-1.399,0.363,Hurdle_zi,T0-T2,DIST,1,Reactivity,2.4046693226371185
Taraxacum_campylodes,-1.399,0.363,Hurdle_zi,T0-T2,DIST,1,T_generation,NA
Taraxacum_campylodes,-1.399,0.363,Hurdle_zi,T0-T2,DIST,1,age_repro,0
Taraxacum_campylodes,-1.399,0.363,Hurdle_zi,T0-T2,DIST,1,percapita_repro,-11.213549524439351
Thymus_vulgaris,-1.574,0.359,Hurdle_zi,T0-T2,DIST,1,FirstStepAtt,-0.005866973847378982
Thymus_vulgaris,-1.574,0.359,Hurdle_zi,T0-T2,DIST,1,Lambda,0.9926751959162854
Thymus_vulgaris,-1.574,0.359,Hurdle_zi,T0-T2,DIST,1,Lmax,5.964961904446033
Thymus_vulgaris,-1.574,0.359,Hurdle_zi,T0-T2,DIST,1,Lmean,4.459892288650257
Thymus_vulgaris,-1.574,0.359,Hurdle_zi,T0-T2,DIST,1,R0,-1.07189733945768
Thymus_vulgaris,-1.574,0.359,Hurdle_zi,T0-T2,DIST,1,Reactivity,0.010349758754626258
Thymus_vulgaris,-1.574,0.359,Hurdle_zi,T0-T2,DIST,1,T_generation,NA
Thymus_vulgaris,-1.574,0.359,Hurdle_zi,T0-T2,DIST,1,age_repro,NA
Thymus_vulgaris,-1.574,0.359,Hurdle_zi,T0-T2,DIST,1,percapita_repro,-5.143380039347928
Verbascum_thapsus,-1.319,0.444,Hurdle_zi,T0-T2,DIST,1,FirstStepAtt,-4.012613096092431
Verbascum_thapsus,-1.319,0.444,Hurdle_zi,T0-T2,DIST,1,Lambda,NA
Verbascum_thapsus,-1.319,0.444,Hurdle_zi,T0-T2,DIST,1,Lmax,0.6931471805599453
Verbascum_thapsus,-1.319,0.444,Hurdle_zi,T0-T2,DIST,1,Lmean,0.05129369438747054
Verbascum_thapsus,-1.319,0.444,Hurdle_zi,T0-T2,DIST,1,R0,3.381715911075376
Verbascum_thapsus,-1.319,0.444,Hurdle_zi,T0-T2,DIST,1,Reactivity,NA
Verbascum_thapsus,-1.319,0.444,Hurdle_zi,T0-T2,DIST,1,T_generation,0.7764348966557838
Verbascum_thapsus,-1.319,0.444,Hurdle_zi,T0-T2,DIST,1,age_repro,2.5523449856956373
Verbascum_thapsus,-1.319,0.444,Hurdle_zi,T0-T2,DIST,1,percapita_repro,NA
Veronica_arvensis,-1.776,0.189,Hurdle_zi,T0-T2,DIST,1,FirstStepAtt,-1.3609972168245543
Veronica_arvensis,-1.776,0.189,Hurdle_zi,T0-T2,DIST,1,Lambda,1.0575348190993947
Veronica_arvensis,-1.776,0.189,Hurdle_zi,T0-T2,DIST,1,Lmax,0.12924850454918937
Veronica_arvensis,-1.776,0.189,Hurdle_zi,T0-T2,DIST,1,Lmean,0.05244694819316372
Veronica_arvensis,-1.776,0.189,Hurdle_zi,T0-T2,DIST,1,R0,-0.014999404757933873
Veronica_arvensis,-1.776,0.189,Hurdle_zi,T0-T2,DIST,1,Reactivity,1.7913324339405632
Veronica_arvensis,-1.776,0.189,Hurdle_zi,T0-T2,DIST,1,T_generation,0.4178504962611216
Veronica_arvensis,-1.776,0.189,Hurdle_zi,T0-T2,DIST,1,age_repro,0.8907769885320955
Veronica_arvensis,-1.776,0.189,Hurdle_zi,T0-T2,DIST,1,percapita_repro,1.8152156216155975
Acer_saccharum,-2.691,0.407,Ordbeta,T0-T2,DIST,1,FirstStepAtt,-0.13633162397836548
Acer_saccharum,-2.691,0.407,Ordbeta,T0-T2,DIST,1,Lambda,1.7751478346888432
Acer_saccharum,-2.691,0.407,Ordbeta,T0-T2,DIST,1,Lmax,5.5871025137026376
Acer_saccharum,-2.691,0.407,Ordbeta,T0-T2,DIST,1,Lmean,5.240241348413525
Acer_saccharum,-2.691,0.407,Ordbeta,T0-T2,DIST,1,R0,6.4970270462927875
Acer_saccharum,-2.691,0.407,Ordbeta,T0-T2,DIST,1,Reactivity,0.11239532885872881
Acer_saccharum,-2.691,0.407,Ordbeta,T0-T2,DIST,1,T_generation,1.6297372686170404
Acer_saccharum,-2.691,0.407,Ordbeta,T0-T2,DIST,1,age_repro,2.5048380603456604
Acer_saccharum,-2.691,0.407,Ordbeta,T0-T2,DIST,1,percapita_repro,-0.15190606423970499
Agrimonia_eupatoria,-2.372,0.231,Ordbeta,T0-T2,DIST,1,FirstStepAtt,-0.40426778811109665
Agrimonia_eupatoria,-2.372,0.231,Ordbeta,T0-T2,DIST,1,Lambda,0.99064442494128635
Agrimonia_eupatoria,-2.372,0.231,Ordbeta,T0-T2,DIST,1,Lmax,4.5330412476880015
Agrimonia_eupatoria,-2.372,0.231,Ordbeta,T0-T2,DIST,1,Lmean,2.276623485281897
Agrimonia_eupatoria,-2.372,0.231,Ordbeta,T0-T2,DIST,1,R0,-0.3812702083300579
Agrimonia_eupatoria,-2.372,0.231,Ordbeta,T0-T2,DIST,1,Reactivity,0.19207496843703886
Agrimonia_eupatoria,-2.372,0.231,Ordbeta,T0-T2,DIST,1,T_generation,3.6207086258222287
Agrimonia_eupatoria,-2.372,0.231,Ordbeta,T0-T2,DIST,1,age_repro,2.087394345070076
Agrimonia_eupatoria,-2.372,0.231,Ordbeta,T0-T2,DIST,1,percapita_repro,-1.5661843426366495
Ailanthus_altissima,-2.586,0.445,Ordbeta,T0-T2,DIST,1,FirstStepAtt,-4.2648886715454815
Ailanthus_altissima,-2.586,0.445,Ordbeta,T0-T2,DIST,1,Lambda,1.9212389388134612
Ailanthus_altissima,-2.586,0.445,Ordbeta,T0-T2,DIST,1,Lmax,1.791759469228055
Ailanthus_altissima,-2.586,0.445,Ordbeta,T0-T2,DIST,1,Lmean,0.5447271754416718
Ailanthus_altissima,-2.586,0.445,Ordbeta,T0-T2,DIST,1,R0,3.781257113389695
Ailanthus_altissima,-2.586,0.445,Ordbeta,T0-T2,DIST,1,Reactivity,NA
Ailanthus_altissima,-2.586,0.445,Ordbeta,T0-T2,DIST,1,T_generation,1.7128362023285355
Ailanthus_altissima,-2.586,0.445,Ordbeta,T0-T2,DIST,1,age_repro,1.791759469228055
Ailanthus_altissima,-2.586,0.445,Ordbeta,T0-T2,DIST,1,percapita_repro,NA
Allium_vineale,-2.558,0.357,Ordbeta,T0-T2,DIST,1,FirstStepAtt,-2.036030904211625
Allium_vineale,-2.558,0.357,Ordbeta,T0-T2,DIST,1,Lambda,1.170906773884173
Allium_vineale,-2.558,0.357,Ordbeta,T0-T2,DIST,1,Lmax,1.0986122886681098
Allium_vineale,-2.558,0.357,Ordbeta,T0-T2,DIST,1,Lmean,0.16647352389668973
Allium_vineale,-2.558,0.357,Ordbeta,T0-T2,DIST,1,R0,0.3408368280021561
Allium_vineale,-2.558,0.357,Ordbeta,T0-T2,DIST,1,Reactivity,2.1940830508207325
Allium_vineale,-2.558,0.357,Ordbeta,T0-T2,DIST,1,T_generation,0.7635325690826141
Allium_vineale,-2.558,0.357,Ordbeta,T0-T2,DIST,1,age_repro,1.2000990079409088
Allium_vineale,-2.558,0.357,Ordbeta,T0-T2,DIST,1,percapita_repro,2.3368650630604555
Andropogon_gerardii,-1.296,0.208,Ordbeta,T0-T2,DIST,1,FirstStepAtt,-1.1908608264270113
Andropogon_gerardii,-1.296,0.208,Ordbeta,T0-T2,DIST,1,Lambda,1.50587325216984
Andropogon_gerardii,-1.296,0.208,Ordbeta,T0-T2,DIST,1,Lmax,1.764891121214301
Andropogon_gerardii,-1.296,0.208,Ordbeta,T0-T2,DIST,1,Lmean,0.6723210807858808
Andropogon_gerardii,-1.296,0.208,Ordbeta,T0-T2,DIST,1,R0,0.8354773555720532
Andropogon_gerardii,-1.296,0.208,Ordbeta,T0-T2,DIST,1,Reactivity,1.7926841280473305
Andropogon_gerardii,-1.296,0.208,Ordbeta,T0-T2,DIST,1,T_generation,0.7395193223181741
Andropogon_gerardii,-1.296,0.208,Ordbeta,T0-T2,DIST,1,age_repro,0.7862530575220442
Andropogon_gerardii,-1.296,0.208,Ordbeta,T0-T2,DIST,1,percapita_repro,2.0924307697315556
Arenaria_serpyllifolia,-2.092,0.252,Ordbeta,T0-T2,DIST,1,FirstStepAtt,-2.2176497264357233
Arenaria_serpyllifolia,-2.092,0.252,Ordbeta,T0-T2,DIST,1,Lambda,0.860684361881849
Arenaria_serpyllifolia,-2.092,0.252,Ordbeta,T0-T2,DIST,1,Lmax,0
Arenaria_serpyllifolia,-2.092,0.252,Ordbeta,T0-T2,DIST,1,Lmean,0
Arenaria_serpyllifolia,-2.092,0.252,Ordbeta,T0-T2,DIST,1,R0,0.13128547046852534
Arenaria_serpyllifolia,-2.092,0.252,Ordbeta,T0-T2,DIST,1,Reactivity,2.5929750386335604
Arenaria_serpyllifolia,-2.092,0.252,Ordbeta,T0-T2,DIST,1,T_generation,0.16988583066600282
Arenaria_serpyllifolia,-2.092,0.252,Ordbeta,T0-T2,DIST,1,age_repro,0.8303384136066279
Arenaria_serpyllifolia,-2.092,0.252,Ordbeta,T0-T2,DIST,1,percapita_repro,2.639396025140823
Armeria_maritima,-2.76,0.323,Ordbeta,T0-T2,DIST,1,FirstStepAtt,-2.2414258727445255
Armeria_maritima,-2.76,0.323,Ordbeta,T0-T2,DIST,1,Lambda,1.458043853064239
Armeria_maritima,-2.76,0.323,Ordbeta,T0-T2,DIST,1,Lmax,2.995732273553991
Armeria_maritima,-2.76,0.323,Ordbeta,T0-T2,DIST,1,Lmean,0.6122577291406874
Armeria_maritima,-2.76,0.323,Ordbeta,T0-T2,DIST,1,R0,4.445083646052526
Armeria_maritima,-2.76,0.323,Ordbeta,T0-T2,DIST,1,Reactivity,5.495776723555247
Armeria_maritima,-2.76,0.323,Ordbeta,T0-T2,DIST,1,T_generation,2.099604255961898
Armeria_maritima,-2.76,0.323,Ordbeta,T0-T2,DIST,1,age_repro,1.5255005163472148
Armeria_maritima,-2.76,0.323,Ordbeta,T0-T2,DIST,1,percapita_repro,3.617282020171661
Carduus_nutans,-2.686,0.434,Ordbeta,T0-T2,DIST,1,FirstStepAtt,-1.2021216175186675
Carduus_nutans,-2.686,0.434,Ordbeta,T0-T2,DIST,1,Lambda,0.7295404692944151
Carduus_nutans,-2.686,0.434,Ordbeta,T0-T2,DIST,1,Lmax,1.4856920935259144
Carduus_nutans,-2.686,0.434,Ordbeta,T0-T2,DIST,1,Lmean,0.48174117970979186
Carduus_nutans,-2.686,0.434,Ordbeta,T0-T2,DIST,1,R0,-0.392418382929946
Carduus_nutans,-2.686,0.434,Ordbeta,T0-T2,DIST,1,Reactivity,3.533469300158437
Carduus_nutans,-2.686,0.434,Ordbeta,T0-T2,DIST,1,T_generation,1.168846532882315
Carduus_nutans,-2.686,0.434,Ordbeta,T0-T2,DIST,1,age_repro,0.9011488671138399
Carduus_nutans,-2.686,0.434,Ordbeta,T0-T2,DIST,1,percapita_repro,1.235991459500605
Centaurea_jacea,-2.48,0.219,Ordbeta,T0-T2,DIST,1,FirstStepAtt,-0.6368104471974831
Centaurea_jacea,-2.48,0.219,Ordbeta,T0-T2,DIST,1,Lambda,0.9157150879324936
Centaurea_jacea,-2.48,0.219,Ordbeta,T0-T2,DIST,1,Lmax,2.4003251984703664
Centaurea_jacea,-2.48,0.219,Ordbeta,T0-T2,DIST,1,Lmean,1.3722715793325009
Centaurea_jacea,-2.48,0.219,Ordbeta,T0-T2,DIST,1,R0,-3.4842742317189583
Centaurea_jacea,-2.48,0.219,Ordbeta,T0-T2,DIST,1,Reactivity,0.41685764138114395
Centaurea_jacea,-2.48,0.219,Ordbeta,T0-T2,DIST,1,T_generation,2.978872381362829
Centaurea_jacea,-2.48,0.219,Ordbeta,T0-T2,DIST,1,age_repro,1.6363011514297372
Centaurea_jacea,-2.48,0.219,Ordbeta,T0-T2,DIST,1,percapita_repro,-1.7828083742933423
Cerastium_fontanum,-2.523,0.128,Ordbeta,T0-T2,DIST,1,FirstStepAtt,-2.696031853083466
Cerastium_fontanum,-2.523,0.128,Ordbeta,T0-T2,DIST,1,Lambda,NA
Cerastium_fontanum,-2.523,0.128,Ordbeta,T0-T2,DIST,1,Lmax,0
Cerastium_fontanum,-2.523,0.128,Ordbeta,T0-T2,DIST,1,Lmean,0
Cerastium_fontanum,-2.523,0.128,Ordbeta,T0-T2,DIST,1,R0,1.5184623246973081
Cerastium_fontanum,-2.523,0.128,Ordbeta,T0-T2,DIST,1,Reactivity,3.027270925563423
Cerastium_fontanum,-2.523,0.128,Ordbeta,T0-T2,DIST,1,T_generation,0.005048904923272251
Cerastium_fontanum,-2.523,0.128,Ordbeta,T0-T2,DIST,1,age_repro,0.8873031950009029
Cerastium_fontanum,-2.523,0.128,Ordbeta,T0-T2,DIST,1,percapita_repro,4.522657764413627
Cirsium_arvense,-2.106,0.163,Ordbeta,T0-T2,DIST,1,FirstStepAtt,-3.3290015249469986
Cirsium_arvense,-2.106,0.163,Ordbeta,T0-T2,DIST,1,Lambda,NA
Cirsium_arvense,-2.106,0.163,Ordbeta,T0-T2,DIST,1,Lmax,1.0986122886681098
Cirsium_arvense,-2.106,0.163,Ordbeta,T0-T2,DIST,1,Lmean,0.1699960817758222
Cirsium_arvense,-2.106,0.163,Ordbeta,T0-T2,DIST,1,R0,3.228914980534981
Cirsium_arvense,-2.106,0.163,Ordbeta,T0-T2,DIST,1,Reactivity,4.0664130997692896
Cirsium_arvense,-2.106,0.163,Ordbeta,T0-T2,DIST,1,T_generation,0.7703612247372394
Cirsium_arvense,-2.106,0.163,Ordbeta,T0-T2,DIST,1,age_repro,1.162546762671639
Cirsium_arvense,-2.106,0.163,Ordbeta,T0-T2,DIST,1,percapita_repro,5.427985054670073
Cirsium_palustre,-2.796,0.399,Ordbeta,T0-T2,DIST,1,FirstStepAtt,-2.5937654771378247
Cirsium_palustre,-2.796,0.399,Ordbeta,T0-T2,DIST,1,Lambda,1.4428002172428838
Cirsium_palustre,-2.796,0.399,Ordbeta,T0-T2,DIST,1,Lmax,1.5273118956910914
Cirsium_palustre,-2.796,0.399,Ordbeta,T0-T2,DIST,1,Lmean,0.20135107219302092
Cirsium_palustre,-2.796,0.399,Ordbeta,T0-T2,DIST,1,R0,1.2807231364002392
Cirsium_palustre,-2.796,0.399,Ordbeta,T0-T2,DIST,1,Reactivity,4.898747288058175
Cirsium_palustre,-2.796,0.399,Ordbeta,T0-T2,DIST,1,T_generation,1.2255759905166659
Cirsium_palustre,-2.796,0.399,Ordbeta,T0-T2,DIST,1,age_repro,1.534647496889771
Cirsium_palustre,-2.796,0.399,Ordbeta,T0-T2,DIST,1,percapita_repro,4.957313127808717
Cirsium_vulgare,-2.528,0.264,Ordbeta,T0-T2,DIST,1,FirstStepAtt,-3.1910655226282234
Cirsium_vulgare,-2.528,0.264,Ordbeta,T0-T2,DIST,1,Lambda,0.7844344795818798
Cirsium_vulgare,-2.528,0.264,Ordbeta,T0-T2,DIST,1,Lmax,1.507973248367974
Cirsium_vulgare,-2.528,0.264,Ordbeta,T0-T2,DIST,1,Lmean,0.3479988332516422
Cirsium_vulgare,-2.528,0.264,Ordbeta,T0-T2,DIST,1,R0,-1.420279247517773
Cirsium_vulgare,-2.528,0.264,Ordbeta,T0-T2,DIST,1,Reactivity,2.641485998869525
Cirsium_vulgare,-2.528,0.264,Ordbeta,T0-T2,DIST,1,T_generation,1.4828783988333107
Cirsium_vulgare,-2.528,0.264,Ordbeta,T0-T2,DIST,1,age_repro,0.9323966804077027
Cirsium_vulgare,-2.528,0.264,Ordbeta,T0-T2,DIST,1,percapita_repro,1.89963041219607
Daucus_carota,-2.395,0.164,Ordbeta,T0-T2,DIST,1,FirstStepAtt,-4.040610337013186
Daucus_carota,-2.395,0.164,Ordbeta,T0-T2,DIST,1,Lambda,1.7161044748521754
Daucus_carota,-2.395,0.164,Ordbeta,T0-T2,DIST,1,Lmax,1.0986122886681098
Daucus_carota,-2.395,0.164,Ordbeta,T0-T2,DIST,1,Lmean,0.31834252276646996
Daucus_carota,-2.395,0.164,Ordbeta,T0-T2,DIST,1,R0,1.8196701629274532
Daucus_carota,-2.395,0.164,Ordbeta,T0-T2,DIST,1,Reactivity,NA
Daucus_carota,-2.395,0.164,Ordbeta,T0-T2,DIST,1,T_generation,1.189773196967312
Daucus_carota,-2.395,0.164,Ordbeta,T0-T2,DIST,1,age_repro,1.431272611901774
Daucus_carota,-2.395,0.164,Ordbeta,T0-T2,DIST,1,percapita_repro,NA
Echium_vulgare,-2.74,0.327,Ordbeta,T0-T2,DIST,1,FirstStepAtt,-1.4808281568478858
Echium_vulgare,-2.74,0.327,Ordbeta,T0-T2,DIST,1,Lambda,1.54759800300862
Echium_vulgare,-2.74,0.327,Ordbeta,T0-T2,DIST,1,Lmax,1.3862943611198906
Echium_vulgare,-2.74,0.327,Ordbeta,T0-T2,DIST,1,Lmean,0.5010758488001458
Echium_vulgare,-2.74,0.327,Ordbeta,T0-T2,DIST,1,R0,1.6034012709220467
Echium_vulgare,-2.74,0.327,Ordbeta,T0-T2,DIST,1,Reactivity,3.2663741200499037
Echium_vulgare,-2.74,0.327,Ordbeta,T0-T2,DIST,1,T_generation,1.287139504575711
Echium_vulgare,-2.74,0.327,Ordbeta,T0-T2,DIST,1,age_repro,1.3132909952863716
Echium_vulgare,-2.74,0.327,Ordbeta,T0-T2,DIST,1,percapita_repro,3.7030781735137492
Elymus_repens,-2.229,0.148,Ordbeta,T0-T2,DIST,1,FirstStepAtt,-19.608981934788076
Elymus_repens,-2.229,0.148,Ordbeta,T0-T2,DIST,1,Lambda,NA
Elymus_repens,-2.229,0.148,Ordbeta,T0-T2,DIST,1,Lmax,0.6931471805599453
Elymus_repens,-2.229,0.148,Ordbeta,T0-T2,DIST,1,Lmean,0.34830572665687204
Elymus_repens,-2.229,0.148,Ordbeta,T0-T2,DIST,1,R0,4.306802628082906
Elymus_repens,-2.229,0.148,Ordbeta,T0-T2,DIST,1,Reactivity,NA
Elymus_repens,-2.229,0.148,Ordbeta,T0-T2,DIST,1,T_generation,0.00771453240913415
Elymus_repens,-2.229,0.148,Ordbeta,T0-T2,DIST,1,age_repro,0
Elymus_repens,-2.229,0.148,Ordbeta,T0-T2,DIST,1,percapita_repro,-5.74205469871386
Erigeron_canadensis,-2.656,0.199,Ordbeta,T0-T2,DIST,1,FirstStepAtt,-2.9940372183428647
Erigeron_canadensis,-2.656,0.199,Ordbeta,T0-T2,DIST,1,Lambda,NA
Erigeron_canadensis,-2.656,0.199,Ordbeta,T0-T2,DIST,1,Lmax,0
Erigeron_canadensis,-2.656,0.199,Ordbeta,T0-T2,DIST,1,Lmean,0
Erigeron_canadensis,-2.656,0.199,Ordbeta,T0-T2,DIST,1,R0,2.750423016465953
Erigeron_canadensis,-2.656,0.199,Ordbeta,T0-T2,DIST,1,Reactivity,3.7256901124743216
Erigeron_canadensis,-2.656,0.199,Ordbeta,T0-T2,DIST,1,T_generation,0.1300250884192771
Erigeron_canadensis,-2.656,0.199,Ordbeta,T0-T2,DIST,1,age_repro,0.9159908368351705
Erigeron_canadensis,-2.656,0.199,Ordbeta,T0-T2,DIST,1,percapita_repro,5.684089841310465
Knautia_arvensis,-2.052,0.287,Ordbeta,T0-T2,DIST,1,FirstStepAtt,-2.956373754274904
Knautia_arvensis,-2.052,0.287,Ordbeta,T0-T2,DIST,1,Lambda,0.30764990872892994
Knautia_arvensis,-2.052,0.287,Ordbeta,T0-T2,DIST,1,Lmax,0.6931471805599453
Knautia_arvensis,-2.052,0.287,Ordbeta,T0-T2,DIST,1,Lmean,0.022139719151234638
Knautia_arvensis,-2.052,0.287,Ordbeta,T0-T2,DIST,1,R0,-9.95071325619903
Knautia_arvensis,-2.052,0.287,Ordbeta,T0-T2,DIST,1,Reactivity,0.35097071858090473
Knautia_arvensis,-2.052,0.287,Ordbeta,T0-T2,DIST,1,T_generation,NA
Knautia_arvensis,-2.052,0.287,Ordbeta,T0-T2,DIST,1,age_repro,0.9322894183877876
Knautia_arvensis,-2.052,0.287,Ordbeta,T0-T2,DIST,1,percapita_repro,-4.367646677748796
Lactuca_serriola,-2.549,0.382,Ordbeta,T0-T2,DIST,1,FirstStepAtt,-2.5276283678174485
Lactuca_serriola,-2.549,0.382,Ordbeta,T0-T2,DIST,1,Lambda,NA
Lactuca_serriola,-2.549,0.382,Ordbeta,T0-T2,DIST,1,Lmax,0
Lactuca_serriola,-2.549,0.382,Ordbeta,T0-T2,DIST,1,Lmean,0
Lactuca_serriola,-2.549,0.382,Ordbeta,T0-T2,DIST,1,R0,2.961708269076509
Lactuca_serriola,-2.549,0.382,Ordbeta,T0-T2,DIST,1,Reactivity,5.096932718325193
Lactuca_serriola,-2.549,0.382,Ordbeta,T0-T2,DIST,1,T_generation,0.08738433516364566
Lactuca_serriola,-2.549,0.382,Ordbeta,T0-T2,DIST,1,age_repro,1.2839753424841123
Lactuca_serriola,-2.549,0.382,Ordbeta,T0-T2,DIST,1,percapita_repro,7.147653680580111
Linum_catharticum,-2.733,0.319,Ordbeta,T0-T2,DIST,1,FirstStepAtt,-3.1953085121694222
Linum_catharticum,-2.733,0.319,Ordbeta,T0-T2,DIST,1,Lambda,NA
Linum_catharticum,-2.733,0.319,Ordbeta,T0-T2,DIST,1,Lmax,2.0794415416798357
Linum_catharticum,-2.733,0.319,Ordbeta,T0-T2,DIST,1,Lmean,0.7715798705141755
Linum_catharticum,-2.733,0.319,Ordbeta,T0-T2,DIST,1,R0,1.7942778474769048
Linum_catharticum,-2.733,0.319,Ordbeta,T0-T2,DIST,1,Reactivity,3.8165083573910685
Linum_catharticum,-2.733,0.319,Ordbeta,T0-T2,DIST,1,T_generation,0.30079171330480015
Linum_catharticum,-2.733,0.319,Ordbeta,T0-T2,DIST,1,age_repro,0.7034715243015948
Linum_catharticum,-2.733,0.319,Ordbeta,T0-T2,DIST,1,percapita_repro,3.0328521355315146
Myosotis_ramosissima,-2.522,0.44,Ordbeta,T0-T2,DIST,1,FirstStepAtt,-3.6870030575668453
Myosotis_ramosissima,-2.522,0.44,Ordbeta,T0-T2,DIST,1,Lambda,1.4558843238144925
Myosotis_ramosissima,-2.522,0.44,Ordbeta,T0-T2,DIST,1,Lmax,0
Myosotis_ramosissima,-2.522,0.44,Ordbeta,T0-T2,DIST,1,Lmean,0
Myosotis_ramosissima,-2.522,0.44,Ordbeta,T0-T2,DIST,1,R0,1.3761933951892638
Myosotis_ramosissima,-2.522,0.44,Ordbeta,T0-T2,DIST,1,Reactivity,0.48764865977290195
Myosotis_ramosissima,-2.522,0.44,Ordbeta,T0-T2,DIST,1,T_generation,0.013734478546359119
Myosotis_ramosissima,-2.522,0.44,Ordbeta,T0-T2,DIST,1,age_repro,0.7154702161542037
Myosotis_ramosissima,-2.522,0.44,Ordbeta,T0-T2,DIST,1,percapita_repro,1.826732983425593
Picris_hieracioides,-1.9,0.205,Ordbeta,T0-T2,DIST,1,FirstStepAtt,-4.012603074068456
Picris_hieracioides,-1.9,0.205,Ordbeta,T0-T2,DIST,1,Lambda,0.8846497432296893
Picris_hieracioides,-1.9,0.205,Ordbeta,T0-T2,DIST,1,Lmax,0.6931471805599453
Picris_hieracioides,-1.9,0.205,Ordbeta,T0-T2,DIST,1,Lmean,0.025497751793431413
Picris_hieracioides,-1.9,0.205,Ordbeta,T0-T2,DIST,1,R0,-0.5012341883972119
Picris_hieracioides,-1.9,0.205,Ordbeta,T0-T2,DIST,1,Reactivity,5.739334580340471
Picris_hieracioides,-1.9,0.205,Ordbeta,T0-T2,DIST,1,T_generation,1.4151934417967624
Picris_hieracioides,-1.9,0.205,Ordbeta,T0-T2,DIST,1,age_repro,1.5430234695350933
Picris_hieracioides,-1.9,0.205,Ordbeta,T0-T2,DIST,1,percapita_repro,5.616771097666572
Pimpinella_saxifraga,-2.065,0.287,Ordbeta,T0-T2,DIST,1,FirstStepAtt,-0.5923077657542147
Pimpinella_saxifraga,-2.065,0.287,Ordbeta,T0-T2,DIST,1,Lambda,0.9547406316474248
Pimpinella_saxifraga,-2.065,0.287,Ordbeta,T0-T2,DIST,1,Lmax,3.2778313935718644
Pimpinella_saxifraga,-2.065,0.287,Ordbeta,T0-T2,DIST,1,Lmean,1.3985454207581605
Pimpinella_saxifraga,-2.065,0.287,Ordbeta,T0-T2,DIST,1,R0,-0.7090626241047243
Pimpinella_saxifraga,-2.065,0.287,Ordbeta,T0-T2,DIST,1,Reactivity,0.9233752615973371
Pimpinella_saxifraga,-2.065,0.287,Ordbeta,T0-T2,DIST,1,T_generation,2.7756138699245225
Pimpinella_saxifraga,-2.065,0.287,Ordbeta,T0-T2,DIST,1,age_repro,1.7819632124517442
Pimpinella_saxifraga,-2.065,0.287,Ordbeta,T0-T2,DIST,1,percapita_repro,-0.1635626778133
Plantago_coronopus,-2.229,0.227,Ordbeta,T0-T2,DIST,1,FirstStepAtt,-1.0607821044920802
Plantago_coronopus,-2.229,0.227,Ordbeta,T0-T2,DIST,1,Lambda,0.8883340096307588
Plantago_coronopus,-2.229,0.227,Ordbeta,T0-T2,DIST,1,Lmax,1.907994489728227
Plantago_coronopus,-2.229,0.227,Ordbeta,T0-T2,DIST,1,Lmean,0.5836315540514999
Plantago_coronopus,-2.229,0.227,Ordbeta,T0-T2,DIST,1,R0,-0.7679497099488539
Plantago_coronopus,-2.229,0.227,Ordbeta,T0-T2,DIST,1,Reactivity,1.2700917455756844
Plantago_coronopus,-2.229,0.227,Ordbeta,T0-T2,DIST,1,T_generation,1.4792349913940708
Plantago_coronopus,-2.229,0.227,Ordbeta,T0-T2,DIST,1,age_repro,0.7227032675127357
Plantago_coronopus,-2.229,0.227,Ordbeta,T0-T2,DIST,1,percapita_repro,-0.16078899600806454
Plantago_media,-2.414,0.293,Ordbeta,T0-T2,DIST,1,FirstStepAtt,-2.5216721506920545
Plantago_media,-2.414,0.293,Ordbeta,T0-T2,DIST,1,Lambda,0.9166479924897526
Plantago_media,-2.414,0.293,Ordbeta,T0-T2,DIST,1,Lmax,1.7178918965462198
Plantago_media,-2.414,0.293,Ordbeta,T0-T2,DIST,1,Lmean,0.240093455091011
Plantago_media,-2.414,0.293,Ordbeta,T0-T2,DIST,1,R0,-3.703632943874186
Plantago_media,-2.414,0.293,Ordbeta,T0-T2,DIST,1,Reactivity,0.9115891884505661
Plantago_media,-2.414,0.293,Ordbeta,T0-T2,DIST,1,T_generation,3.2830740541662764
Plantago_media,-2.414,0.293,Ordbeta,T0-T2,DIST,1,age_repro,2.050568331584061
Plantago_media,-2.414,0.293,Ordbeta,T0-T2,DIST,1,percapita_repro,0.21247852101489456
Poa_alpina,-2.49,0.443,Ordbeta,T0-T2,DIST,1,FirstStepAtt,-0.6821869840767281
Poa_alpina,-2.49,0.443,Ordbeta,T0-T2,DIST,1,Lambda,0.9289514100594022
Poa_alpina,-2.49,0.443,Ordbeta,T0-T2,DIST,1,Lmax,3.3423058638339636
Poa_alpina,-2.49,0.443,Ordbeta,T0-T2,DIST,1,Lmean,1.5320496652234803
Poa_alpina,-2.49,0.443,Ordbeta,T0-T2,DIST,1,R0,-1.2908410925748002
Poa_alpina,-2.49,0.443,Ordbeta,T0-T2,DIST,1,Reactivity,0.721221307788113
Poa_alpina,-2.49,0.443,Ordbeta,T0-T2,DIST,1,T_generation,3.187086237083993
Poa_alpina,-2.49,0.443,Ordbeta,T0-T2,DIST,1,age_repro,0.8494642415925806
Poa_alpina,-2.49,0.443,Ordbeta,T0-T2,DIST,1,percapita_repro,-2.149856471713263
Potentilla_recta,-2.488,0.229,Ordbeta,T0-T2,DIST,1,FirstStepAtt,-1.2072466251783427
Potentilla_recta,-2.488,0.229,Ordbeta,T0-T2,DIST,1,Lambda,1.3233051390988662
Potentilla_recta,-2.488,0.229,Ordbeta,T0-T2,DIST,1,Lmax,2.8995463272302633
Potentilla_recta,-2.488,0.229,Ordbeta,T0-T2,DIST,1,Lmean,1.114174982541197
Potentilla_recta,-2.488,0.229,Ordbeta,T0-T2,DIST,1,R0,-Inf
Potentilla_recta,-2.488,0.229,Ordbeta,T0-T2,DIST,1,Reactivity,2.3355670141886495
Potentilla_recta,-2.488,0.229,Ordbeta,T0-T2,DIST,1,T_generation,1.1285664763465502
Potentilla_recta,-2.488,0.229,Ordbeta,T0-T2,DIST,1,age_repro,1.470241457035962
Potentilla_recta,-2.488,0.229,Ordbeta,T0-T2,DIST,1,percapita_repro,5.184136566294191
Primula_elatior,-2.474,0.368,Ordbeta,T0-T2,DIST,1,FirstStepAtt,-2.5752591198739894
Primula_elatior,-2.474,0.368,Ordbeta,T0-T2,DIST,1,Lambda,1.0243599289476764
Primula_elatior,-2.474,0.368,Ordbeta,T0-T2,DIST,1,Lmax,3.078214221499716
Primula_elatior,-2.474,0.368,Ordbeta,T0-T2,DIST,1,Lmean,0.9348686606054332
Primula_elatior,-2.474,0.368,Ordbeta,T0-T2,DIST,1,R0,-0.1983437887657272
Primula_elatior,-2.474,0.368,Ordbeta,T0-T2,DIST,1,Reactivity,1.2375774274497275
Primula_elatior,-2.474,0.368,Ordbeta,T0-T2,DIST,1,T_generation,2.774342942782747
Primula_elatior,-2.474,0.368,Ordbeta,T0-T2,DIST,1,age_repro,1.5965918444925693
Primula_elatior,-2.474,0.368,Ordbeta,T0-T2,DIST,1,percapita_repro,0.6906312588074858
Primula_veris,-2.406,0.349,Ordbeta,T0-T2,DIST,1,FirstStepAtt,-3.0996415326914413
Primula_veris,-2.406,0.349,Ordbeta,T0-T2,DIST,1,Lambda,0.9177166512186883
Primula_veris,-2.406,0.349,Ordbeta,T0-T2,DIST,1,Lmax,1.777554626801171
Primula_veris,-2.406,0.349,Ordbeta,T0-T2,DIST,1,Lmean,0.34573408996051475
Primula_veris,-2.406,0.349,Ordbeta,T0-T2,DIST,1,R0,-3.531205384831014
Primula_veris,-2.406,0.349,Ordbeta,T0-T2,DIST,1,Reactivity,1.8406103144604358
Primula_veris,-2.406,0.349,Ordbeta,T0-T2,DIST,1,T_generation,3.266151130174338
Primula_veris,-2.406,0.349,Ordbeta,T0-T2,DIST,1,age_repro,2.1007008996065113
Primula_veris,-2.406,0.349,Ordbeta,T0-T2,DIST,1,percapita_repro,1.3057574210790406
Ranunculus_acris,-2.53,0.15,Ordbeta,T0-T2,DIST,1,FirstStepAtt,-2.223673155588096
Ranunculus_acris,-2.53,0.15,Ordbeta,T0-T2,DIST,1,Lambda,1.1474253581153837
Ranunculus_acris,-2.53,0.15,Ordbeta,T0-T2,DIST,1,Lmax,1.791759469228055
Ranunculus_acris,-2.53,0.15,Ordbeta,T0-T2,DIST,1,Lmean,0.2694368352850546
Ranunculus_acris,-2.53,0.15,Ordbeta,T0-T2,DIST,1,R0,0.4291243489821683
Ranunculus_acris,-2.53,0.15,Ordbeta,T0-T2,DIST,1,Reactivity,1.8978523971700296
Ranunculus_acris,-2.53,0.15,Ordbeta,T0-T2,DIST,1,T_generation,1.3335494740785472
Ranunculus_acris,-2.53,0.15,Ordbeta,T0-T2,DIST,1,age_repro,1.1167312512505851
Ranunculus_acris,-2.53,0.15,Ordbeta,T0-T2,DIST,1,percapita_repro,1.9401794743463283
Salsola_kali,-2.653,0.437,Ordbeta,T0-T2,DIST,1,FirstStepAtt,-7.23761455341241
Salsola_kali,-2.653,0.437,Ordbeta,T0-T2,DIST,1,Lambda,0.589687496520467
Salsola_kali,-2.653,0.437,Ordbeta,T0-T2,DIST,1,Lmax,1.0986122886681098
Salsola_kali,-2.653,0.437,Ordbeta,T0-T2,DIST,1,Lmean,0.6329527878317025
Salsola_kali,-2.653,0.437,Ordbeta,T0-T2,DIST,1,R0,-3.1690448866467187
Salsola_kali,-2.653,0.437,Ordbeta,T0-T2,DIST,1,Reactivity,NA
Salsola_kali,-2.653,0.437,Ordbeta,T0-T2,DIST,1,T_generation,1.7917877371801434
Salsola_kali,-2.653,0.437,Ordbeta,T0-T2,DIST,1,age_repro,1.7917761374226397
Salsola_kali,-2.653,0.437,Ordbeta,T0-T2,DIST,1,percapita_repro,NA
Sphaeralcea_coccinea,-2.368,0.294,Ordbeta,T0-T2,DIST,1,FirstStepAtt,-0.021668930362796438
Sphaeralcea_coccinea,-2.368,0.294,Ordbeta,T0-T2,DIST,1,Lambda,0.9140916052986946
Sphaeralcea_coccinea,-2.368,0.294,Ordbeta,T0-T2,DIST,1,Lmax,1.1291966833851346
Sphaeralcea_coccinea,-2.368,0.294,Ordbeta,T0-T2,DIST,1,Lmean,0.18479959171993668
Sphaeralcea_coccinea,-2.368,0.294,Ordbeta,T0-T2,DIST,1,R0,-0.1631566065473073
Sphaeralcea_coccinea,-2.368,0.294,Ordbeta,T0-T2,DIST,1,Reactivity,0.06479482429602482
Sphaeralcea_coccinea,-2.368,0.294,Ordbeta,T0-T2,DIST,1,T_generation,0.24224692726379177
Sphaeralcea_coccinea,-2.368,0.294,Ordbeta,T0-T2,DIST,1,age_repro,0
Sphaeralcea_coccinea,-2.368,0.294,Ordbeta,T0-T2,DIST,1,percapita_repro,-0.347956198267244
Stenaria_nigricans,-2.224,0.321,Ordbeta,T0-T2,DIST,1,FirstStepAtt,-0.001506241946231945
Stenaria_nigricans,-2.224,0.321,Ordbeta,T0-T2,DIST,1,Lambda,0.9901413361648121
Stenaria_nigricans,-2.224,0.321,Ordbeta,T0-T2,DIST,1,Lmax,0.8841014310483891
Stenaria_nigricans,-2.224,0.321,Ordbeta,T0-T2,DIST,1,Lmean,0.1061701762787086
Stenaria_nigricans,-2.224,0.321,Ordbeta,T0-T2,DIST,1,R0,0.21085254589803137
Stenaria_nigricans,-2.224,0.321,Ordbeta,T0-T2,DIST,1,Reactivity,0.009202684809058356
Stenaria_nigricans,-2.224,0.321,Ordbeta,T0-T2,DIST,1,T_generation,0.10216634557653173
Stenaria_nigricans,-2.224,0.321,Ordbeta,T0-T2,DIST,1,age_repro,0
Stenaria_nigricans,-2.224,0.321,Ordbeta,T0-T2,DIST,1,percapita_repro,0.10468236961932272
Taraxacum_campylodes,-2.487,0.337,Ordbeta,T0-T2,DIST,1,FirstStepAtt,-2.3531148413315983
Taraxacum_campylodes,-2.487,0.337,Ordbeta,T0-T2,DIST,1,Lambda,0.08041791145870329
Taraxacum_campylodes,-2.487,0.337,Ordbeta,T0-T2,DIST,1,Lmax,0.5493061443340549
Taraxacum_campylodes,-2.487,0.337,Ordbeta,T0-T2,DIST,1,Lmean,0.06773896227809098
Taraxacum_campylodes,-2.487,0.337,Ordbeta,T0-T2,DIST,1,R0,-Inf
Taraxacum_campylodes,-2.487,0.337,Ordbeta,T0-T2,DIST,1,Reactivity,2.4046693226371185
Taraxacum_campylodes,-2.487,0.337,Ordbeta,T0-T2,DIST,1,T_generation,NA
Taraxacum_campylodes,-2.487,0.337,Ordbeta,T0-T2,DIST,1,age_repro,0
Taraxacum_campylodes,-2.487,0.337,Ordbeta,T0-T2,DIST,1,percapita_repro,-11.213549524439351
Thymus_vulgaris,-2.462,0.322,Ordbeta,T0-T2,DIST,1,FirstStepAtt,-0.005866973847378982
Thymus_vulgaris,-2.462,0.322,Ordbeta,T0-T2,DIST,1,Lambda,0.9926751959162854
Thymus_vulgaris,-2.462,0.322,Ordbeta,T0-T2,DIST,1,Lmax,5.964961904446033
Thymus_vulgaris,-2.462,0.322,Ordbeta,T0-T2,DIST,1,Lmean,4.459892288650257
Thymus_vulgaris,-2.462,0.322,Ordbeta,T0-T2,DIST,1,R0,-1.07189733945768
Thymus_vulgaris,-2.462,0.322,Ordbeta,T0-T2,DIST,1,Reactivity,0.010349758754626258
Thymus_vulgaris,-2.462,0.322,Ordbeta,T0-T2,DIST,1,T_generation,NA
Thymus_vulgaris,-2.462,0.322,Ordbeta,T0-T2,DIST,1,age_repro,NA
Thymus_vulgaris,-2.462,0.322,Ordbeta,T0-T2,DIST,1,percapita_repro,-5.143380039347928
Verbascum_thapsus,-2.506,0.415,Ordbeta,T0-T2,DIST,1,FirstStepAtt,-4.012613096092431
Verbascum_thapsus,-2.506,0.415,Ordbeta,T0-T2,DIST,1,Lambda,NA
Verbascum_thapsus,-2.506,0.415,Ordbeta,T0-T2,DIST,1,Lmax,0.6931471805599453
Verbascum_thapsus,-2.506,0.415,Ordbeta,T0-T2,DIST,1,Lmean,0.05129369438747054
Verbascum_thapsus,-2.506,0.415,Ordbeta,T0-T2,DIST,1,R0,3.381715911075376
Verbascum_thapsus,-2.506,0.415,Ordbeta,T0-T2,DIST,1,Reactivity,NA
Verbascum_thapsus,-2.506,0.415,Ordbeta,T0-T2,DIST,1,T_generation,0.7764348966557838
Verbascum_thapsus,-2.506,0.415,Ordbeta,T0-T2,DIST,1,age_repro,2.5523449856956373
Verbascum_thapsus,-2.506,0.415,Ordbeta,T0-T2,DIST,1,percapita_repro,NA
Veronica_arvensis,-2.752,0.162,Ordbeta,T0-T2,DIST,1,FirstStepAtt,-1.3609972168245543
Veronica_arvensis,-2.752,0.162,Ordbeta,T0-T2,DIST,1,Lambda,1.0575348190993947
Veronica_arvensis,-2.752,0.162,Ordbeta,T0-T2,DIST,1,Lmax,0.12924850454918937
Veronica_arvensis,-2.752,0.162,Ordbeta,T0-T2,DIST,1,Lmean,0.05244694819316372
Veronica_arvensis,-2.752,0.162,Ordbeta,T0-T2,DIST,1,R0,-0.014999404757933873
Veronica_arvensis,-2.752,0.162,Ordbeta,T0-T2,DIST,1,Reactivity,1.7913324339405632
Veronica_arvensis,-2.752,0.162,Ordbeta,T0-T2,DIST,1,T_generation,0.4178504962611216
Veronica_arvensis,-2.752,0.162,Ordbeta,T0-T2,DIST,1,age_repro,0.8907769885320955
Veronica_arvensis,-2.752,0.162,Ordbeta,T0-T2,DIST,1,percapita_repro,1.8152156216155975
Acer_saccharum,-2.695,0.507,Hurdle_cond,T0-T2,NPK,1,FirstStepAtt,-0.13633162397836548
Acer_saccharum,-2.695,0.507,Hurdle_cond,T0-T2,NPK,1,Lambda,1.7751478346888432
Acer_saccharum,-2.695,0.507,Hurdle_cond,T0-T2,NPK,1,Lmax,5.5871025137026376
Acer_saccharum,-2.695,0.507,Hurdle_cond,T0-T2,NPK,1,Lmean,5.240241348413525
Acer_saccharum,-2.695,0.507,Hurdle_cond,T0-T2,NPK,1,R0,6.4970270462927875
Acer_saccharum,-2.695,0.507,Hurdle_cond,T0-T2,NPK,1,Reactivity,0.11239532885872881
Acer_saccharum,-2.695,0.507,Hurdle_cond,T0-T2,NPK,1,T_generation,1.6297372686170404
Acer_saccharum,-2.695,0.507,Hurdle_cond,T0-T2,NPK,1,age_repro,2.5048380603456604
Acer_saccharum,-2.695,0.507,Hurdle_cond,T0-T2,NPK,1,percapita_repro,-0.15190606423970499
Agrimonia_eupatoria,-2.52,0.278,Hurdle_cond,T0-T2,NPK,1,FirstStepAtt,-0.40426778811109665
Agrimonia_eupatoria,-2.52,0.278,Hurdle_cond,T0-T2,NPK,1,Lambda,0.99064442494128635
Agrimonia_eupatoria,-2.52,0.278,Hurdle_cond,T0-T2,NPK,1,Lmax,4.5330412476880015
Agrimonia_eupatoria,-2.52,0.278,Hurdle_cond,T0-T2,NPK,1,Lmean,2.276623485281897
Agrimonia_eupatoria,-2.52,0.278,Hurdle_cond,T0-T2,NPK,1,R0,-0.3812702083300579
Agrimonia_eupatoria,-2.52,0.278,Hurdle_cond,T0-T2,NPK,1,Reactivity,0.19207496843703886
Agrimonia_eupatoria,-2.52,0.278,Hurdle_cond,T0-T2,NPK,1,T_generation,3.6207086258222287
Agrimonia_eupatoria,-2.52,0.278,Hurdle_cond,T0-T2,NPK,1,age_repro,2.087394345070076
Agrimonia_eupatoria,-2.52,0.278,Hurdle_cond,T0-T2,NPK,1,percapita_repro,-1.5661843426366495
Allium_vineale,-2.74,0.454,Hurdle_cond,T0-T2,NPK,1,FirstStepAtt,-2.036030904211625
Allium_vineale,-2.74,0.454,Hurdle_cond,T0-T2,NPK,1,Lambda,1.170906773884173
Allium_vineale,-2.74,0.454,Hurdle_cond,T0-T2,NPK,1,Lmax,1.0986122886681098
Allium_vineale,-2.74,0.454,Hurdle_cond,T0-T2,NPK,1,Lmean,0.16647352389668973
Allium_vineale,-2.74,0.454,Hurdle_cond,T0-T2,NPK,1,R0,0.3408368280021561
Allium_vineale,-2.74,0.454,Hurdle_cond,T0-T2,NPK,1,Reactivity,2.1940830508207325
Allium_vineale,-2.74,0.454,Hurdle_cond,T0-T2,NPK,1,T_generation,0.7635325690826141
Allium_vineale,-2.74,0.454,Hurdle_cond,T0-T2,NPK,1,age_repro,1.2000990079409088
Allium_vineale,-2.74,0.454,Hurdle_cond,T0-T2,NPK,1,percapita_repro,2.3368650630604555
Andropogon_gerardii,-0.965,0.273,Hurdle_cond,T0-T2,NPK,1,FirstStepAtt,-1.1908608264270113
Andropogon_gerardii,-0.965,0.273,Hurdle_cond,T0-T2,NPK,1,Lambda,1.50587325216984
Andropogon_gerardii,-0.965,0.273,Hurdle_cond,T0-T2,NPK,1,Lmax,1.764891121214301
Andropogon_gerardii,-0.965,0.273,Hurdle_cond,T0-T2,NPK,1,Lmean,0.6723210807858808
Andropogon_gerardii,-0.965,0.273,Hurdle_cond,T0-T2,NPK,1,R0,0.8354773555720532
Andropogon_gerardii,-0.965,0.273,Hurdle_cond,T0-T2,NPK,1,Reactivity,1.7926841280473305
Andropogon_gerardii,-0.965,0.273,Hurdle_cond,T0-T2,NPK,1,T_generation,0.7395193223181741
Andropogon_gerardii,-0.965,0.273,Hurdle_cond,T0-T2,NPK,1,age_repro,0.7862530575220442
Andropogon_gerardii,-0.965,0.273,Hurdle_cond,T0-T2,NPK,1,percapita_repro,2.0924307697315556
Arenaria_serpyllifolia,-2.797,0.306,Hurdle_cond,T0-T2,NPK,1,FirstStepAtt,-2.2176497264357233
Arenaria_serpyllifolia,-2.797,0.306,Hurdle_cond,T0-T2,NPK,1,Lambda,0.860684361881849
Arenaria_serpyllifolia,-2.797,0.306,Hurdle_cond,T0-T2,NPK,1,Lmax,0
Arenaria_serpyllifolia,-2.797,0.306,Hurdle_cond,T0-T2,NPK,1,Lmean,0
Arenaria_serpyllifolia,-2.797,0.306,Hurdle_cond,T0-T2,NPK,1,R0,0.13128547046852534
Arenaria_serpyllifolia,-2.797,0.306,Hurdle_cond,T0-T2,NPK,1,Reactivity,2.5929750386335604
Arenaria_serpyllifolia,-2.797,0.306,Hurdle_cond,T0-T2,NPK,1,T_generation,0.16988583066600282
Arenaria_serpyllifolia,-2.797,0.306,Hurdle_cond,T0-T2,NPK,1,age_repro,0.8303384136066279
Arenaria_serpyllifolia,-2.797,0.306,Hurdle_cond,T0-T2,NPK,1,percapita_repro,2.639396025140823
Armeria_maritima,-2.822,0.363,Hurdle_cond,T0-T2,NPK,1,FirstStepAtt,-2.2414258727445255
Armeria_maritima,-2.822,0.363,Hurdle_cond,T0-T2,NPK,1,Lambda,1.458043853064239
Armeria_maritima,-2.822,0.363,Hurdle_cond,T0-T2,NPK,1,Lmax,2.995732273553991
Armeria_maritima,-2.822,0.363,Hurdle_cond,T0-T2,NPK,1,Lmean,0.6122577291406874
Armeria_maritima,-2.822,0.363,Hurdle_cond,T0-T2,NPK,1,R0,4.445083646052526
Armeria_maritima,-2.822,0.363,Hurdle_cond,T0-T2,NPK,1,Reactivity,5.495776723555247
Armeria_maritima,-2.822,0.363,Hurdle_cond,T0-T2,NPK,1,T_generation,2.099604255961898
Armeria_maritima,-2.822,0.363,Hurdle_cond,T0-T2,NPK,1,age_repro,1.5255005163472148
Armeria_maritima,-2.822,0.363,Hurdle_cond,T0-T2,NPK,1,percapita_repro,3.617282020171661
Centaurea_jacea,-2.414,0.27,Hurdle_cond,T0-T2,NPK,1,FirstStepAtt,-0.6368104471974831
Centaurea_jacea,-2.414,0.27,Hurdle_cond,T0-T2,NPK,1,Lambda,0.9157150879324936
Centaurea_jacea,-2.414,0.27,Hurdle_cond,T0-T2,NPK,1,Lmax,2.4003251984703664
Centaurea_jacea,-2.414,0.27,Hurdle_cond,T0-T2,NPK,1,Lmean,1.3722715793325009
Centaurea_jacea,-2.414,0.27,Hurdle_cond,T0-T2,NPK,1,R0,-3.4842742317189583
Centaurea_jacea,-2.414,0.27,Hurdle_cond,T0-T2,NPK,1,Reactivity,0.41685764138114395
Centaurea_jacea,-2.414,0.27,Hurdle_cond,T0-T2,NPK,1,T_generation,2.978872381362829
Centaurea_jacea,-2.414,0.27,Hurdle_cond,T0-T2,NPK,1,age_repro,1.6363011514297372
Centaurea_jacea,-2.414,0.27,Hurdle_cond,T0-T2,NPK,1,percapita_repro,-1.7828083742933423
Cerastium_fontanum,-2.986,0.173,Hurdle_cond,T0-T2,NPK,1,FirstStepAtt,-2.696031853083466
Cerastium_fontanum,-2.986,0.173,Hurdle_cond,T0-T2,NPK,1,Lambda,NA
Cerastium_fontanum,-2.986,0.173,Hurdle_cond,T0-T2,NPK,1,Lmax,0
Cerastium_fontanum,-2.986,0.173,Hurdle_cond,T0-T2,NPK,1,Lmean,0
Cerastium_fontanum,-2.986,0.173,Hurdle_cond,T0-T2,NPK,1,R0,1.5184623246973081
Cerastium_fontanum,-2.986,0.173,Hurdle_cond,T0-T2,NPK,1,Reactivity,3.027270925563423
Cerastium_fontanum,-2.986,0.173,Hurdle_cond,T0-T2,NPK,1,T_generation,0.005048904923272251
Cerastium_fontanum,-2.986,0.173,Hurdle_cond,T0-T2,NPK,1,age_repro,0.8873031950009029
Cerastium_fontanum,-2.986,0.173,Hurdle_cond,T0-T2,NPK,1,percapita_repro,4.522657764413627
Cirsium_arvense,-2.452,0.192,Hurdle_cond,T0-T2,NPK,1,FirstStepAtt,-3.3290015249469986
Cirsium_arvense,-2.452,0.192,Hurdle_cond,T0-T2,NPK,1,Lambda,NA
Cirsium_arvense,-2.452,0.192,Hurdle_cond,T0-T2,NPK,1,Lmax,1.0986122886681098
Cirsium_arvense,-2.452,0.192,Hurdle_cond,T0-T2,NPK,1,Lmean,0.1699960817758222
Cirsium_arvense,-2.452,0.192,Hurdle_cond,T0-T2,NPK,1,R0,3.228914980534981
Cirsium_arvense,-2.452,0.192,Hurdle_cond,T0-T2,NPK,1,Reactivity,4.0664130997692896
Cirsium_arvense,-2.452,0.192,Hurdle_cond,T0-T2,NPK,1,T_generation,0.7703612247372394
Cirsium_arvense,-2.452,0.192,Hurdle_cond,T0-T2,NPK,1,age_repro,1.162546762671639
Cirsium_arvense,-2.452,0.192,Hurdle_cond,T0-T2,NPK,1,percapita_repro,5.427985054670073
Cirsium_palustre,-2.736,0.504,Hurdle_cond,T0-T2,NPK,1,FirstStepAtt,-2.5937654771378247
Cirsium_palustre,-2.736,0.504,Hurdle_cond,T0-T2,NPK,1,Lambda,1.4428002172428838
Cirsium_palustre,-2.736,0.504,Hurdle_cond,T0-T2,NPK,1,Lmax,1.5273118956910914
Cirsium_palustre,-2.736,0.504,Hurdle_cond,T0-T2,NPK,1,Lmean,0.20135107219302092
Cirsium_palustre,-2.736,0.504,Hurdle_cond,T0-T2,NPK,1,R0,1.2807231364002392
Cirsium_palustre,-2.736,0.504,Hurdle_cond,T0-T2,NPK,1,Reactivity,4.898747288058175
Cirsium_palustre,-2.736,0.504,Hurdle_cond,T0-T2,NPK,1,T_generation,1.2255759905166659
Cirsium_palustre,-2.736,0.504,Hurdle_cond,T0-T2,NPK,1,age_repro,1.534647496889771
Cirsium_palustre,-2.736,0.504,Hurdle_cond,T0-T2,NPK,1,percapita_repro,4.957313127808717
Cirsium_vulgare,-2.519,0.425,Hurdle_cond,T0-T2,NPK,1,FirstStepAtt,-3.1910655226282234
Cirsium_vulgare,-2.519,0.425,Hurdle_cond,T0-T2,NPK,1,Lambda,0.7844344795818798
Cirsium_vulgare,-2.519,0.425,Hurdle_cond,T0-T2,NPK,1,Lmax,1.507973248367974
Cirsium_vulgare,-2.519,0.425,Hurdle_cond,T0-T2,NPK,1,Lmean,0.3479988332516422
Cirsium_vulgare,-2.519,0.425,Hurdle_cond,T0-T2,NPK,1,R0,-1.420279247517773
Cirsium_vulgare,-2.519,0.425,Hurdle_cond,T0-T2,NPK,1,Reactivity,2.641485998869525
Cirsium_vulgare,-2.519,0.425,Hurdle_cond,T0-T2,NPK,1,T_generation,1.4828783988333107
Cirsium_vulgare,-2.519,0.425,Hurdle_cond,T0-T2,NPK,1,age_repro,0.9323966804077027
Cirsium_vulgare,-2.519,0.425,Hurdle_cond,T0-T2,NPK,1,percapita_repro,1.89963041219607
Daucus_carota,-2.569,0.23,Hurdle_cond,T0-T2,NPK,1,FirstStepAtt,-4.040610337013186
Daucus_carota,-2.569,0.23,Hurdle_cond,T0-T2,NPK,1,Lambda,1.7161044748521754
Daucus_carota,-2.569,0.23,Hurdle_cond,T0-T2,NPK,1,Lmax,1.0986122886681098
Daucus_carota,-2.569,0.23,Hurdle_cond,T0-T2,NPK,1,Lmean,0.31834252276646996
Daucus_carota,-2.569,0.23,Hurdle_cond,T0-T2,NPK,1,R0,1.8196701629274532
Daucus_carota,-2.569,0.23,Hurdle_cond,T0-T2,NPK,1,Reactivity,NA
Daucus_carota,-2.569,0.23,Hurdle_cond,T0-T2,NPK,1,T_generation,1.189773196967312
Daucus_carota,-2.569,0.23,Hurdle_cond,T0-T2,NPK,1,age_repro,1.431272611901774
Daucus_carota,-2.569,0.23,Hurdle_cond,T0-T2,NPK,1,percapita_repro,NA
Echium_vulgare,-2.532,0.346,Hurdle_cond,T0-T2,NPK,1,FirstStepAtt,-1.4808281568478858
Echium_vulgare,-2.532,0.346,Hurdle_cond,T0-T2,NPK,1,Lambda,1.54759800300862
Echium_vulgare,-2.532,0.346,Hurdle_cond,T0-T2,NPK,1,Lmax,1.3862943611198906
Echium_vulgare,-2.532,0.346,Hurdle_cond,T0-T2,NPK,1,Lmean,0.5010758488001458
Echium_vulgare,-2.532,0.346,Hurdle_cond,T0-T2,NPK,1,R0,1.6034012709220467
Echium_vulgare,-2.532,0.346,Hurdle_cond,T0-T2,NPK,1,Reactivity,3.2663741200499037
Echium_vulgare,-2.532,0.346,Hurdle_cond,T0-T2,NPK,1,T_generation,1.287139504575711
Echium_vulgare,-2.532,0.346,Hurdle_cond,T0-T2,NPK,1,age_repro,1.3132909952863716
Echium_vulgare,-2.532,0.346,Hurdle_cond,T0-T2,NPK,1,percapita_repro,3.7030781735137492
Elymus_repens,-2.197,0.161,Hurdle_cond,T0-T2,NPK,1,FirstStepAtt,-19.608981934788076
Elymus_repens,-2.197,0.161,Hurdle_cond,T0-T2,NPK,1,Lambda,NA
Elymus_repens,-2.197,0.161,Hurdle_cond,T0-T2,NPK,1,Lmax,0.6931471805599453
Elymus_repens,-2.197,0.161,Hurdle_cond,T0-T2,NPK,1,Lmean,0.34830572665687204
Elymus_repens,-2.197,0.161,Hurdle_cond,T0-T2,NPK,1,R0,4.306802628082906
Elymus_repens,-2.197,0.161,Hurdle_cond,T0-T2,NPK,1,Reactivity,NA
Elymus_repens,-2.197,0.161,Hurdle_cond,T0-T2,NPK,1,T_generation,0.00771453240913415
Elymus_repens,-2.197,0.161,Hurdle_cond,T0-T2,NPK,1,age_repro,0
Elymus_repens,-2.197,0.161,Hurdle_cond,T0-T2,NPK,1,percapita_repro,-5.74205469871386
Erigeron_canadensis,-3.041,0.306,Hurdle_cond,T0-T2,NPK,1,FirstStepAtt,-2.9940372183428647
Erigeron_canadensis,-3.041,0.306,Hurdle_cond,T0-T2,NPK,1,Lambda,NA
Erigeron_canadensis,-3.041,0.306,Hurdle_cond,T0-T2,NPK,1,Lmax,0
Erigeron_canadensis,-3.041,0.306,Hurdle_cond,T0-T2,NPK,1,Lmean,0
Erigeron_canadensis,-3.041,0.306,Hurdle_cond,T0-T2,NPK,1,R0,2.750423016465953
Erigeron_canadensis,-3.041,0.306,Hurdle_cond,T0-T2,NPK,1,Reactivity,3.7256901124743216
Erigeron_canadensis,-3.041,0.306,Hurdle_cond,T0-T2,NPK,1,T_generation,0.1300250884192771
Erigeron_canadensis,-3.041,0.306,Hurdle_cond,T0-T2,NPK,1,age_repro,0.9159908368351705
Erigeron_canadensis,-3.041,0.306,Hurdle_cond,T0-T2,NPK,1,percapita_repro,5.684089841310465
Knautia_arvensis,-1.909,0.359,Hurdle_cond,T0-T2,NPK,1,FirstStepAtt,-2.956373754274904
Knautia_arvensis,-1.909,0.359,Hurdle_cond,T0-T2,NPK,1,Lambda,0.30764990872892994
Knautia_arvensis,-1.909,0.359,Hurdle_cond,T0-T2,NPK,1,Lmax,0.6931471805599453
Knautia_arvensis,-1.909,0.359,Hurdle_cond,T0-T2,NPK,1,Lmean,0.022139719151234638
Knautia_arvensis,-1.909,0.359,Hurdle_cond,T0-T2,NPK,1,R0,-9.95071325619903
Knautia_arvensis,-1.909,0.359,Hurdle_cond,T0-T2,NPK,1,Reactivity,0.35097071858090473
Knautia_arvensis,-1.909,0.359,Hurdle_cond,T0-T2,NPK,1,T_generation,NA
Knautia_arvensis,-1.909,0.359,Hurdle_cond,T0-T2,NPK,1,age_repro,0.9322894183877876
Knautia_arvensis,-1.909,0.359,Hurdle_cond,T0-T2,NPK,1,percapita_repro,-4.367646677748796
Lactuca_serriola,-2.685,0.508,Hurdle_cond,T0-T2,NPK,1,FirstStepAtt,-2.5276283678174485
Lactuca_serriola,-2.685,0.508,Hurdle_cond,T0-T2,NPK,1,Lambda,NA
Lactuca_serriola,-2.685,0.508,Hurdle_cond,T0-T2,NPK,1,Lmax,0
Lactuca_serriola,-2.685,0.508,Hurdle_cond,T0-T2,NPK,1,Lmean,0
Lactuca_serriola,-2.685,0.508,Hurdle_cond,T0-T2,NPK,1,R0,2.961708269076509
Lactuca_serriola,-2.685,0.508,Hurdle_cond,T0-T2,NPK,1,Reactivity,5.096932718325193
Lactuca_serriola,-2.685,0.508,Hurdle_cond,T0-T2,NPK,1,T_generation,0.08738433516364566
Lactuca_serriola,-2.685,0.508,Hurdle_cond,T0-T2,NPK,1,age_repro,1.2839753424841123
Lactuca_serriola,-2.685,0.508,Hurdle_cond,T0-T2,NPK,1,percapita_repro,7.147653680580111
Linum_catharticum,-2.784,0.417,Hurdle_cond,T0-T2,NPK,1,FirstStepAtt,-3.1953085121694222
Linum_catharticum,-2.784,0.417,Hurdle_cond,T0-T2,NPK,1,Lambda,NA
Linum_catharticum,-2.784,0.417,Hurdle_cond,T0-T2,NPK,1,Lmax,2.0794415416798357
Linum_catharticum,-2.784,0.417,Hurdle_cond,T0-T2,NPK,1,Lmean,0.7715798705141755
Linum_catharticum,-2.784,0.417,Hurdle_cond,T0-T2,NPK,1,R0,1.7942778474769048
Linum_catharticum,-2.784,0.417,Hurdle_cond,T0-T2,NPK,1,Reactivity,3.8165083573910685
Linum_catharticum,-2.784,0.417,Hurdle_cond,T0-T2,NPK,1,T_generation,0.30079171330480015
Linum_catharticum,-2.784,0.417,Hurdle_cond,T0-T2,NPK,1,age_repro,0.7034715243015948
Linum_catharticum,-2.784,0.417,Hurdle_cond,T0-T2,NPK,1,percapita_repro,3.0328521355315146
Myosotis_ramosissima,-2.695,0.507,Hurdle_cond,T0-T2,NPK,1,FirstStepAtt,-3.6870030575668453
Myosotis_ramosissima,-2.695,0.507,Hurdle_cond,T0-T2,NPK,1,Lambda,1.4558843238144925
Myosotis_ramosissima,-2.695,0.507,Hurdle_cond,T0-T2,NPK,1,Lmax,0
Myosotis_ramosissima,-2.695,0.507,Hurdle_cond,T0-T2,NPK,1,Lmean,0
Myosotis_ramosissima,-2.695,0.507,Hurdle_cond,T0-T2,NPK,1,R0,1.3761933951892638
Myosotis_ramosissima,-2.695,0.507,Hurdle_cond,T0-T2,NPK,1,Reactivity,0.48764865977290195
Myosotis_ramosissima,-2.695,0.507,Hurdle_cond,T0-T2,NPK,1,T_generation,0.013734478546359119
Myosotis_ramosissima,-2.695,0.507,Hurdle_cond,T0-T2,NPK,1,age_repro,0.7154702161542037
Myosotis_ramosissima,-2.695,0.507,Hurdle_cond,T0-T2,NPK,1,percapita_repro,1.826732983425593
Picris_hieracioides,-2.184,0.223,Hurdle_cond,T0-T2,NPK,1,FirstStepAtt,-4.012603074068456
Picris_hieracioides,-2.184,0.223,Hurdle_cond,T0-T2,NPK,1,Lambda,0.8846497432296893
Picris_hieracioides,-2.184,0.223,Hurdle_cond,T0-T2,NPK,1,Lmax,0.6931471805599453
Picris_hieracioides,-2.184,0.223,Hurdle_cond,T0-T2,NPK,1,Lmean,0.025497751793431413
Picris_hieracioides,-2.184,0.223,Hurdle_cond,T0-T2,NPK,1,R0,-0.5012341883972119
Picris_hieracioides,-2.184,0.223,Hurdle_cond,T0-T2,NPK,1,Reactivity,5.739334580340471
Picris_hieracioides,-2.184,0.223,Hurdle_cond,T0-T2,NPK,1,T_generation,1.4151934417967624
Picris_hieracioides,-2.184,0.223,Hurdle_cond,T0-T2,NPK,1,age_repro,1.5430234695350933
Picris_hieracioides,-2.184,0.223,Hurdle_cond,T0-T2,NPK,1,percapita_repro,5.616771097666572
Pimpinella_saxifraga,-2.199,0.322,Hurdle_cond,T0-T2,NPK,1,FirstStepAtt,-0.5923077657542147
Pimpinella_saxifraga,-2.199,0.322,Hurdle_cond,T0-T2,NPK,1,Lambda,0.9547406316474248
Pimpinella_saxifraga,-2.199,0.322,Hurdle_cond,T0-T2,NPK,1,Lmax,3.2778313935718644
Pimpinella_saxifraga,-2.199,0.322,Hurdle_cond,T0-T2,NPK,1,Lmean,1.3985454207581605
Pimpinella_saxifraga,-2.199,0.322,Hurdle_cond,T0-T2,NPK,1,R0,-0.7090626241047243
Pimpinella_saxifraga,-2.199,0.322,Hurdle_cond,T0-T2,NPK,1,Reactivity,0.9233752615973371
Pimpinella_saxifraga,-2.199,0.322,Hurdle_cond,T0-T2,NPK,1,T_generation,2.7756138699245225
Pimpinella_saxifraga,-2.199,0.322,Hurdle_cond,T0-T2,NPK,1,age_repro,1.7819632124517442
Pimpinella_saxifraga,-2.199,0.322,Hurdle_cond,T0-T2,NPK,1,percapita_repro,-0.1635626778133
Plantago_coronopus,-1.931,0.26,Hurdle_cond,T0-T2,NPK,1,FirstStepAtt,-1.0607821044920802
Plantago_coronopus,-1.931,0.26,Hurdle_cond,T0-T2,NPK,1,Lambda,0.8883340096307588
Plantago_coronopus,-1.931,0.26,Hurdle_cond,T0-T2,NPK,1,Lmax,1.907994489728227
Plantago_coronopus,-1.931,0.26,Hurdle_cond,T0-T2,NPK,1,Lmean,0.5836315540514999
Plantago_coronopus,-1.931,0.26,Hurdle_cond,T0-T2,NPK,1,R0,-0.7679497099488539
Plantago_coronopus,-1.931,0.26,Hurdle_cond,T0-T2,NPK,1,Reactivity,1.2700917455756844
Plantago_coronopus,-1.931,0.26,Hurdle_cond,T0-T2,NPK,1,T_generation,1.4792349913940708
Plantago_coronopus,-1.931,0.26,Hurdle_cond,T0-T2,NPK,1,age_repro,0.7227032675127357
Plantago_coronopus,-1.931,0.26,Hurdle_cond,T0-T2,NPK,1,percapita_repro,-0.16078899600806454
Plantago_media,-2.383,0.392,Hurdle_cond,T0-T2,NPK,1,FirstStepAtt,-2.5216721506920545
Plantago_media,-2.383,0.392,Hurdle_cond,T0-T2,NPK,1,Lambda,0.9166479924897526
Plantago_media,-2.383,0.392,Hurdle_cond,T0-T2,NPK,1,Lmax,1.7178918965462198
Plantago_media,-2.383,0.392,Hurdle_cond,T0-T2,NPK,1,Lmean,0.240093455091011
Plantago_media,-2.383,0.392,Hurdle_cond,T0-T2,NPK,1,R0,-3.703632943874186
Plantago_media,-2.383,0.392,Hurdle_cond,T0-T2,NPK,1,Reactivity,0.9115891884505661
Plantago_media,-2.383,0.392,Hurdle_cond,T0-T2,NPK,1,T_generation,3.2830740541662764
Plantago_media,-2.383,0.392,Hurdle_cond,T0-T2,NPK,1,age_repro,2.050568331584061
Plantago_media,-2.383,0.392,Hurdle_cond,T0-T2,NPK,1,percapita_repro,0.21247852101489456
Potentilla_recta,-2.65,0.314,Hurdle_cond,T0-T2,NPK,1,FirstStepAtt,-1.2072466251783427
Potentilla_recta,-2.65,0.314,Hurdle_cond,T0-T2,NPK,1,Lambda,1.3233051390988662
Potentilla_recta,-2.65,0.314,Hurdle_cond,T0-T2,NPK,1,Lmax,2.8995463272302633
Potentilla_recta,-2.65,0.314,Hurdle_cond,T0-T2,NPK,1,Lmean,1.114174982541197
Potentilla_recta,-2.65,0.314,Hurdle_cond,T0-T2,NPK,1,R0,-Inf
Potentilla_recta,-2.65,0.314,Hurdle_cond,T0-T2,NPK,1,Reactivity,2.3355670141886495
Potentilla_recta,-2.65,0.314,Hurdle_cond,T0-T2,NPK,1,T_generation,1.1285664763465502
Potentilla_recta,-2.65,0.314,Hurdle_cond,T0-T2,NPK,1,age_repro,1.470241457035962
Potentilla_recta,-2.65,0.314,Hurdle_cond,T0-T2,NPK,1,percapita_repro,5.184136566294191
Primula_elatior,-2.602,0.515,Hurdle_cond,T0-T2,NPK,1,FirstStepAtt,-2.5752591198739894
Primula_elatior,-2.602,0.515,Hurdle_cond,T0-T2,NPK,1,Lambda,1.0243599289476764
Primula_elatior,-2.602,0.515,Hurdle_cond,T0-T2,NPK,1,Lmax,3.078214221499716
Primula_elatior,-2.602,0.515,Hurdle_cond,T0-T2,NPK,1,Lmean,0.9348686606054332
Primula_elatior,-2.602,0.515,Hurdle_cond,T0-T2,NPK,1,R0,-0.1983437887657272
Primula_elatior,-2.602,0.515,Hurdle_cond,T0-T2,NPK,1,Reactivity,1.2375774274497275
Primula_elatior,-2.602,0.515,Hurdle_cond,T0-T2,NPK,1,T_generation,2.774342942782747
Primula_elatior,-2.602,0.515,Hurdle_cond,T0-T2,NPK,1,age_repro,1.5965918444925693
Primula_elatior,-2.602,0.515,Hurdle_cond,T0-T2,NPK,1,percapita_repro,0.6906312588074858
Primula_veris,-2.602,0.412,Hurdle_cond,T0-T2,NPK,1,FirstStepAtt,-3.0996415326914413
Primula_veris,-2.602,0.412,Hurdle_cond,T0-T2,NPK,1,Lambda,0.9177166512186883
Primula_veris,-2.602,0.412,Hurdle_cond,T0-T2,NPK,1,Lmax,1.777554626801171
Primula_veris,-2.602,0.412,Hurdle_cond,T0-T2,NPK,1,Lmean,0.34573408996051475
Primula_veris,-2.602,0.412,Hurdle_cond,T0-T2,NPK,1,R0,-3.531205384831014
Primula_veris,-2.602,0.412,Hurdle_cond,T0-T2,NPK,1,Reactivity,1.8406103144604358
Primula_veris,-2.602,0.412,Hurdle_cond,T0-T2,NPK,1,T_generation,3.266151130174338
Primula_veris,-2.602,0.412,Hurdle_cond,T0-T2,NPK,1,age_repro,2.1007008996065113
Primula_veris,-2.602,0.412,Hurdle_cond,T0-T2,NPK,1,percapita_repro,1.3057574210790406
Ranunculus_acris,-2.723,0.177,Hurdle_cond,T0-T2,NPK,1,FirstStepAtt,-2.223673155588096
Ranunculus_acris,-2.723,0.177,Hurdle_cond,T0-T2,NPK,1,Lambda,1.1474253581153837
Ranunculus_acris,-2.723,0.177,Hurdle_cond,T0-T2,NPK,1,Lmax,1.791759469228055
Ranunculus_acris,-2.723,0.177,Hurdle_cond,T0-T2,NPK,1,Lmean,0.2694368352850546
Ranunculus_acris,-2.723,0.177,Hurdle_cond,T0-T2,NPK,1,R0,0.4291243489821683
Ranunculus_acris,-2.723,0.177,Hurdle_cond,T0-T2,NPK,1,Reactivity,1.8978523971700296
Ranunculus_acris,-2.723,0.177,Hurdle_cond,T0-T2,NPK,1,T_generation,1.3335494740785472
Ranunculus_acris,-2.723,0.177,Hurdle_cond,T0-T2,NPK,1,age_repro,1.1167312512505851
Ranunculus_acris,-2.723,0.177,Hurdle_cond,T0-T2,NPK,1,percapita_repro,1.9401794743463283
Sphaeralcea_coccinea,-2.656,0.344,Hurdle_cond,T0-T2,NPK,1,FirstStepAtt,-0.021668930362796438
Sphaeralcea_coccinea,-2.656,0.344,Hurdle_cond,T0-T2,NPK,1,Lambda,0.9140916052986946
Sphaeralcea_coccinea,-2.656,0.344,Hurdle_cond,T0-T2,NPK,1,Lmax,1.1291966833851346
Sphaeralcea_coccinea,-2.656,0.344,Hurdle_cond,T0-T2,NPK,1,Lmean,0.18479959171993668
Sphaeralcea_coccinea,-2.656,0.344,Hurdle_cond,T0-T2,NPK,1,R0,-0.1631566065473073
Sphaeralcea_coccinea,-2.656,0.344,Hurdle_cond,T0-T2,NPK,1,Reactivity,0.06479482429602482
Sphaeralcea_coccinea,-2.656,0.344,Hurdle_cond,T0-T2,NPK,1,T_generation,0.24224692726379177
Sphaeralcea_coccinea,-2.656,0.344,Hurdle_cond,T0-T2,NPK,1,age_repro,0
Sphaeralcea_coccinea,-2.656,0.344,Hurdle_cond,T0-T2,NPK,1,percapita_repro,-0.347956198267244
Stenaria_nigricans,-2.221,0.337,Hurdle_cond,T0-T2,NPK,1,FirstStepAtt,-0.001506241946231945
Stenaria_nigricans,-2.221,0.337,Hurdle_cond,T0-T2,NPK,1,Lambda,0.9901413361648121
Stenaria_nigricans,-2.221,0.337,Hurdle_cond,T0-T2,NPK,1,Lmax,0.8841014310483891
Stenaria_nigricans,-2.221,0.337,Hurdle_cond,T0-T2,NPK,1,Lmean,0.1061701762787086
Stenaria_nigricans,-2.221,0.337,Hurdle_cond,T0-T2,NPK,1,R0,0.21085254589803137
Stenaria_nigricans,-2.221,0.337,Hurdle_cond,T0-T2,NPK,1,Reactivity,0.009202684809058356
Stenaria_nigricans,-2.221,0.337,Hurdle_cond,T0-T2,NPK,1,T_generation,0.10216634557653173
Stenaria_nigricans,-2.221,0.337,Hurdle_cond,T0-T2,NPK,1,age_repro,0
Stenaria_nigricans,-2.221,0.337,Hurdle_cond,T0-T2,NPK,1,percapita_repro,0.10468236961932272
Taraxacum_campylodes,-2.836,0.363,Hurdle_cond,T0-T2,NPK,1,FirstStepAtt,-2.3531148413315983
Taraxacum_campylodes,-2.836,0.363,Hurdle_cond,T0-T2,NPK,1,Lambda,0.08041791145870329
Taraxacum_campylodes,-2.836,0.363,Hurdle_cond,T0-T2,NPK,1,Lmax,0.5493061443340549
Taraxacum_campylodes,-2.836,0.363,Hurdle_cond,T0-T2,NPK,1,Lmean,0.06773896227809098
Taraxacum_campylodes,-2.836,0.363,Hurdle_cond,T0-T2,NPK,1,R0,-Inf
Taraxacum_campylodes,-2.836,0.363,Hurdle_cond,T0-T2,NPK,1,Reactivity,2.4046693226371185
Taraxacum_campylodes,-2.836,0.363,Hurdle_cond,T0-T2,NPK,1,T_generation,NA
Taraxacum_campylodes,-2.836,0.363,Hurdle_cond,T0-T2,NPK,1,age_repro,0
Taraxacum_campylodes,-2.836,0.363,Hurdle_cond,T0-T2,NPK,1,percapita_repro,-11.213549524439351
Thymus_vulgaris,-2.409,0.429,Hurdle_cond,T0-T2,NPK,1,FirstStepAtt,-0.005866973847378982
Thymus_vulgaris,-2.409,0.429,Hurdle_cond,T0-T2,NPK,1,Lambda,0.9926751959162854
Thymus_vulgaris,-2.409,0.429,Hurdle_cond,T0-T2,NPK,1,Lmax,5.964961904446033
Thymus_vulgaris,-2.409,0.429,Hurdle_cond,T0-T2,NPK,1,Lmean,4.459892288650257
Thymus_vulgaris,-2.409,0.429,Hurdle_cond,T0-T2,NPK,1,R0,-1.07189733945768
Thymus_vulgaris,-2.409,0.429,Hurdle_cond,T0-T2,NPK,1,Reactivity,0.010349758754626258
Thymus_vulgaris,-2.409,0.429,Hurdle_cond,T0-T2,NPK,1,T_generation,NA
Thymus_vulgaris,-2.409,0.429,Hurdle_cond,T0-T2,NPK,1,age_repro,NA
Thymus_vulgaris,-2.409,0.429,Hurdle_cond,T0-T2,NPK,1,percapita_repro,-5.143380039347928
Verbascum_thapsus,-2.558,0.423,Hurdle_cond,T0-T2,NPK,1,FirstStepAtt,-4.012613096092431
Verbascum_thapsus,-2.558,0.423,Hurdle_cond,T0-T2,NPK,1,Lambda,NA
Verbascum_thapsus,-2.558,0.423,Hurdle_cond,T0-T2,NPK,1,Lmax,0.6931471805599453
Verbascum_thapsus,-2.558,0.423,Hurdle_cond,T0-T2,NPK,1,Lmean,0.05129369438747054
Verbascum_thapsus,-2.558,0.423,Hurdle_cond,T0-T2,NPK,1,R0,3.381715911075376
Verbascum_thapsus,-2.558,0.423,Hurdle_cond,T0-T2,NPK,1,Reactivity,NA
Verbascum_thapsus,-2.558,0.423,Hurdle_cond,T0-T2,NPK,1,T_generation,0.7764348966557838
Verbascum_thapsus,-2.558,0.423,Hurdle_cond,T0-T2,NPK,1,age_repro,2.5523449856956373
Verbascum_thapsus,-2.558,0.423,Hurdle_cond,T0-T2,NPK,1,percapita_repro,NA
Veronica_arvensis,-3.044,0.225,Hurdle_cond,T0-T2,NPK,1,FirstStepAtt,-1.3609972168245543
Veronica_arvensis,-3.044,0.225,Hurdle_cond,T0-T2,NPK,1,Lambda,1.0575348190993947
Veronica_arvensis,-3.044,0.225,Hurdle_cond,T0-T2,NPK,1,Lmax,0.12924850454918937
Veronica_arvensis,-3.044,0.225,Hurdle_cond,T0-T2,NPK,1,Lmean,0.05244694819316372
Veronica_arvensis,-3.044,0.225,Hurdle_cond,T0-T2,NPK,1,R0,-0.014999404757933873
Veronica_arvensis,-3.044,0.225,Hurdle_cond,T0-T2,NPK,1,Reactivity,1.7913324339405632
Veronica_arvensis,-3.044,0.225,Hurdle_cond,T0-T2,NPK,1,T_generation,0.4178504962611216
Veronica_arvensis,-3.044,0.225,Hurdle_cond,T0-T2,NPK,1,age_repro,0.8907769885320955
Veronica_arvensis,-3.044,0.225,Hurdle_cond,T0-T2,NPK,1,percapita_repro,1.8152156216155975
Acer_saccharum,-1.551,0.508,Hurdle_zi,T0-T2,NPK,1,FirstStepAtt,-0.13633162397836548
Acer_saccharum,-1.551,0.508,Hurdle_zi,T0-T2,NPK,1,Lambda,1.7751478346888432
Acer_saccharum,-1.551,0.508,Hurdle_zi,T0-T2,NPK,1,Lmax,5.5871025137026376
Acer_saccharum,-1.551,0.508,Hurdle_zi,T0-T2,NPK,1,Lmean,5.240241348413525
Acer_saccharum,-1.551,0.508,Hurdle_zi,T0-T2,NPK,1,R0,6.4970270462927875
Acer_saccharum,-1.551,0.508,Hurdle_zi,T0-T2,NPK,1,Reactivity,0.11239532885872881
Acer_saccharum,-1.551,0.508,Hurdle_zi,T0-T2,NPK,1,T_generation,1.6297372686170404
Acer_saccharum,-1.551,0.508,Hurdle_zi,T0-T2,NPK,1,age_repro,2.5048380603456604
Acer_saccharum,-1.551,0.508,Hurdle_zi,T0-T2,NPK,1,percapita_repro,-0.15190606423970499
Agrimonia_eupatoria,-1.376,0.28,Hurdle_zi,T0-T2,NPK,1,FirstStepAtt,-0.40426778811109665
Agrimonia_eupatoria,-1.376,0.28,Hurdle_zi,T0-T2,NPK,1,Lambda,0.99064442494128635
Agrimonia_eupatoria,-1.376,0.28,Hurdle_zi,T0-T2,NPK,1,Lmax,4.5330412476880015
Agrimonia_eupatoria,-1.376,0.28,Hurdle_zi,T0-T2,NPK,1,Lmean,2.276623485281897
Agrimonia_eupatoria,-1.376,0.28,Hurdle_zi,T0-T2,NPK,1,R0,-0.3812702083300579
Agrimonia_eupatoria,-1.376,0.28,Hurdle_zi,T0-T2,NPK,1,Reactivity,0.19207496843703886
Agrimonia_eupatoria,-1.376,0.28,Hurdle_zi,T0-T2,NPK,1,T_generation,3.6207086258222287
Agrimonia_eupatoria,-1.376,0.28,Hurdle_zi,T0-T2,NPK,1,age_repro,2.087394345070076
Agrimonia_eupatoria,-1.376,0.28,Hurdle_zi,T0-T2,NPK,1,percapita_repro,-1.5661843426366495
Allium_vineale,-1.596,0.456,Hurdle_zi,T0-T2,NPK,1,FirstStepAtt,-2.036030904211625
Allium_vineale,-1.596,0.456,Hurdle_zi,T0-T2,NPK,1,Lambda,1.170906773884173
Allium_vineale,-1.596,0.456,Hurdle_zi,T0-T2,NPK,1,Lmax,1.0986122886681098
Allium_vineale,-1.596,0.456,Hurdle_zi,T0-T2,NPK,1,Lmean,0.16647352389668973
Allium_vineale,-1.596,0.456,Hurdle_zi,T0-T2,NPK,1,R0,0.3408368280021561
Allium_vineale,-1.596,0.456,Hurdle_zi,T0-T2,NPK,1,Reactivity,2.1940830508207325
Allium_vineale,-1.596,0.456,Hurdle_zi,T0-T2,NPK,1,T_generation,0.7635325690826141
Allium_vineale,-1.596,0.456,Hurdle_zi,T0-T2,NPK,1,age_repro,1.2000990079409088
Allium_vineale,-1.596,0.456,Hurdle_zi,T0-T2,NPK,1,percapita_repro,2.3368650630604555
Andropogon_gerardii,0.179,0.276,Hurdle_zi,T0-T2,NPK,1,FirstStepAtt,-1.1908608264270113
Andropogon_gerardii,0.179,0.276,Hurdle_zi,T0-T2,NPK,1,Lambda,1.50587325216984
Andropogon_gerardii,0.179,0.276,Hurdle_zi,T0-T2,NPK,1,Lmax,1.764891121214301
Andropogon_gerardii,0.179,0.276,Hurdle_zi,T0-T2,NPK,1,Lmean,0.6723210807858808
Andropogon_gerardii,0.179,0.276,Hurdle_zi,T0-T2,NPK,1,R0,0.8354773555720532
Andropogon_gerardii,0.179,0.276,Hurdle_zi,T0-T2,NPK,1,Reactivity,1.7926841280473305
Andropogon_gerardii,0.179,0.276,Hurdle_zi,T0-T2,NPK,1,T_generation,0.7395193223181741
Andropogon_gerardii,0.179,0.276,Hurdle_zi,T0-T2,NPK,1,age_repro,0.7862530575220442
Andropogon_gerardii,0.179,0.276,Hurdle_zi,T0-T2,NPK,1,percapita_repro,2.0924307697315556
Arenaria_serpyllifolia,-1.653,0.308,Hurdle_zi,T0-T2,NPK,1,FirstStepAtt,-2.2176497264357233
Arenaria_serpyllifolia,-1.653,0.308,Hurdle_zi,T0-T2,NPK,1,Lambda,0.860684361881849
Arenaria_serpyllifolia,-1.653,0.308,Hurdle_zi,T0-T2,NPK,1,Lmax,0
Arenaria_serpyllifolia,-1.653,0.308,Hurdle_zi,T0-T2,NPK,1,Lmean,0
Arenaria_serpyllifolia,-1.653,0.308,Hurdle_zi,T0-T2,NPK,1,R0,0.13128547046852534
Arenaria_serpyllifolia,-1.653,0.308,Hurdle_zi,T0-T2,NPK,1,Reactivity,2.5929750386335604
Arenaria_serpyllifolia,-1.653,0.308,Hurdle_zi,T0-T2,NPK,1,T_generation,0.16988583066600282
Arenaria_serpyllifolia,-1.653,0.308,Hurdle_zi,T0-T2,NPK,1,age_repro,0.8303384136066279
Arenaria_serpyllifolia,-1.653,0.308,Hurdle_zi,T0-T2,NPK,1,percapita_repro,2.639396025140823
Armeria_maritima,-1.678,0.364,Hurdle_zi,T0-T2,NPK,1,FirstStepAtt,-2.2414258727445255
Armeria_maritima,-1.678,0.364,Hurdle_zi,T0-T2,NPK,1,Lambda,1.458043853064239
Armeria_maritima,-1.678,0.364,Hurdle_zi,T0-T2,NPK,1,Lmax,2.995732273553991
Armeria_maritima,-1.678,0.364,Hurdle_zi,T0-T2,NPK,1,Lmean,0.6122577291406874
Armeria_maritima,-1.678,0.364,Hurdle_zi,T0-T2,NPK,1,R0,4.445083646052526
Armeria_maritima,-1.678,0.364,Hurdle_zi,T0-T2,NPK,1,Reactivity,5.495776723555247
Armeria_maritima,-1.678,0.364,Hurdle_zi,T0-T2,NPK,1,T_generation,2.099604255961898
Armeria_maritima,-1.678,0.364,Hurdle_zi,T0-T2,NPK,1,age_repro,1.5255005163472148
Armeria_maritima,-1.678,0.364,Hurdle_zi,T0-T2,NPK,1,percapita_repro,3.617282020171661
Centaurea_jacea,-1.27,0.273,Hurdle_zi,T0-T2,NPK,1,FirstStepAtt,-0.6368104471974831
Centaurea_jacea,-1.27,0.273,Hurdle_zi,T0-T2,NPK,1,Lambda,0.9157150879324936
Centaurea_jacea,-1.27,0.273,Hurdle_zi,T0-T2,NPK,1,Lmax,2.4003251984703664
Centaurea_jacea,-1.27,0.273,Hurdle_zi,T0-T2,NPK,1,Lmean,1.3722715793325009
Centaurea_jacea,-1.27,0.273,Hurdle_zi,T0-T2,NPK,1,R0,-3.4842742317189583
Centaurea_jacea,-1.27,0.273,Hurdle_zi,T0-T2,NPK,1,Reactivity,0.41685764138114395
Centaurea_jacea,-1.27,0.273,Hurdle_zi,T0-T2,NPK,1,T_generation,2.978872381362829
Centaurea_jacea,-1.27,0.273,Hurdle_zi,T0-T2,NPK,1,age_repro,1.6363011514297372
Centaurea_jacea,-1.27,0.273,Hurdle_zi,T0-T2,NPK,1,percapita_repro,-1.7828083742933423
Cerastium_fontanum,-1.842,0.176,Hurdle_zi,T0-T2,NPK,1,FirstStepAtt,-2.696031853083466
Cerastium_fontanum,-1.842,0.176,Hurdle_zi,T0-T2,NPK,1,Lambda,NA
Cerastium_fontanum,-1.842,0.176,Hurdle_zi,T0-T2,NPK,1,Lmax,0
Cerastium_fontanum,-1.842,0.176,Hurdle_zi,T0-T2,NPK,1,Lmean,0
Cerastium_fontanum,-1.842,0.176,Hurdle_zi,T0-T2,NPK,1,R0,1.5184623246973081
Cerastium_fontanum,-1.842,0.176,Hurdle_zi,T0-T2,NPK,1,Reactivity,3.027270925563423
Cerastium_fontanum,-1.842,0.176,Hurdle_zi,T0-T2,NPK,1,T_generation,0.005048904923272251
Cerastium_fontanum,-1.842,0.176,Hurdle_zi,T0-T2,NPK,1,age_repro,0.8873031950009029
Cerastium_fontanum,-1.842,0.176,Hurdle_zi,T0-T2,NPK,1,percapita_repro,4.522657764413627
Cirsium_arvense,-1.308,0.196,Hurdle_zi,T0-T2,NPK,1,FirstStepAtt,-3.3290015249469986
Cirsium_arvense,-1.308,0.196,Hurdle_zi,T0-T2,NPK,1,Lambda,NA
Cirsium_arvense,-1.308,0.196,Hurdle_zi,T0-T2,NPK,1,Lmax,1.0986122886681098
Cirsium_arvense,-1.308,0.196,Hurdle_zi,T0-T2,NPK,1,Lmean,0.1699960817758222
Cirsium_arvense,-1.308,0.196,Hurdle_zi,T0-T2,NPK,1,R0,3.228914980534981
Cirsium_arvense,-1.308,0.196,Hurdle_zi,T0-T2,NPK,1,Reactivity,4.0664130997692896
Cirsium_arvense,-1.308,0.196,Hurdle_zi,T0-T2,NPK,1,T_generation,0.7703612247372394
Cirsium_arvense,-1.308,0.196,Hurdle_zi,T0-T2,NPK,1,age_repro,1.162546762671639
Cirsium_arvense,-1.308,0.196,Hurdle_zi,T0-T2,NPK,1,percapita_repro,5.427985054670073
Cirsium_palustre,-1.592,0.505,Hurdle_zi,T0-T2,NPK,1,FirstStepAtt,-2.5937654771378247
Cirsium_palustre,-1.592,0.505,Hurdle_zi,T0-T2,NPK,1,Lambda,1.4428002172428838
Cirsium_palustre,-1.592,0.505,Hurdle_zi,T0-T2,NPK,1,Lmax,1.5273118956910914
Cirsium_palustre,-1.592,0.505,Hurdle_zi,T0-T2,NPK,1,Lmean,0.20135107219302092
Cirsium_palustre,-1.592,0.505,Hurdle_zi,T0-T2,NPK,1,R0,1.2807231364002392
Cirsium_palustre,-1.592,0.505,Hurdle_zi,T0-T2,NPK,1,Reactivity,4.898747288058175
Cirsium_palustre,-1.592,0.505,Hurdle_zi,T0-T2,NPK,1,T_generation,1.2255759905166659
Cirsium_palustre,-1.592,0.505,Hurdle_zi,T0-T2,NPK,1,age_repro,1.534647496889771
Cirsium_palustre,-1.592,0.505,Hurdle_zi,T0-T2,NPK,1,percapita_repro,4.957313127808717
Cirsium_vulgare,-1.375,0.426,Hurdle_zi,T0-T2,NPK,1,FirstStepAtt,-3.1910655226282234
Cirsium_vulgare,-1.375,0.426,Hurdle_zi,T0-T2,NPK,1,Lambda,0.7844344795818798
Cirsium_vulgare,-1.375,0.426,Hurdle_zi,T0-T2,NPK,1,Lmax,1.507973248367974
Cirsium_vulgare,-1.375,0.426,Hurdle_zi,T0-T2,NPK,1,Lmean,0.3479988332516422
Cirsium_vulgare,-1.375,0.426,Hurdle_zi,T0-T2,NPK,1,R0,-1.420279247517773
Cirsium_vulgare,-1.375,0.426,Hurdle_zi,T0-T2,NPK,1,Reactivity,2.641485998869525
Cirsium_vulgare,-1.375,0.426,Hurdle_zi,T0-T2,NPK,1,T_generation,1.4828783988333107
Cirsium_vulgare,-1.375,0.426,Hurdle_zi,T0-T2,NPK,1,age_repro,0.9323966804077027
Cirsium_vulgare,-1.375,0.426,Hurdle_zi,T0-T2,NPK,1,percapita_repro,1.89963041219607
Daucus_carota,-1.425,0.232,Hurdle_zi,T0-T2,NPK,1,FirstStepAtt,-4.040610337013186
Daucus_carota,-1.425,0.232,Hurdle_zi,T0-T2,NPK,1,Lambda,1.7161044748521754
Daucus_carota,-1.425,0.232,Hurdle_zi,T0-T2,NPK,1,Lmax,1.0986122886681098
Daucus_carota,-1.425,0.232,Hurdle_zi,T0-T2,NPK,1,Lmean,0.31834252276646996
Daucus_carota,-1.425,0.232,Hurdle_zi,T0-T2,NPK,1,R0,1.8196701629274532
Daucus_carota,-1.425,0.232,Hurdle_zi,T0-T2,NPK,1,Reactivity,NA
Daucus_carota,-1.425,0.232,Hurdle_zi,T0-T2,NPK,1,T_generation,1.189773196967312
Daucus_carota,-1.425,0.232,Hurdle_zi,T0-T2,NPK,1,age_repro,1.431272611901774
Daucus_carota,-1.425,0.232,Hurdle_zi,T0-T2,NPK,1,percapita_repro,NA
Echium_vulgare,-1.388,0.348,Hurdle_zi,T0-T2,NPK,1,FirstStepAtt,-1.4808281568478858
Echium_vulgare,-1.388,0.348,Hurdle_zi,T0-T2,NPK,1,Lambda,1.54759800300862
Echium_vulgare,-1.388,0.348,Hurdle_zi,T0-T2,NPK,1,Lmax,1.3862943611198906
Echium_vulgare,-1.388,0.348,Hurdle_zi,T0-T2,NPK,1,Lmean,0.5010758488001458
Echium_vulgare,-1.388,0.348,Hurdle_zi,T0-T2,NPK,1,R0,1.6034012709220467
Echium_vulgare,-1.388,0.348,Hurdle_zi,T0-T2,NPK,1,Reactivity,3.2663741200499037
Echium_vulgare,-1.388,0.348,Hurdle_zi,T0-T2,NPK,1,T_generation,1.287139504575711
Echium_vulgare,-1.388,0.348,Hurdle_zi,T0-T2,NPK,1,age_repro,1.3132909952863716
Echium_vulgare,-1.388,0.348,Hurdle_zi,T0-T2,NPK,1,percapita_repro,3.7030781735137492
Elymus_repens,-1.053,0.165,Hurdle_zi,T0-T2,NPK,1,FirstStepAtt,-19.608981934788076
Elymus_repens,-1.053,0.165,Hurdle_zi,T0-T2,NPK,1,Lambda,NA
Elymus_repens,-1.053,0.165,Hurdle_zi,T0-T2,NPK,1,Lmax,0.6931471805599453
Elymus_repens,-1.053,0.165,Hurdle_zi,T0-T2,NPK,1,Lmean,0.34830572665687204
Elymus_repens,-1.053,0.165,Hurdle_zi,T0-T2,NPK,1,R0,4.306802628082906
Elymus_repens,-1.053,0.165,Hurdle_zi,T0-T2,NPK,1,Reactivity,NA
Elymus_repens,-1.053,0.165,Hurdle_zi,T0-T2,NPK,1,T_generation,0.00771453240913415
Elymus_repens,-1.053,0.165,Hurdle_zi,T0-T2,NPK,1,age_repro,0
Elymus_repens,-1.053,0.165,Hurdle_zi,T0-T2,NPK,1,percapita_repro,-5.74205469871386
Erigeron_canadensis,-1.897,0.308,Hurdle_zi,T0-T2,NPK,1,FirstStepAtt,-2.9940372183428647
Erigeron_canadensis,-1.897,0.308,Hurdle_zi,T0-T2,NPK,1,Lambda,NA
Erigeron_canadensis,-1.897,0.308,Hurdle_zi,T0-T2,NPK,1,Lmax,0
Erigeron_canadensis,-1.897,0.308,Hurdle_zi,T0-T2,NPK,1,Lmean,0
Erigeron_canadensis,-1.897,0.308,Hurdle_zi,T0-T2,NPK,1,R0,2.750423016465953
Erigeron_canadensis,-1.897,0.308,Hurdle_zi,T0-T2,NPK,1,Reactivity,3.7256901124743216
Erigeron_canadensis,-1.897,0.308,Hurdle_zi,T0-T2,NPK,1,T_generation,0.1300250884192771
Erigeron_canadensis,-1.897,0.308,Hurdle_zi,T0-T2,NPK,1,age_repro,0.9159908368351705
Erigeron_canadensis,-1.897,0.308,Hurdle_zi,T0-T2,NPK,1,percapita_repro,5.684089841310465
Knautia_arvensis,-0.765,0.36,Hurdle_zi,T0-T2,NPK,1,FirstStepAtt,-2.956373754274904
Knautia_arvensis,-0.765,0.36,Hurdle_zi,T0-T2,NPK,1,Lambda,0.30764990872892994
Knautia_arvensis,-0.765,0.36,Hurdle_zi,T0-T2,NPK,1,Lmax,0.6931471805599453
Knautia_arvensis,-0.765,0.36,Hurdle_zi,T0-T2,NPK,1,Lmean,0.022139719151234638
Knautia_arvensis,-0.765,0.36,Hurdle_zi,T0-T2,NPK,1,R0,-9.95071325619903
Knautia_arvensis,-0.765,0.36,Hurdle_zi,T0-T2,NPK,1,Reactivity,0.35097071858090473
Knautia_arvensis,-0.765,0.36,Hurdle_zi,T0-T2,NPK,1,T_generation,NA
Knautia_arvensis,-0.765,0.36,Hurdle_zi,T0-T2,NPK,1,age_repro,0.9322894183877876
Knautia_arvensis,-0.765,0.36,Hurdle_zi,T0-T2,NPK,1,percapita_repro,-4.367646677748796
Lactuca_serriola,-1.541,0.509,Hurdle_zi,T0-T2,NPK,1,FirstStepAtt,-2.5276283678174485
Lactuca_serriola,-1.541,0.509,Hurdle_zi,T0-T2,NPK,1,Lambda,NA
Lactuca_serriola,-1.541,0.509,Hurdle_zi,T0-T2,NPK,1,Lmax,0
Lactuca_serriola,-1.541,0.509,Hurdle_zi,T0-T2,NPK,1,Lmean,0
Lactuca_serriola,-1.541,0.509,Hurdle_zi,T0-T2,NPK,1,R0,2.961708269076509
Lactuca_serriola,-1.541,0.509,Hurdle_zi,T0-T2,NPK,1,Reactivity,5.096932718325193
Lactuca_serriola,-1.541,0.509,Hurdle_zi,T0-T2,NPK,1,T_generation,0.08738433516364566
Lactuca_serriola,-1.541,0.509,Hurdle_zi,T0-T2,NPK,1,age_repro,1.2839753424841123
Lactuca_serriola,-1.541,0.509,Hurdle_zi,T0-T2,NPK,1,percapita_repro,7.147653680580111
Linum_catharticum,-1.64,0.418,Hurdle_zi,T0-T2,NPK,1,FirstStepAtt,-3.1953085121694222
Linum_catharticum,-1.64,0.418,Hurdle_zi,T0-T2,NPK,1,Lambda,NA
Linum_catharticum,-1.64,0.418,Hurdle_zi,T0-T2,NPK,1,Lmax,2.0794415416798357
Linum_catharticum,-1.64,0.418,Hurdle_zi,T0-T2,NPK,1,Lmean,0.7715798705141755
Linum_catharticum,-1.64,0.418,Hurdle_zi,T0-T2,NPK,1,R0,1.7942778474769048
Linum_catharticum,-1.64,0.418,Hurdle_zi,T0-T2,NPK,1,Reactivity,3.8165083573910685
Linum_catharticum,-1.64,0.418,Hurdle_zi,T0-T2,NPK,1,T_generation,0.30079171330480015
Linum_catharticum,-1.64,0.418,Hurdle_zi,T0-T2,NPK,1,age_repro,0.7034715243015948
Linum_catharticum,-1.64,0.418,Hurdle_zi,T0-T2,NPK,1,percapita_repro,3.0328521355315146
Myosotis_ramosissima,-1.551,0.508,Hurdle_zi,T0-T2,NPK,1,FirstStepAtt,-3.6870030575668453
Myosotis_ramosissima,-1.551,0.508,Hurdle_zi,T0-T2,NPK,1,Lambda,1.4558843238144925
Myosotis_ramosissima,-1.551,0.508,Hurdle_zi,T0-T2,NPK,1,Lmax,0
Myosotis_ramosissima,-1.551,0.508,Hurdle_zi,T0-T2,NPK,1,Lmean,0
Myosotis_ramosissima,-1.551,0.508,Hurdle_zi,T0-T2,NPK,1,R0,1.3761933951892638
Myosotis_ramosissima,-1.551,0.508,Hurdle_zi,T0-T2,NPK,1,Reactivity,0.48764865977290195
Myosotis_ramosissima,-1.551,0.508,Hurdle_zi,T0-T2,NPK,1,T_generation,0.013734478546359119
Myosotis_ramosissima,-1.551,0.508,Hurdle_zi,T0-T2,NPK,1,age_repro,0.7154702161542037
Myosotis_ramosissima,-1.551,0.508,Hurdle_zi,T0-T2,NPK,1,percapita_repro,1.826732983425593
Picris_hieracioides,-1.04,0.226,Hurdle_zi,T0-T2,NPK,1,FirstStepAtt,-4.012603074068456
Picris_hieracioides,-1.04,0.226,Hurdle_zi,T0-T2,NPK,1,Lambda,0.8846497432296893
Picris_hieracioides,-1.04,0.226,Hurdle_zi,T0-T2,NPK,1,Lmax,0.6931471805599453
Picris_hieracioides,-1.04,0.226,Hurdle_zi,T0-T2,NPK,1,Lmean,0.025497751793431413
Picris_hieracioides,-1.04,0.226,Hurdle_zi,T0-T2,NPK,1,R0,-0.5012341883972119
Picris_hieracioides,-1.04,0.226,Hurdle_zi,T0-T2,NPK,1,Reactivity,5.739334580340471
Picris_hieracioides,-1.04,0.226,Hurdle_zi,T0-T2,NPK,1,T_generation,1.4151934417967624
Picris_hieracioides,-1.04,0.226,Hurdle_zi,T0-T2,NPK,1,age_repro,1.5430234695350933
Picris_hieracioides,-1.04,0.226,Hurdle_zi,T0-T2,NPK,1,percapita_repro,5.616771097666572
Pimpinella_saxifraga,-1.055,0.324,Hurdle_zi,T0-T2,NPK,1,FirstStepAtt,-0.5923077657542147
Pimpinella_saxifraga,-1.055,0.324,Hurdle_zi,T0-T2,NPK,1,Lambda,0.9547406316474248
Pimpinella_saxifraga,-1.055,0.324,Hurdle_zi,T0-T2,NPK,1,Lmax,3.2778313935718644
Pimpinella_saxifraga,-1.055,0.324,Hurdle_zi,T0-T2,NPK,1,Lmean,1.3985454207581605
Pimpinella_saxifraga,-1.055,0.324,Hurdle_zi,T0-T2,NPK,1,R0,-0.7090626241047243
Pimpinella_saxifraga,-1.055,0.324,Hurdle_zi,T0-T2,NPK,1,Reactivity,0.9233752615973371
Pimpinella_saxifraga,-1.055,0.324,Hurdle_zi,T0-T2,NPK,1,T_generation,2.7756138699245225
Pimpinella_saxifraga,-1.055,0.324,Hurdle_zi,T0-T2,NPK,1,age_repro,1.7819632124517442
Pimpinella_saxifraga,-1.055,0.324,Hurdle_zi,T0-T2,NPK,1,percapita_repro,-0.1635626778133
Plantago_coronopus,-0.787,0.263,Hurdle_zi,T0-T2,NPK,1,FirstStepAtt,-1.0607821044920802
Plantago_coronopus,-0.787,0.263,Hurdle_zi,T0-T2,NPK,1,Lambda,0.8883340096307588
Plantago_coronopus,-0.787,0.263,Hurdle_zi,T0-T2,NPK,1,Lmax,1.907994489728227
Plantago_coronopus,-0.787,0.263,Hurdle_zi,T0-T2,NPK,1,Lmean,0.5836315540514999
Plantago_coronopus,-0.787,0.263,Hurdle_zi,T0-T2,NPK,1,R0,-0.7679497099488539
Plantago_coronopus,-0.787,0.263,Hurdle_zi,T0-T2,NPK,1,Reactivity,1.2700917455756844
Plantago_coronopus,-0.787,0.263,Hurdle_zi,T0-T2,NPK,1,T_generation,1.4792349913940708
Plantago_coronopus,-0.787,0.263,Hurdle_zi,T0-T2,NPK,1,age_repro,0.7227032675127357
Plantago_coronopus,-0.787,0.263,Hurdle_zi,T0-T2,NPK,1,percapita_repro,-0.16078899600806454
Plantago_media,-1.239,0.393,Hurdle_zi,T0-T2,NPK,1,FirstStepAtt,-2.5216721506920545
Plantago_media,-1.239,0.393,Hurdle_zi,T0-T2,NPK,1,Lambda,0.9166479924897526
Plantago_media,-1.239,0.393,Hurdle_zi,T0-T2,NPK,1,Lmax,1.7178918965462198
Plantago_media,-1.239,0.393,Hurdle_zi,T0-T2,NPK,1,Lmean,0.240093455091011
Plantago_media,-1.239,0.393,Hurdle_zi,T0-T2,NPK,1,R0,-3.703632943874186
Plantago_media,-1.239,0.393,Hurdle_zi,T0-T2,NPK,1,Reactivity,0.9115891884505661
Plantago_media,-1.239,0.393,Hurdle_zi,T0-T2,NPK,1,T_generation,3.2830740541662764
Plantago_media,-1.239,0.393,Hurdle_zi,T0-T2,NPK,1,age_repro,2.050568331584061
Plantago_media,-1.239,0.393,Hurdle_zi,T0-T2,NPK,1,percapita_repro,0.21247852101489456
Potentilla_recta,-1.506,0.316,Hurdle_zi,T0-T2,NPK,1,FirstStepAtt,-1.2072466251783427
Potentilla_recta,-1.506,0.316,Hurdle_zi,T0-T2,NPK,1,Lambda,1.3233051390988662
Potentilla_recta,-1.506,0.316,Hurdle_zi,T0-T2,NPK,1,Lmax,2.8995463272302633
Potentilla_recta,-1.506,0.316,Hurdle_zi,T0-T2,NPK,1,Lmean,1.114174982541197
Potentilla_recta,-1.506,0.316,Hurdle_zi,T0-T2,NPK,1,R0,-Inf
Potentilla_recta,-1.506,0.316,Hurdle_zi,T0-T2,NPK,1,Reactivity,2.3355670141886495
Potentilla_recta,-1.506,0.316,Hurdle_zi,T0-T2,NPK,1,T_generation,1.1285664763465502
Potentilla_recta,-1.506,0.316,Hurdle_zi,T0-T2,NPK,1,age_repro,1.470241457035962
Potentilla_recta,-1.506,0.316,Hurdle_zi,T0-T2,NPK,1,percapita_repro,5.184136566294191
Primula_elatior,-1.458,0.516,Hurdle_zi,T0-T2,NPK,1,FirstStepAtt,-2.5752591198739894
Primula_elatior,-1.458,0.516,Hurdle_zi,T0-T2,NPK,1,Lambda,1.0243599289476764
Primula_elatior,-1.458,0.516,Hurdle_zi,T0-T2,NPK,1,Lmax,3.078214221499716
Primula_elatior,-1.458,0.516,Hurdle_zi,T0-T2,NPK,1,Lmean,0.9348686606054332
Primula_elatior,-1.458,0.516,Hurdle_zi,T0-T2,NPK,1,R0,-0.1983437887657272
Primula_elatior,-1.458,0.516,Hurdle_zi,T0-T2,NPK,1,Reactivity,1.2375774274497275
Primula_elatior,-1.458,0.516,Hurdle_zi,T0-T2,NPK,1,T_generation,2.774342942782747
Primula_elatior,-1.458,0.516,Hurdle_zi,T0-T2,NPK,1,age_repro,1.5965918444925693
Primula_elatior,-1.458,0.516,Hurdle_zi,T0-T2,NPK,1,percapita_repro,0.6906312588074858
Primula_veris,-1.458,0.413,Hurdle_zi,T0-T2,NPK,1,FirstStepAtt,-3.0996415326914413
Primula_veris,-1.458,0.413,Hurdle_zi,T0-T2,NPK,1,Lambda,0.9177166512186883
Primula_veris,-1.458,0.413,Hurdle_zi,T0-T2,NPK,1,Lmax,1.777554626801171
Primula_veris,-1.458,0.413,Hurdle_zi,T0-T2,NPK,1,Lmean,0.34573408996051475
Primula_veris,-1.458,0.413,Hurdle_zi,T0-T2,NPK,1,R0,-3.531205384831014
Primula_veris,-1.458,0.413,Hurdle_zi,T0-T2,NPK,1,Reactivity,1.8406103144604358
Primula_veris,-1.458,0.413,Hurdle_zi,T0-T2,NPK,1,T_generation,3.266151130174338
Primula_veris,-1.458,0.413,Hurdle_zi,T0-T2,NPK,1,age_repro,2.1007008996065113
Primula_veris,-1.458,0.413,Hurdle_zi,T0-T2,NPK,1,percapita_repro,1.3057574210790406
Ranunculus_acris,-1.579,0.18,Hurdle_zi,T0-T2,NPK,1,FirstStepAtt,-2.223673155588096
Ranunculus_acris,-1.579,0.18,Hurdle_zi,T0-T2,NPK,1,Lambda,1.1474253581153837
Ranunculus_acris,-1.579,0.18,Hurdle_zi,T0-T2,NPK,1,Lmax,1.791759469228055
Ranunculus_acris,-1.579,0.18,Hurdle_zi,T0-T2,NPK,1,Lmean,0.2694368352850546
Ranunculus_acris,-1.579,0.18,Hurdle_zi,T0-T2,NPK,1,R0,0.4291243489821683
Ranunculus_acris,-1.579,0.18,Hurdle_zi,T0-T2,NPK,1,Reactivity,1.8978523971700296
Ranunculus_acris,-1.579,0.18,Hurdle_zi,T0-T2,NPK,1,T_generation,1.3335494740785472
Ranunculus_acris,-1.579,0.18,Hurdle_zi,T0-T2,NPK,1,age_repro,1.1167312512505851
Ranunculus_acris,-1.579,0.18,Hurdle_zi,T0-T2,NPK,1,percapita_repro,1.9401794743463283
Sphaeralcea_coccinea,-1.512,0.346,Hurdle_zi,T0-T2,NPK,1,FirstStepAtt,-0.021668930362796438
Sphaeralcea_coccinea,-1.512,0.346,Hurdle_zi,T0-T2,NPK,1,Lambda,0.9140916052986946
Sphaeralcea_coccinea,-1.512,0.346,Hurdle_zi,T0-T2,NPK,1,Lmax,1.1291966833851346
Sphaeralcea_coccinea,-1.512,0.346,Hurdle_zi,T0-T2,NPK,1,Lmean,0.18479959171993668
Sphaeralcea_coccinea,-1.512,0.346,Hurdle_zi,T0-T2,NPK,1,R0,-0.1631566065473073
Sphaeralcea_coccinea,-1.512,0.346,Hurdle_zi,T0-T2,NPK,1,Reactivity,0.06479482429602482
Sphaeralcea_coccinea,-1.512,0.346,Hurdle_zi,T0-T2,NPK,1,T_generation,0.24224692726379177
Sphaeralcea_coccinea,-1.512,0.346,Hurdle_zi,T0-T2,NPK,1,age_repro,0
Sphaeralcea_coccinea,-1.512,0.346,Hurdle_zi,T0-T2,NPK,1,percapita_repro,-0.347956198267244
Stenaria_nigricans,-1.077,0.339,Hurdle_zi,T0-T2,NPK,1,FirstStepAtt,-0.001506241946231945
Stenaria_nigricans,-1.077,0.339,Hurdle_zi,T0-T2,NPK,1,Lambda,0.9901413361648121
Stenaria_nigricans,-1.077,0.339,Hurdle_zi,T0-T2,NPK,1,Lmax,0.8841014310483891
Stenaria_nigricans,-1.077,0.339,Hurdle_zi,T0-T2,NPK,1,Lmean,0.1061701762787086
Stenaria_nigricans,-1.077,0.339,Hurdle_zi,T0-T2,NPK,1,R0,0.21085254589803137
Stenaria_nigricans,-1.077,0.339,Hurdle_zi,T0-T2,NPK,1,Reactivity,0.009202684809058356
Stenaria_nigricans,-1.077,0.339,Hurdle_zi,T0-T2,NPK,1,T_generation,0.10216634557653173
Stenaria_nigricans,-1.077,0.339,Hurdle_zi,T0-T2,NPK,1,age_repro,0
Stenaria_nigricans,-1.077,0.339,Hurdle_zi,T0-T2,NPK,1,percapita_repro,0.10468236961932272
Taraxacum_campylodes,-1.692,0.364,Hurdle_zi,T0-T2,NPK,1,FirstStepAtt,-2.3531148413315983
Taraxacum_campylodes,-1.692,0.364,Hurdle_zi,T0-T2,NPK,1,Lambda,0.08041791145870329
Taraxacum_campylodes,-1.692,0.364,Hurdle_zi,T0-T2,NPK,1,Lmax,0.5493061443340549
Taraxacum_campylodes,-1.692,0.364,Hurdle_zi,T0-T2,NPK,1,Lmean,0.06773896227809098
Taraxacum_campylodes,-1.692,0.364,Hurdle_zi,T0-T2,NPK,1,R0,-Inf
Taraxacum_campylodes,-1.692,0.364,Hurdle_zi,T0-T2,NPK,1,Reactivity,2.4046693226371185
Taraxacum_campylodes,-1.692,0.364,Hurdle_zi,T0-T2,NPK,1,T_generation,NA
Taraxacum_campylodes,-1.692,0.364,Hurdle_zi,T0-T2,NPK,1,age_repro,0
Taraxacum_campylodes,-1.692,0.364,Hurdle_zi,T0-T2,NPK,1,percapita_repro,-11.213549524439351
Thymus_vulgaris,-1.265,0.43,Hurdle_zi,T0-T2,NPK,1,FirstStepAtt,-0.005866973847378982
Thymus_vulgaris,-1.265,0.43,Hurdle_zi,T0-T2,NPK,1,Lambda,0.9926751959162854
Thymus_vulgaris,-1.265,0.43,Hurdle_zi,T0-T2,NPK,1,Lmax,5.964961904446033
Thymus_vulgaris,-1.265,0.43,Hurdle_zi,T0-T2,NPK,1,Lmean,4.459892288650257
Thymus_vulgaris,-1.265,0.43,Hurdle_zi,T0-T2,NPK,1,R0,-1.07189733945768
Thymus_vulgaris,-1.265,0.43,Hurdle_zi,T0-T2,NPK,1,Reactivity,0.010349758754626258
Thymus_vulgaris,-1.265,0.43,Hurdle_zi,T0-T2,NPK,1,T_generation,NA
Thymus_vulgaris,-1.265,0.43,Hurdle_zi,T0-T2,NPK,1,age_repro,NA
Thymus_vulgaris,-1.265,0.43,Hurdle_zi,T0-T2,NPK,1,percapita_repro,-5.143380039347928
Verbascum_thapsus,-1.414,0.424,Hurdle_zi,T0-T2,NPK,1,FirstStepAtt,-4.012613096092431
Verbascum_thapsus,-1.414,0.424,Hurdle_zi,T0-T2,NPK,1,Lambda,NA
Verbascum_thapsus,-1.414,0.424,Hurdle_zi,T0-T2,NPK,1,Lmax,0.6931471805599453
Verbascum_thapsus,-1.414,0.424,Hurdle_zi,T0-T2,NPK,1,Lmean,0.05129369438747054
Verbascum_thapsus,-1.414,0.424,Hurdle_zi,T0-T2,NPK,1,R0,3.381715911075376
Verbascum_thapsus,-1.414,0.424,Hurdle_zi,T0-T2,NPK,1,Reactivity,NA
Verbascum_thapsus,-1.414,0.424,Hurdle_zi,T0-T2,NPK,1,T_generation,0.7764348966557838
Verbascum_thapsus,-1.414,0.424,Hurdle_zi,T0-T2,NPK,1,age_repro,2.5523449856956373
Verbascum_thapsus,-1.414,0.424,Hurdle_zi,T0-T2,NPK,1,percapita_repro,NA
Veronica_arvensis,-1.9,0.228,Hurdle_zi,T0-T2,NPK,1,FirstStepAtt,-1.3609972168245543
Veronica_arvensis,-1.9,0.228,Hurdle_zi,T0-T2,NPK,1,Lambda,1.0575348190993947
Veronica_arvensis,-1.9,0.228,Hurdle_zi,T0-T2,NPK,1,Lmax,0.12924850454918937
Veronica_arvensis,-1.9,0.228,Hurdle_zi,T0-T2,NPK,1,Lmean,0.05244694819316372
Veronica_arvensis,-1.9,0.228,Hurdle_zi,T0-T2,NPK,1,R0,-0.014999404757933873
Veronica_arvensis,-1.9,0.228,Hurdle_zi,T0-T2,NPK,1,Reactivity,1.7913324339405632
Veronica_arvensis,-1.9,0.228,Hurdle_zi,T0-T2,NPK,1,T_generation,0.4178504962611216
Veronica_arvensis,-1.9,0.228,Hurdle_zi,T0-T2,NPK,1,age_repro,0.8907769885320955
Veronica_arvensis,-1.9,0.228,Hurdle_zi,T0-T2,NPK,1,percapita_repro,1.8152156216155975
Acer_saccharum,-2.752,0.491,Ordbeta,T0-T2,NPK,1,FirstStepAtt,-0.13633162397836548
Acer_saccharum,-2.752,0.491,Ordbeta,T0-T2,NPK,1,Lambda,1.7751478346888432
Acer_saccharum,-2.752,0.491,Ordbeta,T0-T2,NPK,1,Lmax,5.5871025137026376
Acer_saccharum,-2.752,0.491,Ordbeta,T0-T2,NPK,1,Lmean,5.240241348413525
Acer_saccharum,-2.752,0.491,Ordbeta,T0-T2,NPK,1,R0,6.4970270462927875
Acer_saccharum,-2.752,0.491,Ordbeta,T0-T2,NPK,1,Reactivity,0.11239532885872881
Acer_saccharum,-2.752,0.491,Ordbeta,T0-T2,NPK,1,T_generation,1.6297372686170404
Acer_saccharum,-2.752,0.491,Ordbeta,T0-T2,NPK,1,age_repro,2.5048380603456604
Acer_saccharum,-2.752,0.491,Ordbeta,T0-T2,NPK,1,percapita_repro,-0.15190606423970499
Agrimonia_eupatoria,-2.496,0.266,Ordbeta,T0-T2,NPK,1,FirstStepAtt,-0.40426778811109665
Agrimonia_eupatoria,-2.496,0.266,Ordbeta,T0-T2,NPK,1,Lambda,0.99064442494128635
Agrimonia_eupatoria,-2.496,0.266,Ordbeta,T0-T2,NPK,1,Lmax,4.5330412476880015
Agrimonia_eupatoria,-2.496,0.266,Ordbeta,T0-T2,NPK,1,Lmean,2.276623485281897
Agrimonia_eupatoria,-2.496,0.266,Ordbeta,T0-T2,NPK,1,R0,-0.3812702083300579
Agrimonia_eupatoria,-2.496,0.266,Ordbeta,T0-T2,NPK,1,Reactivity,0.19207496843703886
Agrimonia_eupatoria,-2.496,0.266,Ordbeta,T0-T2,NPK,1,T_generation,3.6207086258222287
Agrimonia_eupatoria,-2.496,0.266,Ordbeta,T0-T2,NPK,1,age_repro,2.087394345070076
Agrimonia_eupatoria,-2.496,0.266,Ordbeta,T0-T2,NPK,1,percapita_repro,-1.5661843426366495
Allium_vineale,-2.639,0.432,Ordbeta,T0-T2,NPK,1,FirstStepAtt,-2.036030904211625
Allium_vineale,-2.639,0.432,Ordbeta,T0-T2,NPK,1,Lambda,1.170906773884173
Allium_vineale,-2.639,0.432,Ordbeta,T0-T2,NPK,1,Lmax,1.0986122886681098
Allium_vineale,-2.639,0.432,Ordbeta,T0-T2,NPK,1,Lmean,0.16647352389668973
Allium_vineale,-2.639,0.432,Ordbeta,T0-T2,NPK,1,R0,0.3408368280021561
Allium_vineale,-2.639,0.432,Ordbeta,T0-T2,NPK,1,Reactivity,2.1940830508207325
Allium_vineale,-2.639,0.432,Ordbeta,T0-T2,NPK,1,T_generation,0.7635325690826141
Allium_vineale,-2.639,0.432,Ordbeta,T0-T2,NPK,1,age_repro,1.2000990079409088
Allium_vineale,-2.639,0.432,Ordbeta,T0-T2,NPK,1,percapita_repro,2.3368650630604555
Andropogon_gerardii,-0.922,0.269,Ordbeta,T0-T2,NPK,1,FirstStepAtt,-1.1908608264270113
Andropogon_gerardii,-0.922,0.269,Ordbeta,T0-T2,NPK,1,Lambda,1.50587325216984
Andropogon_gerardii,-0.922,0.269,Ordbeta,T0-T2,NPK,1,Lmax,1.764891121214301
Andropogon_gerardii,-0.922,0.269,Ordbeta,T0-T2,NPK,1,Lmean,0.6723210807858808
Andropogon_gerardii,-0.922,0.269,Ordbeta,T0-T2,NPK,1,R0,0.8354773555720532
Andropogon_gerardii,-0.922,0.269,Ordbeta,T0-T2,NPK,1,Reactivity,1.7926841280473305
Andropogon_gerardii,-0.922,0.269,Ordbeta,T0-T2,NPK,1,T_generation,0.7395193223181741
Andropogon_gerardii,-0.922,0.269,Ordbeta,T0-T2,NPK,1,age_repro,0.7862530575220442
Andropogon_gerardii,-0.922,0.269,Ordbeta,T0-T2,NPK,1,percapita_repro,2.0924307697315556
Arenaria_serpyllifolia,-2.625,0.288,Ordbeta,T0-T2,NPK,1,FirstStepAtt,-2.2176497264357233
Arenaria_serpyllifolia,-2.625,0.288,Ordbeta,T0-T2,NPK,1,Lambda,0.860684361881849
Arenaria_serpyllifolia,-2.625,0.288,Ordbeta,T0-T2,NPK,1,Lmax,0
Arenaria_serpyllifolia,-2.625,0.288,Ordbeta,T0-T2,NPK,1,Lmean,0
Arenaria_serpyllifolia,-2.625,0.288,Ordbeta,T0-T2,NPK,1,R0,0.13128547046852534
Arenaria_serpyllifolia,-2.625,0.288,Ordbeta,T0-T2,NPK,1,Reactivity,2.5929750386335604
Arenaria_serpyllifolia,-2.625,0.288,Ordbeta,T0-T2,NPK,1,T_generation,0.16988583066600282
Arenaria_serpyllifolia,-2.625,0.288,Ordbeta,T0-T2,NPK,1,age_repro,0.8303384136066279
Arenaria_serpyllifolia,-2.625,0.288,Ordbeta,T0-T2,NPK,1,percapita_repro,2.639396025140823
Armeria_maritima,-2.83,0.344,Ordbeta,T0-T2,NPK,1,FirstStepAtt,-2.2414258727445255
Armeria_maritima,-2.83,0.344,Ordbeta,T0-T2,NPK,1,Lambda,1.458043853064239
Armeria_maritima,-2.83,0.344,Ordbeta,T0-T2,NPK,1,Lmax,2.995732273553991
Armeria_maritima,-2.83,0.344,Ordbeta,T0-T2,NPK,1,Lmean,0.6122577291406874
Armeria_maritima,-2.83,0.344,Ordbeta,T0-T2,NPK,1,R0,4.445083646052526
Armeria_maritima,-2.83,0.344,Ordbeta,T0-T2,NPK,1,Reactivity,5.495776723555247
Armeria_maritima,-2.83,0.344,Ordbeta,T0-T2,NPK,1,T_generation,2.099604255961898
Armeria_maritima,-2.83,0.344,Ordbeta,T0-T2,NPK,1,age_repro,1.5255005163472148
Armeria_maritima,-2.83,0.344,Ordbeta,T0-T2,NPK,1,percapita_repro,3.617282020171661
Centaurea_jacea,-2.475,0.263,Ordbeta,T0-T2,NPK,1,FirstStepAtt,-0.6368104471974831
Centaurea_jacea,-2.475,0.263,Ordbeta,T0-T2,NPK,1,Lambda,0.9157150879324936
Centaurea_jacea,-2.475,0.263,Ordbeta,T0-T2,NPK,1,Lmax,2.4003251984703664
Centaurea_jacea,-2.475,0.263,Ordbeta,T0-T2,NPK,1,Lmean,1.3722715793325009
Centaurea_jacea,-2.475,0.263,Ordbeta,T0-T2,NPK,1,R0,-3.4842742317189583
Centaurea_jacea,-2.475,0.263,Ordbeta,T0-T2,NPK,1,Reactivity,0.41685764138114395
Centaurea_jacea,-2.475,0.263,Ordbeta,T0-T2,NPK,1,T_generation,2.978872381362829
Centaurea_jacea,-2.475,0.263,Ordbeta,T0-T2,NPK,1,age_repro,1.6363011514297372
Centaurea_jacea,-2.475,0.263,Ordbeta,T0-T2,NPK,1,percapita_repro,-1.7828083742933423
Cerastium_fontanum,-2.926,0.16,Ordbeta,T0-T2,NPK,1,FirstStepAtt,-2.696031853083466
Cerastium_fontanum,-2.926,0.16,Ordbeta,T0-T2,NPK,1,Lambda,NA
Cerastium_fontanum,-2.926,0.16,Ordbeta,T0-T2,NPK,1,Lmax,0
Cerastium_fontanum,-2.926,0.16,Ordbeta,T0-T2,NPK,1,Lmean,0
Cerastium_fontanum,-2.926,0.16,Ordbeta,T0-T2,NPK,1,R0,1.5184623246973081
Cerastium_fontanum,-2.926,0.16,Ordbeta,T0-T2,NPK,1,Reactivity,3.027270925563423
Cerastium_fontanum,-2.926,0.16,Ordbeta,T0-T2,NPK,1,T_generation,0.005048904923272251
Cerastium_fontanum,-2.926,0.16,Ordbeta,T0-T2,NPK,1,age_repro,0.8873031950009029
Cerastium_fontanum,-2.926,0.16,Ordbeta,T0-T2,NPK,1,percapita_repro,4.522657764413627
Cirsium_arvense,-2.384,0.18,Ordbeta,T0-T2,NPK,1,FirstStepAtt,-3.3290015249469986
Cirsium_arvense,-2.384,0.18,Ordbeta,T0-T2,NPK,1,Lambda,NA
Cirsium_arvense,-2.384,0.18,Ordbeta,T0-T2,NPK,1,Lmax,1.0986122886681098
Cirsium_arvense,-2.384,0.18,Ordbeta,T0-T2,NPK,1,Lmean,0.1699960817758222
Cirsium_arvense,-2.384,0.18,Ordbeta,T0-T2,NPK,1,R0,3.228914980534981
Cirsium_arvense,-2.384,0.18,Ordbeta,T0-T2,NPK,1,Reactivity,4.0664130997692896
Cirsium_arvense,-2.384,0.18,Ordbeta,T0-T2,NPK,1,T_generation,0.7703612247372394
Cirsium_arvense,-2.384,0.18,Ordbeta,T0-T2,NPK,1,age_repro,1.162546762671639
Cirsium_arvense,-2.384,0.18,Ordbeta,T0-T2,NPK,1,percapita_repro,5.427985054670073
Cirsium_palustre,-2.787,0.488,Ordbeta,T0-T2,NPK,1,FirstStepAtt,-2.5937654771378247
Cirsium_palustre,-2.787,0.488,Ordbeta,T0-T2,NPK,1,Lambda,1.4428002172428838
Cirsium_palustre,-2.787,0.488,Ordbeta,T0-T2,NPK,1,Lmax,1.5273118956910914
Cirsium_palustre,-2.787,0.488,Ordbeta,T0-T2,NPK,1,Lmean,0.20135107219302092
Cirsium_palustre,-2.787,0.488,Ordbeta,T0-T2,NPK,1,R0,1.2807231364002392
Cirsium_palustre,-2.787,0.488,Ordbeta,T0-T2,NPK,1,Reactivity,4.898747288058175
Cirsium_palustre,-2.787,0.488,Ordbeta,T0-T2,NPK,1,T_generation,1.2255759905166659
Cirsium_palustre,-2.787,0.488,Ordbeta,T0-T2,NPK,1,age_repro,1.534647496889771
Cirsium_palustre,-2.787,0.488,Ordbeta,T0-T2,NPK,1,percapita_repro,4.957313127808717
Cirsium_vulgare,-2.623,0.41,Ordbeta,T0-T2,NPK,1,FirstStepAtt,-3.1910655226282234
Cirsium_vulgare,-2.623,0.41,Ordbeta,T0-T2,NPK,1,Lambda,0.7844344795818798
Cirsium_vulgare,-2.623,0.41,Ordbeta,T0-T2,NPK,1,Lmax,1.507973248367974
Cirsium_vulgare,-2.623,0.41,Ordbeta,T0-T2,NPK,1,Lmean,0.3479988332516422
Cirsium_vulgare,-2.623,0.41,Ordbeta,T0-T2,NPK,1,R0,-1.420279247517773
Cirsium_vulgare,-2.623,0.41,Ordbeta,T0-T2,NPK,1,Reactivity,2.641485998869525
Cirsium_vulgare,-2.623,0.41,Ordbeta,T0-T2,NPK,1,T_generation,1.4828783988333107
Cirsium_vulgare,-2.623,0.41,Ordbeta,T0-T2,NPK,1,age_repro,0.9323966804077027
Cirsium_vulgare,-2.623,0.41,Ordbeta,T0-T2,NPK,1,percapita_repro,1.89963041219607
Daucus_carota,-2.546,0.219,Ordbeta,T0-T2,NPK,1,FirstStepAtt,-4.040610337013186
Daucus_carota,-2.546,0.219,Ordbeta,T0-T2,NPK,1,Lambda,1.7161044748521754
Daucus_carota,-2.546,0.219,Ordbeta,T0-T2,NPK,1,Lmax,1.0986122886681098
Daucus_carota,-2.546,0.219,Ordbeta,T0-T2,NPK,1,Lmean,0.31834252276646996
Daucus_carota,-2.546,0.219,Ordbeta,T0-T2,NPK,1,R0,1.8196701629274532
Daucus_carota,-2.546,0.219,Ordbeta,T0-T2,NPK,1,Reactivity,NA
Daucus_carota,-2.546,0.219,Ordbeta,T0-T2,NPK,1,T_generation,1.189773196967312
Daucus_carota,-2.546,0.219,Ordbeta,T0-T2,NPK,1,age_repro,1.431272611901774
Daucus_carota,-2.546,0.219,Ordbeta,T0-T2,NPK,1,percapita_repro,NA
Echium_vulgare,-2.493,0.333,Ordbeta,T0-T2,NPK,1,FirstStepAtt,-1.4808281568478858
Echium_vulgare,-2.493,0.333,Ordbeta,T0-T2,NPK,1,Lambda,1.54759800300862
Echium_vulgare,-2.493,0.333,Ordbeta,T0-T2,NPK,1,Lmax,1.3862943611198906
Echium_vulgare,-2.493,0.333,Ordbeta,T0-T2,NPK,1,Lmean,0.5010758488001458
Echium_vulgare,-2.493,0.333,Ordbeta,T0-T2,NPK,1,R0,1.6034012709220467
Echium_vulgare,-2.493,0.333,Ordbeta,T0-T2,NPK,1,Reactivity,3.2663741200499037
Echium_vulgare,-2.493,0.333,Ordbeta,T0-T2,NPK,1,T_generation,1.287139504575711
Echium_vulgare,-2.493,0.333,Ordbeta,T0-T2,NPK,1,age_repro,1.3132909952863716
Echium_vulgare,-2.493,0.333,Ordbeta,T0-T2,NPK,1,percapita_repro,3.7030781735137492
Elymus_repens,-2.286,0.16,Ordbeta,T0-T2,NPK,1,FirstStepAtt,-19.608981934788076
Elymus_repens,-2.286,0.16,Ordbeta,T0-T2,NPK,1,Lambda,NA
Elymus_repens,-2.286,0.16,Ordbeta,T0-T2,NPK,1,Lmax,0.6931471805599453
Elymus_repens,-2.286,0.16,Ordbeta,T0-T2,NPK,1,Lmean,0.34830572665687204
Elymus_repens,-2.286,0.16,Ordbeta,T0-T2,NPK,1,R0,4.306802628082906
Elymus_repens,-2.286,0.16,Ordbeta,T0-T2,NPK,1,Reactivity,NA
Elymus_repens,-2.286,0.16,Ordbeta,T0-T2,NPK,1,T_generation,0.00771453240913415
Elymus_repens,-2.286,0.16,Ordbeta,T0-T2,NPK,1,age_repro,0
Elymus_repens,-2.286,0.16,Ordbeta,T0-T2,NPK,1,percapita_repro,-5.74205469871386
Erigeron_canadensis,-2.851,0.285,Ordbeta,T0-T2,NPK,1,FirstStepAtt,-2.9940372183428647
Erigeron_canadensis,-2.851,0.285,Ordbeta,T0-T2,NPK,1,Lambda,NA
Erigeron_canadensis,-2.851,0.285,Ordbeta,T0-T2,NPK,1,Lmax,0
Erigeron_canadensis,-2.851,0.285,Ordbeta,T0-T2,NPK,1,Lmean,0
Erigeron_canadensis,-2.851,0.285,Ordbeta,T0-T2,NPK,1,R0,2.750423016465953
Erigeron_canadensis,-2.851,0.285,Ordbeta,T0-T2,NPK,1,Reactivity,3.7256901124743216
Erigeron_canadensis,-2.851,0.285,Ordbeta,T0-T2,NPK,1,T_generation,0.1300250884192771
Erigeron_canadensis,-2.851,0.285,Ordbeta,T0-T2,NPK,1,age_repro,0.9159908368351705
Erigeron_canadensis,-2.851,0.285,Ordbeta,T0-T2,NPK,1,percapita_repro,5.684089841310465
Knautia_arvensis,-1.975,0.358,Ordbeta,T0-T2,NPK,1,FirstStepAtt,-2.956373754274904
Knautia_arvensis,-1.975,0.358,Ordbeta,T0-T2,NPK,1,Lambda,0.30764990872892994
Knautia_arvensis,-1.975,0.358,Ordbeta,T0-T2,NPK,1,Lmax,0.6931471805599453
Knautia_arvensis,-1.975,0.358,Ordbeta,T0-T2,NPK,1,Lmean,0.022139719151234638
Knautia_arvensis,-1.975,0.358,Ordbeta,T0-T2,NPK,1,R0,-9.95071325619903
Knautia_arvensis,-1.975,0.358,Ordbeta,T0-T2,NPK,1,Reactivity,0.35097071858090473
Knautia_arvensis,-1.975,0.358,Ordbeta,T0-T2,NPK,1,T_generation,NA
Knautia_arvensis,-1.975,0.358,Ordbeta,T0-T2,NPK,1,age_repro,0.9322894183877876
Knautia_arvensis,-1.975,0.358,Ordbeta,T0-T2,NPK,1,percapita_repro,-4.367646677748796
Lactuca_serriola,-2.752,0.492,Ordbeta,T0-T2,NPK,1,FirstStepAtt,-2.5276283678174485
Lactuca_serriola,-2.752,0.492,Ordbeta,T0-T2,NPK,1,Lambda,NA
Lactuca_serriola,-2.752,0.492,Ordbeta,T0-T2,NPK,1,Lmax,0
Lactuca_serriola,-2.752,0.492,Ordbeta,T0-T2,NPK,1,Lmean,0
Lactuca_serriola,-2.752,0.492,Ordbeta,T0-T2,NPK,1,R0,2.961708269076509
Lactuca_serriola,-2.752,0.492,Ordbeta,T0-T2,NPK,1,Reactivity,5.096932718325193
Lactuca_serriola,-2.752,0.492,Ordbeta,T0-T2,NPK,1,T_generation,0.08738433516364566
Lactuca_serriola,-2.752,0.492,Ordbeta,T0-T2,NPK,1,age_repro,1.2839753424841123
Lactuca_serriola,-2.752,0.492,Ordbeta,T0-T2,NPK,1,percapita_repro,7.147653680580111
Linum_catharticum,-2.919,0.401,Ordbeta,T0-T2,NPK,1,FirstStepAtt,-3.1953085121694222
Linum_catharticum,-2.919,0.401,Ordbeta,T0-T2,NPK,1,Lambda,NA
Linum_catharticum,-2.919,0.401,Ordbeta,T0-T2,NPK,1,Lmax,2.0794415416798357
Linum_catharticum,-2.919,0.401,Ordbeta,T0-T2,NPK,1,Lmean,0.7715798705141755
Linum_catharticum,-2.919,0.401,Ordbeta,T0-T2,NPK,1,R0,1.7942778474769048
Linum_catharticum,-2.919,0.401,Ordbeta,T0-T2,NPK,1,Reactivity,3.8165083573910685
Linum_catharticum,-2.919,0.401,Ordbeta,T0-T2,NPK,1,T_generation,0.30079171330480015
Linum_catharticum,-2.919,0.401,Ordbeta,T0-T2,NPK,1,age_repro,0.7034715243015948
Linum_catharticum,-2.919,0.401,Ordbeta,T0-T2,NPK,1,percapita_repro,3.0328521355315146
Myosotis_ramosissima,-2.624,0.489,Ordbeta,T0-T2,NPK,1,FirstStepAtt,-3.6870030575668453
Myosotis_ramosissima,-2.624,0.489,Ordbeta,T0-T2,NPK,1,Lambda,1.4558843238144925
Myosotis_ramosissima,-2.624,0.489,Ordbeta,T0-T2,NPK,1,Lmax,0
Myosotis_ramosissima,-2.624,0.489,Ordbeta,T0-T2,NPK,1,Lmean,0
Myosotis_ramosissima,-2.624,0.489,Ordbeta,T0-T2,NPK,1,R0,1.3761933951892638
Myosotis_ramosissima,-2.624,0.489,Ordbeta,T0-T2,NPK,1,Reactivity,0.48764865977290195
Myosotis_ramosissima,-2.624,0.489,Ordbeta,T0-T2,NPK,1,T_generation,0.013734478546359119
Myosotis_ramosissima,-2.624,0.489,Ordbeta,T0-T2,NPK,1,age_repro,0.7154702161542037
Myosotis_ramosissima,-2.624,0.489,Ordbeta,T0-T2,NPK,1,percapita_repro,1.826732983425593
Picris_hieracioides,-2.07,0.216,Ordbeta,T0-T2,NPK,1,FirstStepAtt,-4.012603074068456
Picris_hieracioides,-2.07,0.216,Ordbeta,T0-T2,NPK,1,Lambda,0.8846497432296893
Picris_hieracioides,-2.07,0.216,Ordbeta,T0-T2,NPK,1,Lmax,0.6931471805599453
Picris_hieracioides,-2.07,0.216,Ordbeta,T0-T2,NPK,1,Lmean,0.025497751793431413
Picris_hieracioides,-2.07,0.216,Ordbeta,T0-T2,NPK,1,R0,-0.5012341883972119
Picris_hieracioides,-2.07,0.216,Ordbeta,T0-T2,NPK,1,Reactivity,5.739334580340471
Picris_hieracioides,-2.07,0.216,Ordbeta,T0-T2,NPK,1,T_generation,1.4151934417967624
Picris_hieracioides,-2.07,0.216,Ordbeta,T0-T2,NPK,1,age_repro,1.5430234695350933
Picris_hieracioides,-2.07,0.216,Ordbeta,T0-T2,NPK,1,percapita_repro,5.616771097666572
Pimpinella_saxifraga,-2.119,0.312,Ordbeta,T0-T2,NPK,1,FirstStepAtt,-0.5923077657542147
Pimpinella_saxifraga,-2.119,0.312,Ordbeta,T0-T2,NPK,1,Lambda,0.9547406316474248
Pimpinella_saxifraga,-2.119,0.312,Ordbeta,T0-T2,NPK,1,Lmax,3.2778313935718644
Pimpinella_saxifraga,-2.119,0.312,Ordbeta,T0-T2,NPK,1,Lmean,1.3985454207581605
Pimpinella_saxifraga,-2.119,0.312,Ordbeta,T0-T2,NPK,1,R0,-0.7090626241047243
Pimpinella_saxifraga,-2.119,0.312,Ordbeta,T0-T2,NPK,1,Reactivity,0.9233752615973371
Pimpinella_saxifraga,-2.119,0.312,Ordbeta,T0-T2,NPK,1,T_generation,2.7756138699245225
Pimpinella_saxifraga,-2.119,0.312,Ordbeta,T0-T2,NPK,1,age_repro,1.7819632124517442
Pimpinella_saxifraga,-2.119,0.312,Ordbeta,T0-T2,NPK,1,percapita_repro,-0.1635626778133
Plantago_coronopus,-2.015,0.26,Ordbeta,T0-T2,NPK,1,FirstStepAtt,-1.0607821044920802
Plantago_coronopus,-2.015,0.26,Ordbeta,T0-T2,NPK,1,Lambda,0.8883340096307588
Plantago_coronopus,-2.015,0.26,Ordbeta,T0-T2,NPK,1,Lmax,1.907994489728227
Plantago_coronopus,-2.015,0.26,Ordbeta,T0-T2,NPK,1,Lmean,0.5836315540514999
Plantago_coronopus,-2.015,0.26,Ordbeta,T0-T2,NPK,1,R0,-0.7679497099488539
Plantago_coronopus,-2.015,0.26,Ordbeta,T0-T2,NPK,1,Reactivity,1.2700917455756844
Plantago_coronopus,-2.015,0.26,Ordbeta,T0-T2,NPK,1,T_generation,1.4792349913940708
Plantago_coronopus,-2.015,0.26,Ordbeta,T0-T2,NPK,1,age_repro,0.7227032675127357
Plantago_coronopus,-2.015,0.26,Ordbeta,T0-T2,NPK,1,percapita_repro,-0.16078899600806454
Plantago_media,-2.673,0.388,Ordbeta,T0-T2,NPK,1,FirstStepAtt,-2.5216721506920545
Plantago_media,-2.673,0.388,Ordbeta,T0-T2,NPK,1,Lambda,0.9166479924897526
Plantago_media,-2.673,0.388,Ordbeta,T0-T2,NPK,1,Lmax,1.7178918965462198
Plantago_media,-2.673,0.388,Ordbeta,T0-T2,NPK,1,Lmean,0.240093455091011
Plantago_media,-2.673,0.388,Ordbeta,T0-T2,NPK,1,R0,-3.703632943874186
Plantago_media,-2.673,0.388,Ordbeta,T0-T2,NPK,1,Reactivity,0.9115891884505661
Plantago_media,-2.673,0.388,Ordbeta,T0-T2,NPK,1,T_generation,3.2830740541662764
Plantago_media,-2.673,0.388,Ordbeta,T0-T2,NPK,1,age_repro,2.050568331584061
Plantago_media,-2.673,0.388,Ordbeta,T0-T2,NPK,1,percapita_repro,0.21247852101489456
Potentilla_recta,-2.681,0.301,Ordbeta,T0-T2,NPK,1,FirstStepAtt,-1.2072466251783427
Potentilla_recta,-2.681,0.301,Ordbeta,T0-T2,NPK,1,Lambda,1.3233051390988662
Potentilla_recta,-2.681,0.301,Ordbeta,T0-T2,NPK,1,Lmax,2.8995463272302633
Potentilla_recta,-2.681,0.301,Ordbeta,T0-T2,NPK,1,Lmean,1.114174982541197
Potentilla_recta,-2.681,0.301,Ordbeta,T0-T2,NPK,1,R0,-Inf
Potentilla_recta,-2.681,0.301,Ordbeta,T0-T2,NPK,1,Reactivity,2.3355670141886495
Potentilla_recta,-2.681,0.301,Ordbeta,T0-T2,NPK,1,T_generation,1.1285664763465502
Potentilla_recta,-2.681,0.301,Ordbeta,T0-T2,NPK,1,age_repro,1.470241457035962
Potentilla_recta,-2.681,0.301,Ordbeta,T0-T2,NPK,1,percapita_repro,5.184136566294191
Primula_elatior,-2.535,0.496,Ordbeta,T0-T2,NPK,1,FirstStepAtt,-2.5752591198739894
Primula_elatior,-2.535,0.496,Ordbeta,T0-T2,NPK,1,Lambda,1.0243599289476764
Primula_elatior,-2.535,0.496,Ordbeta,T0-T2,NPK,1,Lmax,3.078214221499716
Primula_elatior,-2.535,0.496,Ordbeta,T0-T2,NPK,1,Lmean,0.9348686606054332
Primula_elatior,-2.535,0.496,Ordbeta,T0-T2,NPK,1,R0,-0.1983437887657272
Primula_elatior,-2.535,0.496,Ordbeta,T0-T2,NPK,1,Reactivity,1.2375774274497275
Primula_elatior,-2.535,0.496,Ordbeta,T0-T2,NPK,1,T_generation,2.774342942782747
Primula_elatior,-2.535,0.496,Ordbeta,T0-T2,NPK,1,age_repro,1.5965918444925693
Primula_elatior,-2.535,0.496,Ordbeta,T0-T2,NPK,1,percapita_repro,0.6906312588074858
Primula_veris,-2.492,0.391,Ordbeta,T0-T2,NPK,1,FirstStepAtt,-3.0996415326914413
Primula_veris,-2.492,0.391,Ordbeta,T0-T2,NPK,1,Lambda,0.9177166512186883
Primula_veris,-2.492,0.391,Ordbeta,T0-T2,NPK,1,Lmax,1.777554626801171
Primula_veris,-2.492,0.391,Ordbeta,T0-T2,NPK,1,Lmean,0.34573408996051475
Primula_veris,-2.492,0.391,Ordbeta,T0-T2,NPK,1,R0,-3.531205384831014
Primula_veris,-2.492,0.391,Ordbeta,T0-T2,NPK,1,Reactivity,1.8406103144604358
Primula_veris,-2.492,0.391,Ordbeta,T0-T2,NPK,1,T_generation,3.266151130174338
Primula_veris,-2.492,0.391,Ordbeta,T0-T2,NPK,1,age_repro,2.1007008996065113
Primula_veris,-2.492,0.391,Ordbeta,T0-T2,NPK,1,percapita_repro,1.3057574210790406
Ranunculus_acris,-2.698,0.166,Ordbeta,T0-T2,NPK,1,FirstStepAtt,-2.223673155588096
Ranunculus_acris,-2.698,0.166,Ordbeta,T0-T2,NPK,1,Lambda,1.1474253581153837
Ranunculus_acris,-2.698,0.166,Ordbeta,T0-T2,NPK,1,Lmax,1.791759469228055
Ranunculus_acris,-2.698,0.166,Ordbeta,T0-T2,NPK,1,Lmean,0.2694368352850546
Ranunculus_acris,-2.698,0.166,Ordbeta,T0-T2,NPK,1,R0,0.4291243489821683
Ranunculus_acris,-2.698,0.166,Ordbeta,T0-T2,NPK,1,Reactivity,1.8978523971700296
Ranunculus_acris,-2.698,0.166,Ordbeta,T0-T2,NPK,1,T_generation,1.3335494740785472
Ranunculus_acris,-2.698,0.166,Ordbeta,T0-T2,NPK,1,age_repro,1.1167312512505851
Ranunculus_acris,-2.698,0.166,Ordbeta,T0-T2,NPK,1,percapita_repro,1.9401794743463283
Sphaeralcea_coccinea,-2.548,0.326,Ordbeta,T0-T2,NPK,1,FirstStepAtt,-0.021668930362796438
Sphaeralcea_coccinea,-2.548,0.326,Ordbeta,T0-T2,NPK,1,Lambda,0.9140916052986946
Sphaeralcea_coccinea,-2.548,0.326,Ordbeta,T0-T2,NPK,1,Lmax,1.1291966833851346
Sphaeralcea_coccinea,-2.548,0.326,Ordbeta,T0-T2,NPK,1,Lmean,0.18479959171993668
Sphaeralcea_coccinea,-2.548,0.326,Ordbeta,T0-T2,NPK,1,R0,-0.1631566065473073
Sphaeralcea_coccinea,-2.548,0.326,Ordbeta,T0-T2,NPK,1,Reactivity,0.06479482429602482
Sphaeralcea_coccinea,-2.548,0.326,Ordbeta,T0-T2,NPK,1,T_generation,0.24224692726379177
Sphaeralcea_coccinea,-2.548,0.326,Ordbeta,T0-T2,NPK,1,age_repro,0
Sphaeralcea_coccinea,-2.548,0.326,Ordbeta,T0-T2,NPK,1,percapita_repro,-0.347956198267244
Stenaria_nigricans,-2.33,0.33,Ordbeta,T0-T2,NPK,1,FirstStepAtt,-0.001506241946231945
Stenaria_nigricans,-2.33,0.33,Ordbeta,T0-T2,NPK,1,Lambda,0.9901413361648121
Stenaria_nigricans,-2.33,0.33,Ordbeta,T0-T2,NPK,1,Lmax,0.8841014310483891
Stenaria_nigricans,-2.33,0.33,Ordbeta,T0-T2,NPK,1,Lmean,0.1061701762787086
Stenaria_nigricans,-2.33,0.33,Ordbeta,T0-T2,NPK,1,R0,0.21085254589803137
Stenaria_nigricans,-2.33,0.33,Ordbeta,T0-T2,NPK,1,Reactivity,0.009202684809058356
Stenaria_nigricans,-2.33,0.33,Ordbeta,T0-T2,NPK,1,T_generation,0.10216634557653173
Stenaria_nigricans,-2.33,0.33,Ordbeta,T0-T2,NPK,1,age_repro,0
Stenaria_nigricans,-2.33,0.33,Ordbeta,T0-T2,NPK,1,percapita_repro,0.10468236961932272
Taraxacum_campylodes,-2.996,0.349,Ordbeta,T0-T2,NPK,1,FirstStepAtt,-2.3531148413315983
Taraxacum_campylodes,-2.996,0.349,Ordbeta,T0-T2,NPK,1,Lambda,0.08041791145870329
Taraxacum_campylodes,-2.996,0.349,Ordbeta,T0-T2,NPK,1,Lmax,0.5493061443340549
Taraxacum_campylodes,-2.996,0.349,Ordbeta,T0-T2,NPK,1,Lmean,0.06773896227809098
Taraxacum_campylodes,-2.996,0.349,Ordbeta,T0-T2,NPK,1,R0,-Inf
Taraxacum_campylodes,-2.996,0.349,Ordbeta,T0-T2,NPK,1,Reactivity,2.4046693226371185
Taraxacum_campylodes,-2.996,0.349,Ordbeta,T0-T2,NPK,1,T_generation,NA
Taraxacum_campylodes,-2.996,0.349,Ordbeta,T0-T2,NPK,1,age_repro,0
Taraxacum_campylodes,-2.996,0.349,Ordbeta,T0-T2,NPK,1,percapita_repro,-11.213549524439351
Thymus_vulgaris,-2.322,0.406,Ordbeta,T0-T2,NPK,1,FirstStepAtt,-0.005866973847378982
Thymus_vulgaris,-2.322,0.406,Ordbeta,T0-T2,NPK,1,Lambda,0.9926751959162854
Thymus_vulgaris,-2.322,0.406,Ordbeta,T0-T2,NPK,1,Lmax,5.964961904446033
Thymus_vulgaris,-2.322,0.406,Ordbeta,T0-T2,NPK,1,Lmean,4.459892288650257
Thymus_vulgaris,-2.322,0.406,Ordbeta,T0-T2,NPK,1,R0,-1.07189733945768
Thymus_vulgaris,-2.322,0.406,Ordbeta,T0-T2,NPK,1,Reactivity,0.010349758754626258
Thymus_vulgaris,-2.322,0.406,Ordbeta,T0-T2,NPK,1,T_generation,NA
Thymus_vulgaris,-2.322,0.406,Ordbeta,T0-T2,NPK,1,age_repro,NA
Thymus_vulgaris,-2.322,0.406,Ordbeta,T0-T2,NPK,1,percapita_repro,-5.143380039347928
Verbascum_thapsus,-2.73,0.414,Ordbeta,T0-T2,NPK,1,FirstStepAtt,-4.012613096092431
Verbascum_thapsus,-2.73,0.414,Ordbeta,T0-T2,NPK,1,Lambda,NA
Verbascum_thapsus,-2.73,0.414,Ordbeta,T0-T2,NPK,1,Lmax,0.6931471805599453
Verbascum_thapsus,-2.73,0.414,Ordbeta,T0-T2,NPK,1,Lmean,0.05129369438747054
Verbascum_thapsus,-2.73,0.414,Ordbeta,T0-T2,NPK,1,R0,3.381715911075376
Verbascum_thapsus,-2.73,0.414,Ordbeta,T0-T2,NPK,1,Reactivity,NA
Verbascum_thapsus,-2.73,0.414,Ordbeta,T0-T2,NPK,1,T_generation,0.7764348966557838
Verbascum_thapsus,-2.73,0.414,Ordbeta,T0-T2,NPK,1,age_repro,2.5523449856956373
Verbascum_thapsus,-2.73,0.414,Ordbeta,T0-T2,NPK,1,percapita_repro,NA
Veronica_arvensis,-2.932,0.208,Ordbeta,T0-T2,NPK,1,FirstStepAtt,-1.3609972168245543
Veronica_arvensis,-2.932,0.208,Ordbeta,T0-T2,NPK,1,Lambda,1.0575348190993947
Veronica_arvensis,-2.932,0.208,Ordbeta,T0-T2,NPK,1,Lmax,0.12924850454918937
Veronica_arvensis,-2.932,0.208,Ordbeta,T0-T2,NPK,1,Lmean,0.05244694819316372
Veronica_arvensis,-2.932,0.208,Ordbeta,T0-T2,NPK,1,R0,-0.014999404757933873
Veronica_arvensis,-2.932,0.208,Ordbeta,T0-T2,NPK,1,Reactivity,1.7913324339405632
Veronica_arvensis,-2.932,0.208,Ordbeta,T0-T2,NPK,1,T_generation,0.4178504962611216
Veronica_arvensis,-2.932,0.208,Ordbeta,T0-T2,NPK,1,age_repro,0.8907769885320955
Veronica_arvensis,-2.932,0.208,Ordbeta,T0-T2,NPK,1,percapita_repro,1.8152156216155975
Acer_saccharum,-2.576,0.424,Hurdle_cond,T0-T2,INTER,1,FirstStepAtt,-0.13633162397836548
Acer_saccharum,-2.576,0.424,Hurdle_cond,T0-T2,INTER,1,Lambda,1.7751478346888432
Acer_saccharum,-2.576,0.424,Hurdle_cond,T0-T2,INTER,1,Lmax,5.5871025137026376
Acer_saccharum,-2.576,0.424,Hurdle_cond,T0-T2,INTER,1,Lmean,5.240241348413525
Acer_saccharum,-2.576,0.424,Hurdle_cond,T0-T2,INTER,1,R0,6.4970270462927875
Acer_saccharum,-2.576,0.424,Hurdle_cond,T0-T2,INTER,1,Reactivity,0.11239532885872881
Acer_saccharum,-2.576,0.424,Hurdle_cond,T0-T2,INTER,1,T_generation,1.6297372686170404
Acer_saccharum,-2.576,0.424,Hurdle_cond,T0-T2,INTER,1,age_repro,2.5048380603456604
Acer_saccharum,-2.576,0.424,Hurdle_cond,T0-T2,INTER,1,percapita_repro,-0.15190606423970499
Agrimonia_eupatoria,-2.447,0.252,Hurdle_cond,T0-T2,INTER,1,FirstStepAtt,-0.40426778811109665
Agrimonia_eupatoria,-2.447,0.252,Hurdle_cond,T0-T2,INTER,1,Lambda,0.99064442494128635
Agrimonia_eupatoria,-2.447,0.252,Hurdle_cond,T0-T2,INTER,1,Lmax,4.5330412476880015
Agrimonia_eupatoria,-2.447,0.252,Hurdle_cond,T0-T2,INTER,1,Lmean,2.276623485281897
Agrimonia_eupatoria,-2.447,0.252,Hurdle_cond,T0-T2,INTER,1,R0,-0.3812702083300579
Agrimonia_eupatoria,-2.447,0.252,Hurdle_cond,T0-T2,INTER,1,Reactivity,0.19207496843703886
Agrimonia_eupatoria,-2.447,0.252,Hurdle_cond,T0-T2,INTER,1,T_generation,3.6207086258222287
Agrimonia_eupatoria,-2.447,0.252,Hurdle_cond,T0-T2,INTER,1,age_repro,2.087394345070076
Agrimonia_eupatoria,-2.447,0.252,Hurdle_cond,T0-T2,INTER,1,percapita_repro,-1.5661843426366495
Alliaria_petiolata,-2.524,0.457,Hurdle_cond,T0-T2,INTER,1,FirstStepAtt,-3.0948794939108963
Alliaria_petiolata,-2.524,0.457,Hurdle_cond,T0-T2,INTER,1,Lambda,1.0463224402111775
Alliaria_petiolata,-2.524,0.457,Hurdle_cond,T0-T2,INTER,1,Lmax,0.6365637372489293
Alliaria_petiolata,-2.524,0.457,Hurdle_cond,T0-T2,INTER,1,Lmean,0.09348139690409192
Alliaria_petiolata,-2.524,0.457,Hurdle_cond,T0-T2,INTER,1,R0,0.04835133243682425
Alliaria_petiolata,-2.524,0.457,Hurdle_cond,T0-T2,INTER,1,Reactivity,3.9249434155943397
Alliaria_petiolata,-2.524,0.457,Hurdle_cond,T0-T2,INTER,1,T_generation,1.9470007488799672
Alliaria_petiolata,-2.524,0.457,Hurdle_cond,T0-T2,INTER,1,age_repro,1.9509898512394936
Alliaria_petiolata,-2.524,0.457,Hurdle_cond,T0-T2,INTER,1,percapita_repro,4.092562958320852
Allium_vineale,-2.556,0.415,Hurdle_cond,T0-T2,INTER,1,FirstStepAtt,-2.036030904211625
Allium_vineale,-2.556,0.415,Hurdle_cond,T0-T2,INTER,1,Lambda,1.170906773884173
Allium_vineale,-2.556,0.415,Hurdle_cond,T0-T2,INTER,1,Lmax,1.0986122886681098
Allium_vineale,-2.556,0.415,Hurdle_cond,T0-T2,INTER,1,Lmean,0.16647352389668973
Allium_vineale,-2.556,0.415,Hurdle_cond,T0-T2,INTER,1,R0,0.3408368280021561
Allium_vineale,-2.556,0.415,Hurdle_cond,T0-T2,INTER,1,Reactivity,2.1940830508207325
Allium_vineale,-2.556,0.415,Hurdle_cond,T0-T2,INTER,1,T_generation,0.7635325690826141
Allium_vineale,-2.556,0.415,Hurdle_cond,T0-T2,INTER,1,age_repro,1.2000990079409088
Allium_vineale,-2.556,0.415,Hurdle_cond,T0-T2,INTER,1,percapita_repro,2.3368650630604555
Andropogon_gerardii,-0.627,0.223,Hurdle_cond,T0-T2,INTER,1,FirstStepAtt,-1.1908608264270113
Andropogon_gerardii,-0.627,0.223,Hurdle_cond,T0-T2,INTER,1,Lambda,1.50587325216984
Andropogon_gerardii,-0.627,0.223,Hurdle_cond,T0-T2,INTER,1,Lmax,1.764891121214301
Andropogon_gerardii,-0.627,0.223,Hurdle_cond,T0-T2,INTER,1,Lmean,0.6723210807858808
Andropogon_gerardii,-0.627,0.223,Hurdle_cond,T0-T2,INTER,1,R0,0.8354773555720532
Andropogon_gerardii,-0.627,0.223,Hurdle_cond,T0-T2,INTER,1,Reactivity,1.7926841280473305
Andropogon_gerardii,-0.627,0.223,Hurdle_cond,T0-T2,INTER,1,T_generation,0.7395193223181741
Andropogon_gerardii,-0.627,0.223,Hurdle_cond,T0-T2,INTER,1,age_repro,0.7862530575220442
Andropogon_gerardii,-0.627,0.223,Hurdle_cond,T0-T2,INTER,1,percapita_repro,2.0924307697315556
Arenaria_serpyllifolia,-2.142,0.286,Hurdle_cond,T0-T2,INTER,1,FirstStepAtt,-2.2176497264357233
Arenaria_serpyllifolia,-2.142,0.286,Hurdle_cond,T0-T2,INTER,1,Lambda,0.860684361881849
Arenaria_serpyllifolia,-2.142,0.286,Hurdle_cond,T0-T2,INTER,1,Lmax,0
Arenaria_serpyllifolia,-2.142,0.286,Hurdle_cond,T0-T2,INTER,1,Lmean,0
Arenaria_serpyllifolia,-2.142,0.286,Hurdle_cond,T0-T2,INTER,1,R0,0.13128547046852534
Arenaria_serpyllifolia,-2.142,0.286,Hurdle_cond,T0-T2,INTER,1,Reactivity,2.5929750386335604
Arenaria_serpyllifolia,-2.142,0.286,Hurdle_cond,T0-T2,INTER,1,T_generation,0.16988583066600282
Arenaria_serpyllifolia,-2.142,0.286,Hurdle_cond,T0-T2,INTER,1,age_repro,0.8303384136066279
Arenaria_serpyllifolia,-2.142,0.286,Hurdle_cond,T0-T2,INTER,1,percapita_repro,2.639396025140823
Armeria_maritima,-2.69,0.325,Hurdle_cond,T0-T2,INTER,1,FirstStepAtt,-2.2414258727445255
Armeria_maritima,-2.69,0.325,Hurdle_cond,T0-T2,INTER,1,Lambda,1.458043853064239
Armeria_maritima,-2.69,0.325,Hurdle_cond,T0-T2,INTER,1,Lmax,2.995732273553991
Armeria_maritima,-2.69,0.325,Hurdle_cond,T0-T2,INTER,1,Lmean,0.6122577291406874
Armeria_maritima,-2.69,0.325,Hurdle_cond,T0-T2,INTER,1,R0,4.445083646052526
Armeria_maritima,-2.69,0.325,Hurdle_cond,T0-T2,INTER,1,Reactivity,5.495776723555247
Armeria_maritima,-2.69,0.325,Hurdle_cond,T0-T2,INTER,1,T_generation,2.099604255961898
Armeria_maritima,-2.69,0.325,Hurdle_cond,T0-T2,INTER,1,age_repro,1.5255005163472148
Armeria_maritima,-2.69,0.325,Hurdle_cond,T0-T2,INTER,1,percapita_repro,3.617282020171661
Carduus_nutans,-2.46,0.463,Hurdle_cond,T0-T2,INTER,1,FirstStepAtt,-1.2021216175186675
Carduus_nutans,-2.46,0.463,Hurdle_cond,T0-T2,INTER,1,Lambda,0.7295404692944151
Carduus_nutans,-2.46,0.463,Hurdle_cond,T0-T2,INTER,1,Lmax,1.4856920935259144
Carduus_nutans,-2.46,0.463,Hurdle_cond,T0-T2,INTER,1,Lmean,0.48174117970979186
Carduus_nutans,-2.46,0.463,Hurdle_cond,T0-T2,INTER,1,R0,-0.392418382929946
Carduus_nutans,-2.46,0.463,Hurdle_cond,T0-T2,INTER,1,Reactivity,3.533469300158437
Carduus_nutans,-2.46,0.463,Hurdle_cond,T0-T2,INTER,1,T_generation,1.168846532882315
Carduus_nutans,-2.46,0.463,Hurdle_cond,T0-T2,INTER,1,age_repro,0.9011488671138399
Carduus_nutans,-2.46,0.463,Hurdle_cond,T0-T2,INTER,1,percapita_repro,1.235991459500605
Centaurea_jacea,-2.349,0.261,Hurdle_cond,T0-T2,INTER,1,FirstStepAtt,-0.6368104471974831
Centaurea_jacea,-2.349,0.261,Hurdle_cond,T0-T2,INTER,1,Lambda,0.9157150879324936
Centaurea_jacea,-2.349,0.261,Hurdle_cond,T0-T2,INTER,1,Lmax,2.4003251984703664
Centaurea_jacea,-2.349,0.261,Hurdle_cond,T0-T2,INTER,1,Lmean,1.3722715793325009
Centaurea_jacea,-2.349,0.261,Hurdle_cond,T0-T2,INTER,1,R0,-3.4842742317189583
Centaurea_jacea,-2.349,0.261,Hurdle_cond,T0-T2,INTER,1,Reactivity,0.41685764138114395
Centaurea_jacea,-2.349,0.261,Hurdle_cond,T0-T2,INTER,1,T_generation,2.978872381362829
Centaurea_jacea,-2.349,0.261,Hurdle_cond,T0-T2,INTER,1,age_repro,1.6363011514297372
Centaurea_jacea,-2.349,0.261,Hurdle_cond,T0-T2,INTER,1,percapita_repro,-1.7828083742933423
Cerastium_fontanum,-2.455,0.146,Hurdle_cond,T0-T2,INTER,1,FirstStepAtt,-2.696031853083466
Cerastium_fontanum,-2.455,0.146,Hurdle_cond,T0-T2,INTER,1,Lambda,NA
Cerastium_fontanum,-2.455,0.146,Hurdle_cond,T0-T2,INTER,1,Lmax,0
Cerastium_fontanum,-2.455,0.146,Hurdle_cond,T0-T2,INTER,1,Lmean,0
Cerastium_fontanum,-2.455,0.146,Hurdle_cond,T0-T2,INTER,1,R0,1.5184623246973081
Cerastium_fontanum,-2.455,0.146,Hurdle_cond,T0-T2,INTER,1,Reactivity,3.027270925563423
Cerastium_fontanum,-2.455,0.146,Hurdle_cond,T0-T2,INTER,1,T_generation,0.005048904923272251
Cerastium_fontanum,-2.455,0.146,Hurdle_cond,T0-T2,INTER,1,age_repro,0.8873031950009029
Cerastium_fontanum,-2.455,0.146,Hurdle_cond,T0-T2,INTER,1,percapita_repro,4.522657764413627
Cirsium_arvense,-2.277,0.18,Hurdle_cond,T0-T2,INTER,1,FirstStepAtt,-3.3290015249469986
Cirsium_arvense,-2.277,0.18,Hurdle_cond,T0-T2,INTER,1,Lambda,NA
Cirsium_arvense,-2.277,0.18,Hurdle_cond,T0-T2,INTER,1,Lmax,1.0986122886681098
Cirsium_arvense,-2.277,0.18,Hurdle_cond,T0-T2,INTER,1,Lmean,0.1699960817758222
Cirsium_arvense,-2.277,0.18,Hurdle_cond,T0-T2,INTER,1,R0,3.228914980534981
Cirsium_arvense,-2.277,0.18,Hurdle_cond,T0-T2,INTER,1,Reactivity,4.0664130997692896
Cirsium_arvense,-2.277,0.18,Hurdle_cond,T0-T2,INTER,1,T_generation,0.7703612247372394
Cirsium_arvense,-2.277,0.18,Hurdle_cond,T0-T2,INTER,1,age_repro,1.162546762671639
Cirsium_arvense,-2.277,0.18,Hurdle_cond,T0-T2,INTER,1,percapita_repro,5.427985054670073
Cirsium_palustre,-2.546,0.456,Hurdle_cond,T0-T2,INTER,1,FirstStepAtt,-2.5937654771378247
Cirsium_palustre,-2.546,0.456,Hurdle_cond,T0-T2,INTER,1,Lambda,1.4428002172428838
Cirsium_palustre,-2.546,0.456,Hurdle_cond,T0-T2,INTER,1,Lmax,1.5273118956910914
Cirsium_palustre,-2.546,0.456,Hurdle_cond,T0-T2,INTER,1,Lmean,0.20135107219302092
Cirsium_palustre,-2.546,0.456,Hurdle_cond,T0-T2,INTER,1,R0,1.2807231364002392
Cirsium_palustre,-2.546,0.456,Hurdle_cond,T0-T2,INTER,1,Reactivity,4.898747288058175
Cirsium_palustre,-2.546,0.456,Hurdle_cond,T0-T2,INTER,1,T_generation,1.2255759905166659
Cirsium_palustre,-2.546,0.456,Hurdle_cond,T0-T2,INTER,1,age_repro,1.534647496889771
Cirsium_palustre,-2.546,0.456,Hurdle_cond,T0-T2,INTER,1,percapita_repro,4.957313127808717
Cirsium_vulgare,-1.959,0.256,Hurdle_cond,T0-T2,INTER,1,FirstStepAtt,-3.1910655226282234
Cirsium_vulgare,-1.959,0.256,Hurdle_cond,T0-T2,INTER,1,Lambda,0.7844344795818798
Cirsium_vulgare,-1.959,0.256,Hurdle_cond,T0-T2,INTER,1,Lmax,1.507973248367974
Cirsium_vulgare,-1.959,0.256,Hurdle_cond,T0-T2,INTER,1,Lmean,0.3479988332516422
Cirsium_vulgare,-1.959,0.256,Hurdle_cond,T0-T2,INTER,1,R0,-1.420279247517773
Cirsium_vulgare,-1.959,0.256,Hurdle_cond,T0-T2,INTER,1,Reactivity,2.641485998869525
Cirsium_vulgare,-1.959,0.256,Hurdle_cond,T0-T2,INTER,1,T_generation,1.4828783988333107
Cirsium_vulgare,-1.959,0.256,Hurdle_cond,T0-T2,INTER,1,age_repro,0.9323966804077027
Cirsium_vulgare,-1.959,0.256,Hurdle_cond,T0-T2,INTER,1,percapita_repro,1.89963041219607
Daucus_carota,-2.42,0.208,Hurdle_cond,T0-T2,INTER,1,FirstStepAtt,-4.040610337013186
Daucus_carota,-2.42,0.208,Hurdle_cond,T0-T2,INTER,1,Lambda,1.7161044748521754
Daucus_carota,-2.42,0.208,Hurdle_cond,T0-T2,INTER,1,Lmax,1.0986122886681098
Daucus_carota,-2.42,0.208,Hurdle_cond,T0-T2,INTER,1,Lmean,0.31834252276646996
Daucus_carota,-2.42,0.208,Hurdle_cond,T0-T2,INTER,1,R0,1.8196701629274532
Daucus_carota,-2.42,0.208,Hurdle_cond,T0-T2,INTER,1,Reactivity,NA
Daucus_carota,-2.42,0.208,Hurdle_cond,T0-T2,INTER,1,T_generation,1.189773196967312
Daucus_carota,-2.42,0.208,Hurdle_cond,T0-T2,INTER,1,age_repro,1.431272611901774
Daucus_carota,-2.42,0.208,Hurdle_cond,T0-T2,INTER,1,percapita_repro,NA
Echium_vulgare,-2.673,0.362,Hurdle_cond,T0-T2,INTER,1,FirstStepAtt,-1.4808281568478858
Echium_vulgare,-2.673,0.362,Hurdle_cond,T0-T2,INTER,1,Lambda,1.54759800300862
Echium_vulgare,-2.673,0.362,Hurdle_cond,T0-T2,INTER,1,Lmax,1.3862943611198906
Echium_vulgare,-2.673,0.362,Hurdle_cond,T0-T2,INTER,1,Lmean,0.5010758488001458
Echium_vulgare,-2.673,0.362,Hurdle_cond,T0-T2,INTER,1,R0,1.6034012709220467
Echium_vulgare,-2.673,0.362,Hurdle_cond,T0-T2,INTER,1,Reactivity,3.2663741200499037
Echium_vulgare,-2.673,0.362,Hurdle_cond,T0-T2,INTER,1,T_generation,1.287139504575711
Echium_vulgare,-2.673,0.362,Hurdle_cond,T0-T2,INTER,1,age_repro,1.3132909952863716
Echium_vulgare,-2.673,0.362,Hurdle_cond,T0-T2,INTER,1,percapita_repro,3.7030781735137492
Elymus_repens,-2.027,0.155,Hurdle_cond,T0-T2,INTER,1,FirstStepAtt,-19.608981934788076
Elymus_repens,-2.027,0.155,Hurdle_cond,T0-T2,INTER,1,Lambda,NA
Elymus_repens,-2.027,0.155,Hurdle_cond,T0-T2,INTER,1,Lmax,0.6931471805599453
Elymus_repens,-2.027,0.155,Hurdle_cond,T0-T2,INTER,1,Lmean,0.34830572665687204
Elymus_repens,-2.027,0.155,Hurdle_cond,T0-T2,INTER,1,R0,4.306802628082906
Elymus_repens,-2.027,0.155,Hurdle_cond,T0-T2,INTER,1,Reactivity,NA
Elymus_repens,-2.027,0.155,Hurdle_cond,T0-T2,INTER,1,T_generation,0.00771453240913415
Elymus_repens,-2.027,0.155,Hurdle_cond,T0-T2,INTER,1,age_repro,0
Elymus_repens,-2.027,0.155,Hurdle_cond,T0-T2,INTER,1,percapita_repro,-5.74205469871386
Erigeron_canadensis,-2.742,0.211,Hurdle_cond,T0-T2,INTER,1,FirstStepAtt,-2.9940372183428647
Erigeron_canadensis,-2.742,0.211,Hurdle_cond,T0-T2,INTER,1,Lambda,NA
Erigeron_canadensis,-2.742,0.211,Hurdle_cond,T0-T2,INTER,1,Lmax,0
Erigeron_canadensis,-2.742,0.211,Hurdle_cond,T0-T2,INTER,1,Lmean,0
Erigeron_canadensis,-2.742,0.211,Hurdle_cond,T0-T2,INTER,1,R0,2.750423016465953
Erigeron_canadensis,-2.742,0.211,Hurdle_cond,T0-T2,INTER,1,Reactivity,3.7256901124743216
Erigeron_canadensis,-2.742,0.211,Hurdle_cond,T0-T2,INTER,1,T_generation,0.1300250884192771
Erigeron_canadensis,-2.742,0.211,Hurdle_cond,T0-T2,INTER,1,age_repro,0.9159908368351705
Erigeron_canadensis,-2.742,0.211,Hurdle_cond,T0-T2,INTER,1,percapita_repro,5.684089841310465
Knautia_arvensis,-2.079,0.378,Hurdle_cond,T0-T2,INTER,1,FirstStepAtt,-2.956373754274904
Knautia_arvensis,-2.079,0.378,Hurdle_cond,T0-T2,INTER,1,Lambda,0.30764990872892994
Knautia_arvensis,-2.079,0.378,Hurdle_cond,T0-T2,INTER,1,Lmax,0.6931471805599453
Knautia_arvensis,-2.079,0.378,Hurdle_cond,T0-T2,INTER,1,Lmean,0.022139719151234638
Knautia_arvensis,-2.079,0.378,Hurdle_cond,T0-T2,INTER,1,R0,-9.95071325619903
Knautia_arvensis,-2.079,0.378,Hurdle_cond,T0-T2,INTER,1,Reactivity,0.35097071858090473
Knautia_arvensis,-2.079,0.378,Hurdle_cond,T0-T2,INTER,1,T_generation,NA
Knautia_arvensis,-2.079,0.378,Hurdle_cond,T0-T2,INTER,1,age_repro,0.9322894183877876
Knautia_arvensis,-2.079,0.378,Hurdle_cond,T0-T2,INTER,1,percapita_repro,-4.367646677748796
Lactuca_serriola,-2.708,0.325,Hurdle_cond,T0-T2,INTER,1,FirstStepAtt,-2.5276283678174485
Lactuca_serriola,-2.708,0.325,Hurdle_cond,T0-T2,INTER,1,Lambda,NA
Lactuca_serriola,-2.708,0.325,Hurdle_cond,T0-T2,INTER,1,Lmax,0
Lactuca_serriola,-2.708,0.325,Hurdle_cond,T0-T2,INTER,1,Lmean,0
Lactuca_serriola,-2.708,0.325,Hurdle_cond,T0-T2,INTER,1,R0,2.961708269076509
Lactuca_serriola,-2.708,0.325,Hurdle_cond,T0-T2,INTER,1,Reactivity,5.096932718325193
Lactuca_serriola,-2.708,0.325,Hurdle_cond,T0-T2,INTER,1,T_generation,0.08738433516364566
Lactuca_serriola,-2.708,0.325,Hurdle_cond,T0-T2,INTER,1,age_repro,1.2839753424841123
Lactuca_serriola,-2.708,0.325,Hurdle_cond,T0-T2,INTER,1,percapita_repro,7.147653680580111
Linum_catharticum,-2.622,0.348,Hurdle_cond,T0-T2,INTER,1,FirstStepAtt,-3.1953085121694222
Linum_catharticum,-2.622,0.348,Hurdle_cond,T0-T2,INTER,1,Lambda,NA
Linum_catharticum,-2.622,0.348,Hurdle_cond,T0-T2,INTER,1,Lmax,2.0794415416798357
Linum_catharticum,-2.622,0.348,Hurdle_cond,T0-T2,INTER,1,Lmean,0.7715798705141755
Linum_catharticum,-2.622,0.348,Hurdle_cond,T0-T2,INTER,1,R0,1.7942778474769048
Linum_catharticum,-2.622,0.348,Hurdle_cond,T0-T2,INTER,1,Reactivity,3.8165083573910685
Linum_catharticum,-2.622,0.348,Hurdle_cond,T0-T2,INTER,1,T_generation,0.30079171330480015
Linum_catharticum,-2.622,0.348,Hurdle_cond,T0-T2,INTER,1,age_repro,0.7034715243015948
Linum_catharticum,-2.622,0.348,Hurdle_cond,T0-T2,INTER,1,percapita_repro,3.0328521355315146
Myosotis_ramosissima,-2.507,0.459,Hurdle_cond,T0-T2,INTER,1,FirstStepAtt,-3.6870030575668453
Myosotis_ramosissima,-2.507,0.459,Hurdle_cond,T0-T2,INTER,1,Lambda,1.4558843238144925
Myosotis_ramosissima,-2.507,0.459,Hurdle_cond,T0-T2,INTER,1,Lmax,0
Myosotis_ramosissima,-2.507,0.459,Hurdle_cond,T0-T2,INTER,1,Lmean,0
Myosotis_ramosissima,-2.507,0.459,Hurdle_cond,T0-T2,INTER,1,R0,1.3761933951892638
Myosotis_ramosissima,-2.507,0.459,Hurdle_cond,T0-T2,INTER,1,Reactivity,0.48764865977290195
Myosotis_ramosissima,-2.507,0.459,Hurdle_cond,T0-T2,INTER,1,T_generation,0.013734478546359119
Myosotis_ramosissima,-2.507,0.459,Hurdle_cond,T0-T2,INTER,1,age_repro,0.7154702161542037
Myosotis_ramosissima,-2.507,0.459,Hurdle_cond,T0-T2,INTER,1,percapita_repro,1.826732983425593
Picris_hieracioides,-2.175,0.209,Hurdle_cond,T0-T2,INTER,1,FirstStepAtt,-4.012603074068456
Picris_hieracioides,-2.175,0.209,Hurdle_cond,T0-T2,INTER,1,Lambda,0.8846497432296893
Picris_hieracioides,-2.175,0.209,Hurdle_cond,T0-T2,INTER,1,Lmax,0.6931471805599453
Picris_hieracioides,-2.175,0.209,Hurdle_cond,T0-T2,INTER,1,Lmean,0.025497751793431413
Picris_hieracioides,-2.175,0.209,Hurdle_cond,T0-T2,INTER,1,R0,-0.5012341883972119
Picris_hieracioides,-2.175,0.209,Hurdle_cond,T0-T2,INTER,1,Reactivity,5.739334580340471
Picris_hieracioides,-2.175,0.209,Hurdle_cond,T0-T2,INTER,1,T_generation,1.4151934417967624
Picris_hieracioides,-2.175,0.209,Hurdle_cond,T0-T2,INTER,1,age_repro,1.5430234695350933
Picris_hieracioides,-2.175,0.209,Hurdle_cond,T0-T2,INTER,1,percapita_repro,5.616771097666572
Pimpinella_saxifraga,-1.854,0.306,Hurdle_cond,T0-T2,INTER,1,FirstStepAtt,-0.5923077657542147
Pimpinella_saxifraga,-1.854,0.306,Hurdle_cond,T0-T2,INTER,1,Lambda,0.9547406316474248
Pimpinella_saxifraga,-1.854,0.306,Hurdle_cond,T0-T2,INTER,1,Lmax,3.2778313935718644
Pimpinella_saxifraga,-1.854,0.306,Hurdle_cond,T0-T2,INTER,1,Lmean,1.3985454207581605
Pimpinella_saxifraga,-1.854,0.306,Hurdle_cond,T0-T2,INTER,1,R0,-0.7090626241047243
Pimpinella_saxifraga,-1.854,0.306,Hurdle_cond,T0-T2,INTER,1,Reactivity,0.9233752615973371
Pimpinella_saxifraga,-1.854,0.306,Hurdle_cond,T0-T2,INTER,1,T_generation,2.7756138699245225
Pimpinella_saxifraga,-1.854,0.306,Hurdle_cond,T0-T2,INTER,1,age_repro,1.7819632124517442
Pimpinella_saxifraga,-1.854,0.306,Hurdle_cond,T0-T2,INTER,1,percapita_repro,-0.1635626778133
Plantago_coronopus,-2.197,0.254,Hurdle_cond,T0-T2,INTER,1,FirstStepAtt,-1.0607821044920802
Plantago_coronopus,-2.197,0.254,Hurdle_cond,T0-T2,INTER,1,Lambda,0.8883340096307588
Plantago_coronopus,-2.197,0.254,Hurdle_cond,T0-T2,INTER,1,Lmax,1.907994489728227
Plantago_coronopus,-2.197,0.254,Hurdle_cond,T0-T2,INTER,1,Lmean,0.5836315540514999
Plantago_coronopus,-2.197,0.254,Hurdle_cond,T0-T2,INTER,1,R0,-0.7679497099488539
Plantago_coronopus,-2.197,0.254,Hurdle_cond,T0-T2,INTER,1,Reactivity,1.2700917455756844
Plantago_coronopus,-2.197,0.254,Hurdle_cond,T0-T2,INTER,1,T_generation,1.4792349913940708
Plantago_coronopus,-2.197,0.254,Hurdle_cond,T0-T2,INTER,1,age_repro,0.7227032675127357
Plantago_coronopus,-2.197,0.254,Hurdle_cond,T0-T2,INTER,1,percapita_repro,-0.16078899600806454
Plantago_media,-2.371,0.373,Hurdle_cond,T0-T2,INTER,1,FirstStepAtt,-2.5216721506920545
Plantago_media,-2.371,0.373,Hurdle_cond,T0-T2,INTER,1,Lambda,0.9166479924897526
Plantago_media,-2.371,0.373,Hurdle_cond,T0-T2,INTER,1,Lmax,1.7178918965462198
Plantago_media,-2.371,0.373,Hurdle_cond,T0-T2,INTER,1,Lmean,0.240093455091011
Plantago_media,-2.371,0.373,Hurdle_cond,T0-T2,INTER,1,R0,-3.703632943874186
Plantago_media,-2.371,0.373,Hurdle_cond,T0-T2,INTER,1,Reactivity,0.9115891884505661
Plantago_media,-2.371,0.373,Hurdle_cond,T0-T2,INTER,1,T_generation,3.2830740541662764
Plantago_media,-2.371,0.373,Hurdle_cond,T0-T2,INTER,1,age_repro,2.050568331584061
Plantago_media,-2.371,0.373,Hurdle_cond,T0-T2,INTER,1,percapita_repro,0.21247852101489456
Potentilla_recta,-2.521,0.277,Hurdle_cond,T0-T2,INTER,1,FirstStepAtt,-1.2072466251783427
Potentilla_recta,-2.521,0.277,Hurdle_cond,T0-T2,INTER,1,Lambda,1.3233051390988662
Potentilla_recta,-2.521,0.277,Hurdle_cond,T0-T2,INTER,1,Lmax,2.8995463272302633
Potentilla_recta,-2.521,0.277,Hurdle_cond,T0-T2,INTER,1,Lmean,1.114174982541197
Potentilla_recta,-2.521,0.277,Hurdle_cond,T0-T2,INTER,1,R0,-Inf
Potentilla_recta,-2.521,0.277,Hurdle_cond,T0-T2,INTER,1,Reactivity,2.3355670141886495
Potentilla_recta,-2.521,0.277,Hurdle_cond,T0-T2,INTER,1,T_generation,1.1285664763465502
Potentilla_recta,-2.521,0.277,Hurdle_cond,T0-T2,INTER,1,age_repro,1.470241457035962
Potentilla_recta,-2.521,0.277,Hurdle_cond,T0-T2,INTER,1,percapita_repro,5.184136566294191
Primula_elatior,-2.431,0.467,Hurdle_cond,T0-T2,INTER,1,FirstStepAtt,-2.5752591198739894
Primula_elatior,-2.431,0.467,Hurdle_cond,T0-T2,INTER,1,Lambda,1.0243599289476764
Primula_elatior,-2.431,0.467,Hurdle_cond,T0-T2,INTER,1,Lmax,3.078214221499716
Primula_elatior,-2.431,0.467,Hurdle_cond,T0-T2,INTER,1,Lmean,0.9348686606054332
Primula_elatior,-2.431,0.467,Hurdle_cond,T0-T2,INTER,1,R0,-0.1983437887657272
Primula_elatior,-2.431,0.467,Hurdle_cond,T0-T2,INTER,1,Reactivity,1.2375774274497275
Primula_elatior,-2.431,0.467,Hurdle_cond,T0-T2,INTER,1,T_generation,2.774342942782747
Primula_elatior,-2.431,0.467,Hurdle_cond,T0-T2,INTER,1,age_repro,1.5965918444925693
Primula_elatior,-2.431,0.467,Hurdle_cond,T0-T2,INTER,1,percapita_repro,0.6906312588074858
Primula_veris,-2.374,0.35,Hurdle_cond,T0-T2,INTER,1,FirstStepAtt,-3.0996415326914413
Primula_veris,-2.374,0.35,Hurdle_cond,T0-T2,INTER,1,Lambda,0.9177166512186883
Primula_veris,-2.374,0.35,Hurdle_cond,T0-T2,INTER,1,Lmax,1.777554626801171
Primula_veris,-2.374,0.35,Hurdle_cond,T0-T2,INTER,1,Lmean,0.34573408996051475
Primula_veris,-2.374,0.35,Hurdle_cond,T0-T2,INTER,1,R0,-3.531205384831014
Primula_veris,-2.374,0.35,Hurdle_cond,T0-T2,INTER,1,Reactivity,1.8406103144604358
Primula_veris,-2.374,0.35,Hurdle_cond,T0-T2,INTER,1,T_generation,3.266151130174338
Primula_veris,-2.374,0.35,Hurdle_cond,T0-T2,INTER,1,age_repro,2.1007008996065113
Primula_veris,-2.374,0.35,Hurdle_cond,T0-T2,INTER,1,percapita_repro,1.3057574210790406
Ranunculus_acris,-2.538,0.169,Hurdle_cond,T0-T2,INTER,1,FirstStepAtt,-2.223673155588096
Ranunculus_acris,-2.538,0.169,Hurdle_cond,T0-T2,INTER,1,Lambda,1.1474253581153837
Ranunculus_acris,-2.538,0.169,Hurdle_cond,T0-T2,INTER,1,Lmax,1.791759469228055
Ranunculus_acris,-2.538,0.169,Hurdle_cond,T0-T2,INTER,1,Lmean,0.2694368352850546
Ranunculus_acris,-2.538,0.169,Hurdle_cond,T0-T2,INTER,1,R0,0.4291243489821683
Ranunculus_acris,-2.538,0.169,Hurdle_cond,T0-T2,INTER,1,Reactivity,1.8978523971700296
Ranunculus_acris,-2.538,0.169,Hurdle_cond,T0-T2,INTER,1,T_generation,1.3335494740785472
Ranunculus_acris,-2.538,0.169,Hurdle_cond,T0-T2,INTER,1,age_repro,1.1167312512505851
Ranunculus_acris,-2.538,0.169,Hurdle_cond,T0-T2,INTER,1,percapita_repro,1.9401794743463283
Ratibida_columnifera,-2.496,0.461,Hurdle_cond,T0-T2,INTER,1,FirstStepAtt,-0.002056079496990296
Ratibida_columnifera,-2.496,0.461,Hurdle_cond,T0-T2,INTER,1,Lambda,0.7243603858174655
Ratibida_columnifera,-2.496,0.461,Hurdle_cond,T0-T2,INTER,1,Lmax,0.8751993382067543
Ratibida_columnifera,-2.496,0.461,Hurdle_cond,T0-T2,INTER,1,Lmean,0.15118484663816348
Ratibida_columnifera,-2.496,0.461,Hurdle_cond,T0-T2,INTER,1,R0,-0.18377717828257087
Ratibida_columnifera,-2.496,0.461,Hurdle_cond,T0-T2,INTER,1,Reactivity,0.0047432640012664016
Ratibida_columnifera,-2.496,0.461,Hurdle_cond,T0-T2,INTER,1,T_generation,0.18788835999659365
Ratibida_columnifera,-2.496,0.461,Hurdle_cond,T0-T2,INTER,1,age_repro,0
Ratibida_columnifera,-2.496,0.461,Hurdle_cond,T0-T2,INTER,1,percapita_repro,-0.3349620249207343
Scabiosa_columbaria,-2.434,0.467,Hurdle_cond,T0-T2,INTER,1,FirstStepAtt,-0.25733963460191384
Scabiosa_columbaria,-2.434,0.467,Hurdle_cond,T0-T2,INTER,1,Lambda,1.0296135539128584
Scabiosa_columbaria,-2.434,0.467,Hurdle_cond,T0-T2,INTER,1,Lmax,3.1354942159291497
Scabiosa_columbaria,-2.434,0.467,Hurdle_cond,T0-T2,INTER,1,Lmean,1.6713567260626774
Scabiosa_columbaria,-2.434,0.467,Hurdle_cond,T0-T2,INTER,1,R0,0.20533632722506642
Scabiosa_columbaria,-2.434,0.467,Hurdle_cond,T0-T2,INTER,1,Reactivity,1.8699344460843945
Scabiosa_columbaria,-2.434,0.467,Hurdle_cond,T0-T2,INTER,1,T_generation,1.9091809950068628
Scabiosa_columbaria,-2.434,0.467,Hurdle_cond,T0-T2,INTER,1,age_repro,1.8510989090143637
Scabiosa_columbaria,-2.434,0.467,Hurdle_cond,T0-T2,INTER,1,percapita_repro,1.7867469274045107
Sphaeralcea_coccinea,-2.471,0.307,Hurdle_cond,T0-T2,INTER,1,FirstStepAtt,-0.021668930362796438
Sphaeralcea_coccinea,-2.471,0.307,Hurdle_cond,T0-T2,INTER,1,Lambda,0.9140916052986946
Sphaeralcea_coccinea,-2.471,0.307,Hurdle_cond,T0-T2,INTER,1,Lmax,1.1291966833851346
Sphaeralcea_coccinea,-2.471,0.307,Hurdle_cond,T0-T2,INTER,1,Lmean,0.18479959171993668
Sphaeralcea_coccinea,-2.471,0.307,Hurdle_cond,T0-T2,INTER,1,R0,-0.1631566065473073
Sphaeralcea_coccinea,-2.471,0.307,Hurdle_cond,T0-T2,INTER,1,Reactivity,0.06479482429602482
Sphaeralcea_coccinea,-2.471,0.307,Hurdle_cond,T0-T2,INTER,1,T_generation,0.24224692726379177
Sphaeralcea_coccinea,-2.471,0.307,Hurdle_cond,T0-T2,INTER,1,age_repro,0
Sphaeralcea_coccinea,-2.471,0.307,Hurdle_cond,T0-T2,INTER,1,percapita_repro,-0.347956198267244
Stenaria_nigricans,-2.189,0.323,Hurdle_cond,T0-T2,INTER,1,FirstStepAtt,-0.001506241946231945
Stenaria_nigricans,-2.189,0.323,Hurdle_cond,T0-T2,INTER,1,Lambda,0.9901413361648121
Stenaria_nigricans,-2.189,0.323,Hurdle_cond,T0-T2,INTER,1,Lmax,0.8841014310483891
Stenaria_nigricans,-2.189,0.323,Hurdle_cond,T0-T2,INTER,1,Lmean,0.1061701762787086
Stenaria_nigricans,-2.189,0.323,Hurdle_cond,T0-T2,INTER,1,R0,0.21085254589803137
Stenaria_nigricans,-2.189,0.323,Hurdle_cond,T0-T2,INTER,1,Reactivity,0.009202684809058356
Stenaria_nigricans,-2.189,0.323,Hurdle_cond,T0-T2,INTER,1,T_generation,0.10216634557653173
Stenaria_nigricans,-2.189,0.323,Hurdle_cond,T0-T2,INTER,1,age_repro,0
Stenaria_nigricans,-2.189,0.323,Hurdle_cond,T0-T2,INTER,1,percapita_repro,0.10468236961932272
Taraxacum_campylodes,-2.625,0.343,Hurdle_cond,T0-T2,INTER,1,FirstStepAtt,-2.3531148413315983
Taraxacum_campylodes,-2.625,0.343,Hurdle_cond,T0-T2,INTER,1,Lambda,0.08041791145870329
Taraxacum_campylodes,-2.625,0.343,Hurdle_cond,T0-T2,INTER,1,Lmax,0.5493061443340549
Taraxacum_campylodes,-2.625,0.343,Hurdle_cond,T0-T2,INTER,1,Lmean,0.06773896227809098
Taraxacum_campylodes,-2.625,0.343,Hurdle_cond,T0-T2,INTER,1,R0,-Inf
Taraxacum_campylodes,-2.625,0.343,Hurdle_cond,T0-T2,INTER,1,Reactivity,2.4046693226371185
Taraxacum_campylodes,-2.625,0.343,Hurdle_cond,T0-T2,INTER,1,T_generation,NA
Taraxacum_campylodes,-2.625,0.343,Hurdle_cond,T0-T2,INTER,1,age_repro,0
Taraxacum_campylodes,-2.625,0.343,Hurdle_cond,T0-T2,INTER,1,percapita_repro,-11.213549524439351
Thymus_vulgaris,-2.431,0.377,Hurdle_cond,T0-T2,INTER,1,FirstStepAtt,-0.005866973847378982
Thymus_vulgaris,-2.431,0.377,Hurdle_cond,T0-T2,INTER,1,Lambda,0.9926751959162854
Thymus_vulgaris,-2.431,0.377,Hurdle_cond,T0-T2,INTER,1,Lmax,5.964961904446033
Thymus_vulgaris,-2.431,0.377,Hurdle_cond,T0-T2,INTER,1,Lmean,4.459892288650257
Thymus_vulgaris,-2.431,0.377,Hurdle_cond,T0-T2,INTER,1,R0,-1.07189733945768
Thymus_vulgaris,-2.431,0.377,Hurdle_cond,T0-T2,INTER,1,Reactivity,0.010349758754626258
Thymus_vulgaris,-2.431,0.377,Hurdle_cond,T0-T2,INTER,1,T_generation,NA
Thymus_vulgaris,-2.431,0.377,Hurdle_cond,T0-T2,INTER,1,age_repro,NA
Thymus_vulgaris,-2.431,0.377,Hurdle_cond,T0-T2,INTER,1,percapita_repro,-5.143380039347928
Verbascum_thapsus,-2.617,0.364,Hurdle_cond,T0-T2,INTER,1,FirstStepAtt,-4.012613096092431
Verbascum_thapsus,-2.617,0.364,Hurdle_cond,T0-T2,INTER,1,Lambda,NA
Verbascum_thapsus,-2.617,0.364,Hurdle_cond,T0-T2,INTER,1,Lmax,0.6931471805599453
Verbascum_thapsus,-2.617,0.364,Hurdle_cond,T0-T2,INTER,1,Lmean,0.05129369438747054
Verbascum_thapsus,-2.617,0.364,Hurdle_cond,T0-T2,INTER,1,R0,3.381715911075376
Verbascum_thapsus,-2.617,0.364,Hurdle_cond,T0-T2,INTER,1,Reactivity,NA
Verbascum_thapsus,-2.617,0.364,Hurdle_cond,T0-T2,INTER,1,T_generation,0.7764348966557838
Verbascum_thapsus,-2.617,0.364,Hurdle_cond,T0-T2,INTER,1,age_repro,2.5523449856956373
Verbascum_thapsus,-2.617,0.364,Hurdle_cond,T0-T2,INTER,1,percapita_repro,NA
Veronica_arvensis,-2.849,0.193,Hurdle_cond,T0-T2,INTER,1,FirstStepAtt,-1.3609972168245543
Veronica_arvensis,-2.849,0.193,Hurdle_cond,T0-T2,INTER,1,Lambda,1.0575348190993947
Veronica_arvensis,-2.849,0.193,Hurdle_cond,T0-T2,INTER,1,Lmax,0.12924850454918937
Veronica_arvensis,-2.849,0.193,Hurdle_cond,T0-T2,INTER,1,Lmean,0.05244694819316372
Veronica_arvensis,-2.849,0.193,Hurdle_cond,T0-T2,INTER,1,R0,-0.014999404757933873
Veronica_arvensis,-2.849,0.193,Hurdle_cond,T0-T2,INTER,1,Reactivity,1.7913324339405632
Veronica_arvensis,-2.849,0.193,Hurdle_cond,T0-T2,INTER,1,T_generation,0.4178504962611216
Veronica_arvensis,-2.849,0.193,Hurdle_cond,T0-T2,INTER,1,age_repro,0.8907769885320955
Veronica_arvensis,-2.849,0.193,Hurdle_cond,T0-T2,INTER,1,percapita_repro,1.8152156216155975
Acer_saccharum,-1.603,0.426,Hurdle_zi,T0-T2,INTER,1,FirstStepAtt,-0.13633162397836548
Acer_saccharum,-1.603,0.426,Hurdle_zi,T0-T2,INTER,1,Lambda,1.7751478346888432
Acer_saccharum,-1.603,0.426,Hurdle_zi,T0-T2,INTER,1,Lmax,5.5871025137026376
Acer_saccharum,-1.603,0.426,Hurdle_zi,T0-T2,INTER,1,Lmean,5.240241348413525
Acer_saccharum,-1.603,0.426,Hurdle_zi,T0-T2,INTER,1,R0,6.4970270462927875
Acer_saccharum,-1.603,0.426,Hurdle_zi,T0-T2,INTER,1,Reactivity,0.11239532885872881
Acer_saccharum,-1.603,0.426,Hurdle_zi,T0-T2,INTER,1,T_generation,1.6297372686170404
Acer_saccharum,-1.603,0.426,Hurdle_zi,T0-T2,INTER,1,age_repro,2.5048380603456604
Acer_saccharum,-1.603,0.426,Hurdle_zi,T0-T2,INTER,1,percapita_repro,-0.15190606423970499
Agrimonia_eupatoria,-1.474,0.255,Hurdle_zi,T0-T2,INTER,1,FirstStepAtt,-0.40426778811109665
Agrimonia_eupatoria,-1.474,0.255,Hurdle_zi,T0-T2,INTER,1,Lambda,0.99064442494128635
Agrimonia_eupatoria,-1.474,0.255,Hurdle_zi,T0-T2,INTER,1,Lmax,4.5330412476880015
Agrimonia_eupatoria,-1.474,0.255,Hurdle_zi,T0-T2,INTER,1,Lmean,2.276623485281897
Agrimonia_eupatoria,-1.474,0.255,Hurdle_zi,T0-T2,INTER,1,R0,-0.3812702083300579
Agrimonia_eupatoria,-1.474,0.255,Hurdle_zi,T0-T2,INTER,1,Reactivity,0.19207496843703886
Agrimonia_eupatoria,-1.474,0.255,Hurdle_zi,T0-T2,INTER,1,T_generation,3.6207086258222287
Agrimonia_eupatoria,-1.474,0.255,Hurdle_zi,T0-T2,INTER,1,age_repro,2.087394345070076
Agrimonia_eupatoria,-1.474,0.255,Hurdle_zi,T0-T2,INTER,1,percapita_repro,-1.5661843426366495
Alliaria_petiolata,-1.551,0.459,Hurdle_zi,T0-T2,INTER,1,FirstStepAtt,-3.0948794939108963
Alliaria_petiolata,-1.551,0.459,Hurdle_zi,T0-T2,INTER,1,Lambda,1.0463224402111775
Alliaria_petiolata,-1.551,0.459,Hurdle_zi,T0-T2,INTER,1,Lmax,0.6365637372489293
Alliaria_petiolata,-1.551,0.459,Hurdle_zi,T0-T2,INTER,1,Lmean,0.09348139690409192
Alliaria_petiolata,-1.551,0.459,Hurdle_zi,T0-T2,INTER,1,R0,0.04835133243682425
Alliaria_petiolata,-1.551,0.459,Hurdle_zi,T0-T2,INTER,1,Reactivity,3.9249434155943397
Alliaria_petiolata,-1.551,0.459,Hurdle_zi,T0-T2,INTER,1,T_generation,1.9470007488799672
Alliaria_petiolata,-1.551,0.459,Hurdle_zi,T0-T2,INTER,1,age_repro,1.9509898512394936
Alliaria_petiolata,-1.551,0.459,Hurdle_zi,T0-T2,INTER,1,percapita_repro,4.092562958320852
Allium_vineale,-1.583,0.417,Hurdle_zi,T0-T2,INTER,1,FirstStepAtt,-2.036030904211625
Allium_vineale,-1.583,0.417,Hurdle_zi,T0-T2,INTER,1,Lambda,1.170906773884173
Allium_vineale,-1.583,0.417,Hurdle_zi,T0-T2,INTER,1,Lmax,1.0986122886681098
Allium_vineale,-1.583,0.417,Hurdle_zi,T0-T2,INTER,1,Lmean,0.16647352389668973
Allium_vineale,-1.583,0.417,Hurdle_zi,T0-T2,INTER,1,R0,0.3408368280021561
Allium_vineale,-1.583,0.417,Hurdle_zi,T0-T2,INTER,1,Reactivity,2.1940830508207325
Allium_vineale,-1.583,0.417,Hurdle_zi,T0-T2,INTER,1,T_generation,0.7635325690826141
Allium_vineale,-1.583,0.417,Hurdle_zi,T0-T2,INTER,1,age_repro,1.2000990079409088
Allium_vineale,-1.583,0.417,Hurdle_zi,T0-T2,INTER,1,percapita_repro,2.3368650630604555
Andropogon_gerardii,0.346,0.226,Hurdle_zi,T0-T2,INTER,1,FirstStepAtt,-1.1908608264270113
Andropogon_gerardii,0.346,0.226,Hurdle_zi,T0-T2,INTER,1,Lambda,1.50587325216984
Andropogon_gerardii,0.346,0.226,Hurdle_zi,T0-T2,INTER,1,Lmax,1.764891121214301
Andropogon_gerardii,0.346,0.226,Hurdle_zi,T0-T2,INTER,1,Lmean,0.6723210807858808
Andropogon_gerardii,0.346,0.226,Hurdle_zi,T0-T2,INTER,1,R0,0.8354773555720532
Andropogon_gerardii,0.346,0.226,Hurdle_zi,T0-T2,INTER,1,Reactivity,1.7926841280473305
Andropogon_gerardii,0.346,0.226,Hurdle_zi,T0-T2,INTER,1,T_generation,0.7395193223181741
Andropogon_gerardii,0.346,0.226,Hurdle_zi,T0-T2,INTER,1,age_repro,0.7862530575220442
Andropogon_gerardii,0.346,0.226,Hurdle_zi,T0-T2,INTER,1,percapita_repro,2.0924307697315556
Arenaria_serpyllifolia,-1.169,0.288,Hurdle_zi,T0-T2,INTER,1,FirstStepAtt,-2.2176497264357233
Arenaria_serpyllifolia,-1.169,0.288,Hurdle_zi,T0-T2,INTER,1,Lambda,0.860684361881849
Arenaria_serpyllifolia,-1.169,0.288,Hurdle_zi,T0-T2,INTER,1,Lmax,0
Arenaria_serpyllifolia,-1.169,0.288,Hurdle_zi,T0-T2,INTER,1,Lmean,0
Arenaria_serpyllifolia,-1.169,0.288,Hurdle_zi,T0-T2,INTER,1,R0,0.13128547046852534
Arenaria_serpyllifolia,-1.169,0.288,Hurdle_zi,T0-T2,INTER,1,Reactivity,2.5929750386335604
Arenaria_serpyllifolia,-1.169,0.288,Hurdle_zi,T0-T2,INTER,1,T_generation,0.16988583066600282
Arenaria_serpyllifolia,-1.169,0.288,Hurdle_zi,T0-T2,INTER,1,age_repro,0.8303384136066279
Arenaria_serpyllifolia,-1.169,0.288,Hurdle_zi,T0-T2,INTER,1,percapita_repro,2.639396025140823
Armeria_maritima,-1.717,0.327,Hurdle_zi,T0-T2,INTER,1,FirstStepAtt,-2.2414258727445255
Armeria_maritima,-1.717,0.327,Hurdle_zi,T0-T2,INTER,1,Lambda,1.458043853064239
Armeria_maritima,-1.717,0.327,Hurdle_zi,T0-T2,INTER,1,Lmax,2.995732273553991
Armeria_maritima,-1.717,0.327,Hurdle_zi,T0-T2,INTER,1,Lmean,0.6122577291406874
Armeria_maritima,-1.717,0.327,Hurdle_zi,T0-T2,INTER,1,R0,4.445083646052526
Armeria_maritima,-1.717,0.327,Hurdle_zi,T0-T2,INTER,1,Reactivity,5.495776723555247
Armeria_maritima,-1.717,0.327,Hurdle_zi,T0-T2,INTER,1,T_generation,2.099604255961898
Armeria_maritima,-1.717,0.327,Hurdle_zi,T0-T2,INTER,1,age_repro,1.5255005163472148
Armeria_maritima,-1.717,0.327,Hurdle_zi,T0-T2,INTER,1,percapita_repro,3.617282020171661
Carduus_nutans,-1.487,0.465,Hurdle_zi,T0-T2,INTER,1,FirstStepAtt,-1.2021216175186675
Carduus_nutans,-1.487,0.465,Hurdle_zi,T0-T2,INTER,1,Lambda,0.7295404692944151
Carduus_nutans,-1.487,0.465,Hurdle_zi,T0-T2,INTER,1,Lmax,1.4856920935259144
Carduus_nutans,-1.487,0.465,Hurdle_zi,T0-T2,INTER,1,Lmean,0.48174117970979186
Carduus_nutans,-1.487,0.465,Hurdle_zi,T0-T2,INTER,1,R0,-0.392418382929946
Carduus_nutans,-1.487,0.465,Hurdle_zi,T0-T2,INTER,1,Reactivity,3.533469300158437
Carduus_nutans,-1.487,0.465,Hurdle_zi,T0-T2,INTER,1,T_generation,1.168846532882315
Carduus_nutans,-1.487,0.465,Hurdle_zi,T0-T2,INTER,1,age_repro,0.9011488671138399
Carduus_nutans,-1.487,0.465,Hurdle_zi,T0-T2,INTER,1,percapita_repro,1.235991459500605
Centaurea_jacea,-1.376,0.264,Hurdle_zi,T0-T2,INTER,1,FirstStepAtt,-0.6368104471974831
Centaurea_jacea,-1.376,0.264,Hurdle_zi,T0-T2,INTER,1,Lambda,0.9157150879324936
Centaurea_jacea,-1.376,0.264,Hurdle_zi,T0-T2,INTER,1,Lmax,2.4003251984703664
Centaurea_jacea,-1.376,0.264,Hurdle_zi,T0-T2,INTER,1,Lmean,1.3722715793325009
Centaurea_jacea,-1.376,0.264,Hurdle_zi,T0-T2,INTER,1,R0,-3.4842742317189583
Centaurea_jacea,-1.376,0.264,Hurdle_zi,T0-T2,INTER,1,Reactivity,0.41685764138114395
Centaurea_jacea,-1.376,0.264,Hurdle_zi,T0-T2,INTER,1,T_generation,2.978872381362829
Centaurea_jacea,-1.376,0.264,Hurdle_zi,T0-T2,INTER,1,age_repro,1.6363011514297372
Centaurea_jacea,-1.376,0.264,Hurdle_zi,T0-T2,INTER,1,percapita_repro,-1.7828083742933423
Cerastium_fontanum,-1.482,0.151,Hurdle_zi,T0-T2,INTER,1,FirstStepAtt,-2.696031853083466
Cerastium_fontanum,-1.482,0.151,Hurdle_zi,T0-T2,INTER,1,Lambda,NA
Cerastium_fontanum,-1.482,0.151,Hurdle_zi,T0-T2,INTER,1,Lmax,0
Cerastium_fontanum,-1.482,0.151,Hurdle_zi,T0-T2,INTER,1,Lmean,0
Cerastium_fontanum,-1.482,0.151,Hurdle_zi,T0-T2,INTER,1,R0,1.5184623246973081
Cerastium_fontanum,-1.482,0.151,Hurdle_zi,T0-T2,INTER,1,Reactivity,3.027270925563423
Cerastium_fontanum,-1.482,0.151,Hurdle_zi,T0-T2,INTER,1,T_generation,0.005048904923272251
Cerastium_fontanum,-1.482,0.151,Hurdle_zi,T0-T2,INTER,1,age_repro,0.8873031950009029
Cerastium_fontanum,-1.482,0.151,Hurdle_zi,T0-T2,INTER,1,percapita_repro,4.522657764413627
Cirsium_arvense,-1.304,0.184,Hurdle_zi,T0-T2,INTER,1,FirstStepAtt,-3.3290015249469986
Cirsium_arvense,-1.304,0.184,Hurdle_zi,T0-T2,INTER,1,Lambda,NA
Cirsium_arvense,-1.304,0.184,Hurdle_zi,T0-T2,INTER,1,Lmax,1.0986122886681098
Cirsium_arvense,-1.304,0.184,Hurdle_zi,T0-T2,INTER,1,Lmean,0.1699960817758222
Cirsium_arvense,-1.304,0.184,Hurdle_zi,T0-T2,INTER,1,R0,3.228914980534981
Cirsium_arvense,-1.304,0.184,Hurdle_zi,T0-T2,INTER,1,Reactivity,4.0664130997692896
Cirsium_arvense,-1.304,0.184,Hurdle_zi,T0-T2,INTER,1,T_generation,0.7703612247372394
Cirsium_arvense,-1.304,0.184,Hurdle_zi,T0-T2,INTER,1,age_repro,1.162546762671639
Cirsium_arvense,-1.304,0.184,Hurdle_zi,T0-T2,INTER,1,percapita_repro,5.427985054670073
Cirsium_palustre,-1.573,0.458,Hurdle_zi,T0-T2,INTER,1,FirstStepAtt,-2.5937654771378247
Cirsium_palustre,-1.573,0.458,Hurdle_zi,T0-T2,INTER,1,Lambda,1.4428002172428838
Cirsium_palustre,-1.573,0.458,Hurdle_zi,T0-T2,INTER,1,Lmax,1.5273118956910914
Cirsium_palustre,-1.573,0.458,Hurdle_zi,T0-T2,INTER,1,Lmean,0.20135107219302092
Cirsium_palustre,-1.573,0.458,Hurdle_zi,T0-T2,INTER,1,R0,1.2807231364002392
Cirsium_palustre,-1.573,0.458,Hurdle_zi,T0-T2,INTER,1,Reactivity,4.898747288058175
Cirsium_palustre,-1.573,0.458,Hurdle_zi,T0-T2,INTER,1,T_generation,1.2255759905166659
Cirsium_palustre,-1.573,0.458,Hurdle_zi,T0-T2,INTER,1,age_repro,1.534647496889771
Cirsium_palustre,-1.573,0.458,Hurdle_zi,T0-T2,INTER,1,percapita_repro,4.957313127808717
Cirsium_vulgare,-0.986,0.259,Hurdle_zi,T0-T2,INTER,1,FirstStepAtt,-3.1910655226282234
Cirsium_vulgare,-0.986,0.259,Hurdle_zi,T0-T2,INTER,1,Lambda,0.7844344795818798
Cirsium_vulgare,-0.986,0.259,Hurdle_zi,T0-T2,INTER,1,Lmax,1.507973248367974
Cirsium_vulgare,-0.986,0.259,Hurdle_zi,T0-T2,INTER,1,Lmean,0.3479988332516422
Cirsium_vulgare,-0.986,0.259,Hurdle_zi,T0-T2,INTER,1,R0,-1.420279247517773
Cirsium_vulgare,-0.986,0.259,Hurdle_zi,T0-T2,INTER,1,Reactivity,2.641485998869525
Cirsium_vulgare,-0.986,0.259,Hurdle_zi,T0-T2,INTER,1,T_generation,1.4828783988333107
Cirsium_vulgare,-0.986,0.259,Hurdle_zi,T0-T2,INTER,1,age_repro,0.9323966804077027
Cirsium_vulgare,-0.986,0.259,Hurdle_zi,T0-T2,INTER,1,percapita_repro,1.89963041219607
Daucus_carota,-1.447,0.211,Hurdle_zi,T0-T2,INTER,1,FirstStepAtt,-4.040610337013186
Daucus_carota,-1.447,0.211,Hurdle_zi,T0-T2,INTER,1,Lambda,1.7161044748521754
Daucus_carota,-1.447,0.211,Hurdle_zi,T0-T2,INTER,1,Lmax,1.0986122886681098
Daucus_carota,-1.447,0.211,Hurdle_zi,T0-T2,INTER,1,Lmean,0.31834252276646996
Daucus_carota,-1.447,0.211,Hurdle_zi,T0-T2,INTER,1,R0,1.8196701629274532
Daucus_carota,-1.447,0.211,Hurdle_zi,T0-T2,INTER,1,Reactivity,NA
Daucus_carota,-1.447,0.211,Hurdle_zi,T0-T2,INTER,1,T_generation,1.189773196967312
Daucus_carota,-1.447,0.211,Hurdle_zi,T0-T2,INTER,1,age_repro,1.431272611901774
Daucus_carota,-1.447,0.211,Hurdle_zi,T0-T2,INTER,1,percapita_repro,NA
Echium_vulgare,-1.7,0.363,Hurdle_zi,T0-T2,INTER,1,FirstStepAtt,-1.4808281568478858
Echium_vulgare,-1.7,0.363,Hurdle_zi,T0-T2,INTER,1,Lambda,1.54759800300862
Echium_vulgare,-1.7,0.363,Hurdle_zi,T0-T2,INTER,1,Lmax,1.3862943611198906
Echium_vulgare,-1.7,0.363,Hurdle_zi,T0-T2,INTER,1,Lmean,0.5010758488001458
Echium_vulgare,-1.7,0.363,Hurdle_zi,T0-T2,INTER,1,R0,1.6034012709220467
Echium_vulgare,-1.7,0.363,Hurdle_zi,T0-T2,INTER,1,Reactivity,3.2663741200499037
Echium_vulgare,-1.7,0.363,Hurdle_zi,T0-T2,INTER,1,T_generation,1.287139504575711
Echium_vulgare,-1.7,0.363,Hurdle_zi,T0-T2,INTER,1,age_repro,1.3132909952863716
Echium_vulgare,-1.7,0.363,Hurdle_zi,T0-T2,INTER,1,percapita_repro,3.7030781735137492
Elymus_repens,-1.054,0.159,Hurdle_zi,T0-T2,INTER,1,FirstStepAtt,-19.608981934788076
Elymus_repens,-1.054,0.159,Hurdle_zi,T0-T2,INTER,1,Lambda,NA
Elymus_repens,-1.054,0.159,Hurdle_zi,T0-T2,INTER,1,Lmax,0.6931471805599453
Elymus_repens,-1.054,0.159,Hurdle_zi,T0-T2,INTER,1,Lmean,0.34830572665687204
Elymus_repens,-1.054,0.159,Hurdle_zi,T0-T2,INTER,1,R0,4.306802628082906
Elymus_repens,-1.054,0.159,Hurdle_zi,T0-T2,INTER,1,Reactivity,NA
Elymus_repens,-1.054,0.159,Hurdle_zi,T0-T2,INTER,1,T_generation,0.00771453240913415
Elymus_repens,-1.054,0.159,Hurdle_zi,T0-T2,INTER,1,age_repro,0
Elymus_repens,-1.054,0.159,Hurdle_zi,T0-T2,INTER,1,percapita_repro,-5.74205469871386
Erigeron_canadensis,-1.769,0.214,Hurdle_zi,T0-T2,INTER,1,FirstStepAtt,-2.9940372183428647
Erigeron_canadensis,-1.769,0.214,Hurdle_zi,T0-T2,INTER,1,Lambda,NA
Erigeron_canadensis,-1.769,0.214,Hurdle_zi,T0-T2,INTER,1,Lmax,0
Erigeron_canadensis,-1.769,0.214,Hurdle_zi,T0-T2,INTER,1,Lmean,0
Erigeron_canadensis,-1.769,0.214,Hurdle_zi,T0-T2,INTER,1,R0,2.750423016465953
Erigeron_canadensis,-1.769,0.214,Hurdle_zi,T0-T2,INTER,1,Reactivity,3.7256901124743216
Erigeron_canadensis,-1.769,0.214,Hurdle_zi,T0-T2,INTER,1,T_generation,0.1300250884192771
Erigeron_canadensis,-1.769,0.214,Hurdle_zi,T0-T2,INTER,1,age_repro,0.9159908368351705
Erigeron_canadensis,-1.769,0.214,Hurdle_zi,T0-T2,INTER,1,percapita_repro,5.684089841310465
Knautia_arvensis,-1.106,0.379,Hurdle_zi,T0-T2,INTER,1,FirstStepAtt,-2.956373754274904
Knautia_arvensis,-1.106,0.379,Hurdle_zi,T0-T2,INTER,1,Lambda,0.30764990872892994
Knautia_arvensis,-1.106,0.379,Hurdle_zi,T0-T2,INTER,1,Lmax,0.6931471805599453
Knautia_arvensis,-1.106,0.379,Hurdle_zi,T0-T2,INTER,1,Lmean,0.022139719151234638
Knautia_arvensis,-1.106,0.379,Hurdle_zi,T0-T2,INTER,1,R0,-9.95071325619903
Knautia_arvensis,-1.106,0.379,Hurdle_zi,T0-T2,INTER,1,Reactivity,0.35097071858090473
Knautia_arvensis,-1.106,0.379,Hurdle_zi,T0-T2,INTER,1,T_generation,NA
Knautia_arvensis,-1.106,0.379,Hurdle_zi,T0-T2,INTER,1,age_repro,0.9322894183877876
Knautia_arvensis,-1.106,0.379,Hurdle_zi,T0-T2,INTER,1,percapita_repro,-4.367646677748796
Lactuca_serriola,-1.735,0.327,Hurdle_zi,T0-T2,INTER,1,FirstStepAtt,-2.5276283678174485
Lactuca_serriola,-1.735,0.327,Hurdle_zi,T0-T2,INTER,1,Lambda,NA
Lactuca_serriola,-1.735,0.327,Hurdle_zi,T0-T2,INTER,1,Lmax,0
Lactuca_serriola,-1.735,0.327,Hurdle_zi,T0-T2,INTER,1,Lmean,0
Lactuca_serriola,-1.735,0.327,Hurdle_zi,T0-T2,INTER,1,R0,2.961708269076509
Lactuca_serriola,-1.735,0.327,Hurdle_zi,T0-T2,INTER,1,Reactivity,5.096932718325193
Lactuca_serriola,-1.735,0.327,Hurdle_zi,T0-T2,INTER,1,T_generation,0.08738433516364566
Lactuca_serriola,-1.735,0.327,Hurdle_zi,T0-T2,INTER,1,age_repro,1.2839753424841123
Lactuca_serriola,-1.735,0.327,Hurdle_zi,T0-T2,INTER,1,percapita_repro,7.147653680580111
Linum_catharticum,-1.649,0.35,Hurdle_zi,T0-T2,INTER,1,FirstStepAtt,-3.1953085121694222
Linum_catharticum,-1.649,0.35,Hurdle_zi,T0-T2,INTER,1,Lambda,NA
Linum_catharticum,-1.649,0.35,Hurdle_zi,T0-T2,INTER,1,Lmax,2.0794415416798357
Linum_catharticum,-1.649,0.35,Hurdle_zi,T0-T2,INTER,1,Lmean,0.7715798705141755
Linum_catharticum,-1.649,0.35,Hurdle_zi,T0-T2,INTER,1,R0,1.7942778474769048
Linum_catharticum,-1.649,0.35,Hurdle_zi,T0-T2,INTER,1,Reactivity,3.8165083573910685
Linum_catharticum,-1.649,0.35,Hurdle_zi,T0-T2,INTER,1,T_generation,0.30079171330480015
Linum_catharticum,-1.649,0.35,Hurdle_zi,T0-T2,INTER,1,age_repro,0.7034715243015948
Linum_catharticum,-1.649,0.35,Hurdle_zi,T0-T2,INTER,1,percapita_repro,3.0328521355315146
Myosotis_ramosissima,-1.534,0.461,Hurdle_zi,T0-T2,INTER,1,FirstStepAtt,-3.6870030575668453
Myosotis_ramosissima,-1.534,0.461,Hurdle_zi,T0-T2,INTER,1,Lambda,1.4558843238144925
Myosotis_ramosissima,-1.534,0.461,Hurdle_zi,T0-T2,INTER,1,Lmax,0
Myosotis_ramosissima,-1.534,0.461,Hurdle_zi,T0-T2,INTER,1,Lmean,0
Myosotis_ramosissima,-1.534,0.461,Hurdle_zi,T0-T2,INTER,1,R0,1.3761933951892638
Myosotis_ramosissima,-1.534,0.461,Hurdle_zi,T0-T2,INTER,1,Reactivity,0.48764865977290195
Myosotis_ramosissima,-1.534,0.461,Hurdle_zi,T0-T2,INTER,1,T_generation,0.013734478546359119
Myosotis_ramosissima,-1.534,0.461,Hurdle_zi,T0-T2,INTER,1,age_repro,0.7154702161542037
Myosotis_ramosissima,-1.534,0.461,Hurdle_zi,T0-T2,INTER,1,percapita_repro,1.826732983425593
Picris_hieracioides,-1.202,0.212,Hurdle_zi,T0-T2,INTER,1,FirstStepAtt,-4.012603074068456
Picris_hieracioides,-1.202,0.212,Hurdle_zi,T0-T2,INTER,1,Lambda,0.8846497432296893
Picris_hieracioides,-1.202,0.212,Hurdle_zi,T0-T2,INTER,1,Lmax,0.6931471805599453
Picris_hieracioides,-1.202,0.212,Hurdle_zi,T0-T2,INTER,1,Lmean,0.025497751793431413
Picris_hieracioides,-1.202,0.212,Hurdle_zi,T0-T2,INTER,1,R0,-0.5012341883972119
Picris_hieracioides,-1.202,0.212,Hurdle_zi,T0-T2,INTER,1,Reactivity,5.739334580340471
Picris_hieracioides,-1.202,0.212,Hurdle_zi,T0-T2,INTER,1,T_generation,1.4151934417967624
Picris_hieracioides,-1.202,0.212,Hurdle_zi,T0-T2,INTER,1,age_repro,1.5430234695350933
Picris_hieracioides,-1.202,0.212,Hurdle_zi,T0-T2,INTER,1,percapita_repro,5.616771097666572
Pimpinella_saxifraga,-0.881,0.308,Hurdle_zi,T0-T2,INTER,1,FirstStepAtt,-0.5923077657542147
Pimpinella_saxifraga,-0.881,0.308,Hurdle_zi,T0-T2,INTER,1,Lambda,0.9547406316474248
Pimpinella_saxifraga,-0.881,0.308,Hurdle_zi,T0-T2,INTER,1,Lmax,3.2778313935718644
Pimpinella_saxifraga,-0.881,0.308,Hurdle_zi,T0-T2,INTER,1,Lmean,1.3985454207581605
Pimpinella_saxifraga,-0.881,0.308,Hurdle_zi,T0-T2,INTER,1,R0,-0.7090626241047243
Pimpinella_saxifraga,-0.881,0.308,Hurdle_zi,T0-T2,INTER,1,Reactivity,0.9233752615973371
Pimpinella_saxifraga,-0.881,0.308,Hurdle_zi,T0-T2,INTER,1,T_generation,2.7756138699245225
Pimpinella_saxifraga,-0.881,0.308,Hurdle_zi,T0-T2,INTER,1,age_repro,1.7819632124517442
Pimpinella_saxifraga,-0.881,0.308,Hurdle_zi,T0-T2,INTER,1,percapita_repro,-0.1635626778133
Plantago_coronopus,-1.224,0.257,Hurdle_zi,T0-T2,INTER,1,FirstStepAtt,-1.0607821044920802
Plantago_coronopus,-1.224,0.257,Hurdle_zi,T0-T2,INTER,1,Lambda,0.8883340096307588
Plantago_coronopus,-1.224,0.257,Hurdle_zi,T0-T2,INTER,1,Lmax,1.907994489728227
Plantago_coronopus,-1.224,0.257,Hurdle_zi,T0-T2,INTER,1,Lmean,0.5836315540514999
Plantago_coronopus,-1.224,0.257,Hurdle_zi,T0-T2,INTER,1,R0,-0.7679497099488539
Plantago_coronopus,-1.224,0.257,Hurdle_zi,T0-T2,INTER,1,Reactivity,1.2700917455756844
Plantago_coronopus,-1.224,0.257,Hurdle_zi,T0-T2,INTER,1,T_generation,1.4792349913940708
Plantago_coronopus,-1.224,0.257,Hurdle_zi,T0-T2,INTER,1,age_repro,0.7227032675127357
Plantago_coronopus,-1.224,0.257,Hurdle_zi,T0-T2,INTER,1,percapita_repro,-0.16078899600806454
Plantago_media,-1.398,0.374,Hurdle_zi,T0-T2,INTER,1,FirstStepAtt,-2.5216721506920545
Plantago_media,-1.398,0.374,Hurdle_zi,T0-T2,INTER,1,Lambda,0.9166479924897526
Plantago_media,-1.398,0.374,Hurdle_zi,T0-T2,INTER,1,Lmax,1.7178918965462198
Plantago_media,-1.398,0.374,Hurdle_zi,T0-T2,INTER,1,Lmean,0.240093455091011
Plantago_media,-1.398,0.374,Hurdle_zi,T0-T2,INTER,1,R0,-3.703632943874186
Plantago_media,-1.398,0.374,Hurdle_zi,T0-T2,INTER,1,Reactivity,0.9115891884505661
Plantago_media,-1.398,0.374,Hurdle_zi,T0-T2,INTER,1,T_generation,3.2830740541662764
Plantago_media,-1.398,0.374,Hurdle_zi,T0-T2,INTER,1,age_repro,2.050568331584061
Plantago_media,-1.398,0.374,Hurdle_zi,T0-T2,INTER,1,percapita_repro,0.21247852101489456
Potentilla_recta,-1.548,0.28,Hurdle_zi,T0-T2,INTER,1,FirstStepAtt,-1.2072466251783427
Potentilla_recta,-1.548,0.28,Hurdle_zi,T0-T2,INTER,1,Lambda,1.3233051390988662
Potentilla_recta,-1.548,0.28,Hurdle_zi,T0-T2,INTER,1,Lmax,2.8995463272302633
Potentilla_recta,-1.548,0.28,Hurdle_zi,T0-T2,INTER,1,Lmean,1.114174982541197
Potentilla_recta,-1.548,0.28,Hurdle_zi,T0-T2,INTER,1,R0,-Inf
Potentilla_recta,-1.548,0.28,Hurdle_zi,T0-T2,INTER,1,Reactivity,2.3355670141886495
Potentilla_recta,-1.548,0.28,Hurdle_zi,T0-T2,INTER,1,T_generation,1.1285664763465502
Potentilla_recta,-1.548,0.28,Hurdle_zi,T0-T2,INTER,1,age_repro,1.470241457035962
Potentilla_recta,-1.548,0.28,Hurdle_zi,T0-T2,INTER,1,percapita_repro,5.184136566294191
Primula_elatior,-1.458,0.469,Hurdle_zi,T0-T2,INTER,1,FirstStepAtt,-2.5752591198739894
Primula_elatior,-1.458,0.469,Hurdle_zi,T0-T2,INTER,1,Lambda,1.0243599289476764
Primula_elatior,-1.458,0.469,Hurdle_zi,T0-T2,INTER,1,Lmax,3.078214221499716
Primula_elatior,-1.458,0.469,Hurdle_zi,T0-T2,INTER,1,Lmean,0.9348686606054332
Primula_elatior,-1.458,0.469,Hurdle_zi,T0-T2,INTER,1,R0,-0.1983437887657272
Primula_elatior,-1.458,0.469,Hurdle_zi,T0-T2,INTER,1,Reactivity,1.2375774274497275
Primula_elatior,-1.458,0.469,Hurdle_zi,T0-T2,INTER,1,T_generation,2.774342942782747
Primula_elatior,-1.458,0.469,Hurdle_zi,T0-T2,INTER,1,age_repro,1.5965918444925693
Primula_elatior,-1.458,0.469,Hurdle_zi,T0-T2,INTER,1,percapita_repro,0.6906312588074858
Primula_veris,-1.401,0.352,Hurdle_zi,T0-T2,INTER,1,FirstStepAtt,-3.0996415326914413
Primula_veris,-1.401,0.352,Hurdle_zi,T0-T2,INTER,1,Lambda,0.9177166512186883
Primula_veris,-1.401,0.352,Hurdle_zi,T0-T2,INTER,1,Lmax,1.777554626801171
Primula_veris,-1.401,0.352,Hurdle_zi,T0-T2,INTER,1,Lmean,0.34573408996051475
Primula_veris,-1.401,0.352,Hurdle_zi,T0-T2,INTER,1,R0,-3.531205384831014
Primula_veris,-1.401,0.352,Hurdle_zi,T0-T2,INTER,1,Reactivity,1.8406103144604358
Primula_veris,-1.401,0.352,Hurdle_zi,T0-T2,INTER,1,T_generation,3.266151130174338
Primula_veris,-1.401,0.352,Hurdle_zi,T0-T2,INTER,1,age_repro,2.1007008996065113
Primula_veris,-1.401,0.352,Hurdle_zi,T0-T2,INTER,1,percapita_repro,1.3057574210790406
Ranunculus_acris,-1.565,0.172,Hurdle_zi,T0-T2,INTER,1,FirstStepAtt,-2.223673155588096
Ranunculus_acris,-1.565,0.172,Hurdle_zi,T0-T2,INTER,1,Lambda,1.1474253581153837
Ranunculus_acris,-1.565,0.172,Hurdle_zi,T0-T2,INTER,1,Lmax,1.791759469228055
Ranunculus_acris,-1.565,0.172,Hurdle_zi,T0-T2,INTER,1,Lmean,0.2694368352850546
Ranunculus_acris,-1.565,0.172,Hurdle_zi,T0-T2,INTER,1,R0,0.4291243489821683
Ranunculus_acris,-1.565,0.172,Hurdle_zi,T0-T2,INTER,1,Reactivity,1.8978523971700296
Ranunculus_acris,-1.565,0.172,Hurdle_zi,T0-T2,INTER,1,T_generation,1.3335494740785472
Ranunculus_acris,-1.565,0.172,Hurdle_zi,T0-T2,INTER,1,age_repro,1.1167312512505851
Ranunculus_acris,-1.565,0.172,Hurdle_zi,T0-T2,INTER,1,percapita_repro,1.9401794743463283
Ratibida_columnifera,-1.523,0.463,Hurdle_zi,T0-T2,INTER,1,FirstStepAtt,-0.002056079496990296
Ratibida_columnifera,-1.523,0.463,Hurdle_zi,T0-T2,INTER,1,Lambda,0.7243603858174655
Ratibida_columnifera,-1.523,0.463,Hurdle_zi,T0-T2,INTER,1,Lmax,0.8751993382067543
Ratibida_columnifera,-1.523,0.463,Hurdle_zi,T0-T2,INTER,1,Lmean,0.15118484663816348
Ratibida_columnifera,-1.523,0.463,Hurdle_zi,T0-T2,INTER,1,R0,-0.18377717828257087
Ratibida_columnifera,-1.523,0.463,Hurdle_zi,T0-T2,INTER,1,Reactivity,0.0047432640012664016
Ratibida_columnifera,-1.523,0.463,Hurdle_zi,T0-T2,INTER,1,T_generation,0.18788835999659365
Ratibida_columnifera,-1.523,0.463,Hurdle_zi,T0-T2,INTER,1,age_repro,0
Ratibida_columnifera,-1.523,0.463,Hurdle_zi,T0-T2,INTER,1,percapita_repro,-0.3349620249207343
Scabiosa_columbaria,-1.461,0.469,Hurdle_zi,T0-T2,INTER,1,FirstStepAtt,-0.25733963460191384
Scabiosa_columbaria,-1.461,0.469,Hurdle_zi,T0-T2,INTER,1,Lambda,1.0296135539128584
Scabiosa_columbaria,-1.461,0.469,Hurdle_zi,T0-T2,INTER,1,Lmax,3.1354942159291497
Scabiosa_columbaria,-1.461,0.469,Hurdle_zi,T0-T2,INTER,1,Lmean,1.6713567260626774
Scabiosa_columbaria,-1.461,0.469,Hurdle_zi,T0-T2,INTER,1,R0,0.20533632722506642
Scabiosa_columbaria,-1.461,0.469,Hurdle_zi,T0-T2,INTER,1,Reactivity,1.8699344460843945
Scabiosa_columbaria,-1.461,0.469,Hurdle_zi,T0-T2,INTER,1,T_generation,1.9091809950068628
Scabiosa_columbaria,-1.461,0.469,Hurdle_zi,T0-T2,INTER,1,age_repro,1.8510989090143637
Scabiosa_columbaria,-1.461,0.469,Hurdle_zi,T0-T2,INTER,1,percapita_repro,1.7867469274045107
Sphaeralcea_coccinea,-1.498,0.309,Hurdle_zi,T0-T2,INTER,1,FirstStepAtt,-0.021668930362796438
Sphaeralcea_coccinea,-1.498,0.309,Hurdle_zi,T0-T2,INTER,1,Lambda,0.9140916052986946
Sphaeralcea_coccinea,-1.498,0.309,Hurdle_zi,T0-T2,INTER,1,Lmax,1.1291966833851346
Sphaeralcea_coccinea,-1.498,0.309,Hurdle_zi,T0-T2,INTER,1,Lmean,0.18479959171993668
Sphaeralcea_coccinea,-1.498,0.309,Hurdle_zi,T0-T2,INTER,1,R0,-0.1631566065473073
Sphaeralcea_coccinea,-1.498,0.309,Hurdle_zi,T0-T2,INTER,1,Reactivity,0.06479482429602482
Sphaeralcea_coccinea,-1.498,0.309,Hurdle_zi,T0-T2,INTER,1,T_generation,0.24224692726379177
Sphaeralcea_coccinea,-1.498,0.309,Hurdle_zi,T0-T2,INTER,1,age_repro,0
Sphaeralcea_coccinea,-1.498,0.309,Hurdle_zi,T0-T2,INTER,1,percapita_repro,-0.347956198267244
Stenaria_nigricans,-1.216,0.325,Hurdle_zi,T0-T2,INTER,1,FirstStepAtt,-0.001506241946231945
Stenaria_nigricans,-1.216,0.325,Hurdle_zi,T0-T2,INTER,1,Lambda,0.9901413361648121
Stenaria_nigricans,-1.216,0.325,Hurdle_zi,T0-T2,INTER,1,Lmax,0.8841014310483891
Stenaria_nigricans,-1.216,0.325,Hurdle_zi,T0-T2,INTER,1,Lmean,0.1061701762787086
Stenaria_nigricans,-1.216,0.325,Hurdle_zi,T0-T2,INTER,1,R0,0.21085254589803137
Stenaria_nigricans,-1.216,0.325,Hurdle_zi,T0-T2,INTER,1,Reactivity,0.009202684809058356
Stenaria_nigricans,-1.216,0.325,Hurdle_zi,T0-T2,INTER,1,T_generation,0.10216634557653173
Stenaria_nigricans,-1.216,0.325,Hurdle_zi,T0-T2,INTER,1,age_repro,0
Stenaria_nigricans,-1.216,0.325,Hurdle_zi,T0-T2,INTER,1,percapita_repro,0.10468236961932272
Taraxacum_campylodes,-1.652,0.345,Hurdle_zi,T0-T2,INTER,1,FirstStepAtt,-2.3531148413315983
Taraxacum_campylodes,-1.652,0.345,Hurdle_zi,T0-T2,INTER,1,Lambda,0.08041791145870329
Taraxacum_campylodes,-1.652,0.345,Hurdle_zi,T0-T2,INTER,1,Lmax,0.5493061443340549
Taraxacum_campylodes,-1.652,0.345,Hurdle_zi,T0-T2,INTER,1,Lmean,0.06773896227809098
Taraxacum_campylodes,-1.652,0.345,Hurdle_zi,T0-T2,INTER,1,R0,-Inf
Taraxacum_campylodes,-1.652,0.345,Hurdle_zi,T0-T2,INTER,1,Reactivity,2.4046693226371185
Taraxacum_campylodes,-1.652,0.345,Hurdle_zi,T0-T2,INTER,1,T_generation,NA
Taraxacum_campylodes,-1.652,0.345,Hurdle_zi,T0-T2,INTER,1,age_repro,0
Taraxacum_campylodes,-1.652,0.345,Hurdle_zi,T0-T2,INTER,1,percapita_repro,-11.213549524439351
Thymus_vulgaris,-1.458,0.378,Hurdle_zi,T0-T2,INTER,1,FirstStepAtt,-0.005866973847378982
Thymus_vulgaris,-1.458,0.378,Hurdle_zi,T0-T2,INTER,1,Lambda,0.9926751959162854
Thymus_vulgaris,-1.458,0.378,Hurdle_zi,T0-T2,INTER,1,Lmax,5.964961904446033
Thymus_vulgaris,-1.458,0.378,Hurdle_zi,T0-T2,INTER,1,Lmean,4.459892288650257
Thymus_vulgaris,-1.458,0.378,Hurdle_zi,T0-T2,INTER,1,R0,-1.07189733945768
Thymus_vulgaris,-1.458,0.378,Hurdle_zi,T0-T2,INTER,1,Reactivity,0.010349758754626258
Thymus_vulgaris,-1.458,0.378,Hurdle_zi,T0-T2,INTER,1,T_generation,NA
Thymus_vulgaris,-1.458,0.378,Hurdle_zi,T0-T2,INTER,1,age_repro,NA
Thymus_vulgaris,-1.458,0.378,Hurdle_zi,T0-T2,INTER,1,percapita_repro,-5.143380039347928
Verbascum_thapsus,-1.644,0.365,Hurdle_zi,T0-T2,INTER,1,FirstStepAtt,-4.012613096092431
Verbascum_thapsus,-1.644,0.365,Hurdle_zi,T0-T2,INTER,1,Lambda,NA
Verbascum_thapsus,-1.644,0.365,Hurdle_zi,T0-T2,INTER,1,Lmax,0.6931471805599453
Verbascum_thapsus,-1.644,0.365,Hurdle_zi,T0-T2,INTER,1,Lmean,0.05129369438747054
Verbascum_thapsus,-1.644,0.365,Hurdle_zi,T0-T2,INTER,1,R0,3.381715911075376
Verbascum_thapsus,-1.644,0.365,Hurdle_zi,T0-T2,INTER,1,Reactivity,NA
Verbascum_thapsus,-1.644,0.365,Hurdle_zi,T0-T2,INTER,1,T_generation,0.7764348966557838
Verbascum_thapsus,-1.644,0.365,Hurdle_zi,T0-T2,INTER,1,age_repro,2.5523449856956373
Verbascum_thapsus,-1.644,0.365,Hurdle_zi,T0-T2,INTER,1,percapita_repro,NA
Veronica_arvensis,-1.876,0.196,Hurdle_zi,T0-T2,INTER,1,FirstStepAtt,-1.3609972168245543
Veronica_arvensis,-1.876,0.196,Hurdle_zi,T0-T2,INTER,1,Lambda,1.0575348190993947
Veronica_arvensis,-1.876,0.196,Hurdle_zi,T0-T2,INTER,1,Lmax,0.12924850454918937
Veronica_arvensis,-1.876,0.196,Hurdle_zi,T0-T2,INTER,1,Lmean,0.05244694819316372
Veronica_arvensis,-1.876,0.196,Hurdle_zi,T0-T2,INTER,1,R0,-0.014999404757933873
Veronica_arvensis,-1.876,0.196,Hurdle_zi,T0-T2,INTER,1,Reactivity,1.7913324339405632
Veronica_arvensis,-1.876,0.196,Hurdle_zi,T0-T2,INTER,1,T_generation,0.4178504962611216
Veronica_arvensis,-1.876,0.196,Hurdle_zi,T0-T2,INTER,1,age_repro,0.8907769885320955
Veronica_arvensis,-1.876,0.196,Hurdle_zi,T0-T2,INTER,1,percapita_repro,1.8152156216155975
Acer_saccharum,-2.526,0.378,Ordbeta,T0-T2,INTER,1,FirstStepAtt,-0.13633162397836548
Acer_saccharum,-2.526,0.378,Ordbeta,T0-T2,INTER,1,Lambda,1.7751478346888432
Acer_saccharum,-2.526,0.378,Ordbeta,T0-T2,INTER,1,Lmax,5.5871025137026376
Acer_saccharum,-2.526,0.378,Ordbeta,T0-T2,INTER,1,Lmean,5.240241348413525
Acer_saccharum,-2.526,0.378,Ordbeta,T0-T2,INTER,1,R0,6.4970270462927875
Acer_saccharum,-2.526,0.378,Ordbeta,T0-T2,INTER,1,Reactivity,0.11239532885872881
Acer_saccharum,-2.526,0.378,Ordbeta,T0-T2,INTER,1,T_generation,1.6297372686170404
Acer_saccharum,-2.526,0.378,Ordbeta,T0-T2,INTER,1,age_repro,2.5048380603456604
Acer_saccharum,-2.526,0.378,Ordbeta,T0-T2,INTER,1,percapita_repro,-0.15190606423970499
Agrimonia_eupatoria,-2.282,0.212,Ordbeta,T0-T2,INTER,1,FirstStepAtt,-0.40426778811109665
Agrimonia_eupatoria,-2.282,0.212,Ordbeta,T0-T2,INTER,1,Lambda,0.99064442494128635
Agrimonia_eupatoria,-2.282,0.212,Ordbeta,T0-T2,INTER,1,Lmax,4.5330412476880015
Agrimonia_eupatoria,-2.282,0.212,Ordbeta,T0-T2,INTER,1,Lmean,2.276623485281897
Agrimonia_eupatoria,-2.282,0.212,Ordbeta,T0-T2,INTER,1,R0,-0.3812702083300579
Agrimonia_eupatoria,-2.282,0.212,Ordbeta,T0-T2,INTER,1,Reactivity,0.19207496843703886
Agrimonia_eupatoria,-2.282,0.212,Ordbeta,T0-T2,INTER,1,T_generation,3.6207086258222287
Agrimonia_eupatoria,-2.282,0.212,Ordbeta,T0-T2,INTER,1,age_repro,2.087394345070076
Agrimonia_eupatoria,-2.282,0.212,Ordbeta,T0-T2,INTER,1,percapita_repro,-1.5661843426366495
Alliaria_petiolata,-2.304,0.42,Ordbeta,T0-T2,INTER,1,FirstStepAtt,-3.0948794939108963
Alliaria_petiolata,-2.304,0.42,Ordbeta,T0-T2,INTER,1,Lambda,1.0463224402111775
Alliaria_petiolata,-2.304,0.42,Ordbeta,T0-T2,INTER,1,Lmax,0.6365637372489293
Alliaria_petiolata,-2.304,0.42,Ordbeta,T0-T2,INTER,1,Lmean,0.09348139690409192
Alliaria_petiolata,-2.304,0.42,Ordbeta,T0-T2,INTER,1,R0,0.04835133243682425
Alliaria_petiolata,-2.304,0.42,Ordbeta,T0-T2,INTER,1,Reactivity,3.9249434155943397
Alliaria_petiolata,-2.304,0.42,Ordbeta,T0-T2,INTER,1,T_generation,1.9470007488799672
Alliaria_petiolata,-2.304,0.42,Ordbeta,T0-T2,INTER,1,age_repro,1.9509898512394936
Alliaria_petiolata,-2.304,0.42,Ordbeta,T0-T2,INTER,1,percapita_repro,4.092562958320852
Allium_vineale,-2.358,0.373,Ordbeta,T0-T2,INTER,1,FirstStepAtt,-2.036030904211625
Allium_vineale,-2.358,0.373,Ordbeta,T0-T2,INTER,1,Lambda,1.170906773884173
Allium_vineale,-2.358,0.373,Ordbeta,T0-T2,INTER,1,Lmax,1.0986122886681098
Allium_vineale,-2.358,0.373,Ordbeta,T0-T2,INTER,1,Lmean,0.16647352389668973
Allium_vineale,-2.358,0.373,Ordbeta,T0-T2,INTER,1,R0,0.3408368280021561
Allium_vineale,-2.358,0.373,Ordbeta,T0-T2,INTER,1,Reactivity,2.1940830508207325
Allium_vineale,-2.358,0.373,Ordbeta,T0-T2,INTER,1,T_generation,0.7635325690826141
Allium_vineale,-2.358,0.373,Ordbeta,T0-T2,INTER,1,age_repro,1.2000990079409088
Allium_vineale,-2.358,0.373,Ordbeta,T0-T2,INTER,1,percapita_repro,2.3368650630604555
Andropogon_gerardii,-0.535,0.205,Ordbeta,T0-T2,INTER,1,FirstStepAtt,-1.1908608264270113
Andropogon_gerardii,-0.535,0.205,Ordbeta,T0-T2,INTER,1,Lambda,1.50587325216984
Andropogon_gerardii,-0.535,0.205,Ordbeta,T0-T2,INTER,1,Lmax,1.764891121214301
Andropogon_gerardii,-0.535,0.205,Ordbeta,T0-T2,INTER,1,Lmean,0.6723210807858808
Andropogon_gerardii,-0.535,0.205,Ordbeta,T0-T2,INTER,1,R0,0.8354773555720532
Andropogon_gerardii,-0.535,0.205,Ordbeta,T0-T2,INTER,1,Reactivity,1.7926841280473305
Andropogon_gerardii,-0.535,0.205,Ordbeta,T0-T2,INTER,1,T_generation,0.7395193223181741
Andropogon_gerardii,-0.535,0.205,Ordbeta,T0-T2,INTER,1,age_repro,0.7862530575220442
Andropogon_gerardii,-0.535,0.205,Ordbeta,T0-T2,INTER,1,percapita_repro,2.0924307697315556
Arenaria_serpyllifolia,-1.913,0.242,Ordbeta,T0-T2,INTER,1,FirstStepAtt,-2.2176497264357233
Arenaria_serpyllifolia,-1.913,0.242,Ordbeta,T0-T2,INTER,1,Lambda,0.860684361881849
Arenaria_serpyllifolia,-1.913,0.242,Ordbeta,T0-T2,INTER,1,Lmax,0
Arenaria_serpyllifolia,-1.913,0.242,Ordbeta,T0-T2,INTER,1,Lmean,0
Arenaria_serpyllifolia,-1.913,0.242,Ordbeta,T0-T2,INTER,1,R0,0.13128547046852534
Arenaria_serpyllifolia,-1.913,0.242,Ordbeta,T0-T2,INTER,1,Reactivity,2.5929750386335604
Arenaria_serpyllifolia,-1.913,0.242,Ordbeta,T0-T2,INTER,1,T_generation,0.16988583066600282
Arenaria_serpyllifolia,-1.913,0.242,Ordbeta,T0-T2,INTER,1,age_repro,0.8303384136066279
Arenaria_serpyllifolia,-1.913,0.242,Ordbeta,T0-T2,INTER,1,percapita_repro,2.639396025140823
Armeria_maritima,-2.546,0.277,Ordbeta,T0-T2,INTER,1,FirstStepAtt,-2.2414258727445255
Armeria_maritima,-2.546,0.277,Ordbeta,T0-T2,INTER,1,Lambda,1.458043853064239
Armeria_maritima,-2.546,0.277,Ordbeta,T0-T2,INTER,1,Lmax,2.995732273553991
Armeria_maritima,-2.546,0.277,Ordbeta,T0-T2,INTER,1,Lmean,0.6122577291406874
Armeria_maritima,-2.546,0.277,Ordbeta,T0-T2,INTER,1,R0,4.445083646052526
Armeria_maritima,-2.546,0.277,Ordbeta,T0-T2,INTER,1,Reactivity,5.495776723555247
Armeria_maritima,-2.546,0.277,Ordbeta,T0-T2,INTER,1,T_generation,2.099604255961898
Armeria_maritima,-2.546,0.277,Ordbeta,T0-T2,INTER,1,age_repro,1.5255005163472148
Armeria_maritima,-2.546,0.277,Ordbeta,T0-T2,INTER,1,percapita_repro,3.617282020171661
Carduus_nutans,-2.373,0.425,Ordbeta,T0-T2,INTER,1,FirstStepAtt,-1.2021216175186675
Carduus_nutans,-2.373,0.425,Ordbeta,T0-T2,INTER,1,Lambda,0.7295404692944151
Carduus_nutans,-2.373,0.425,Ordbeta,T0-T2,INTER,1,Lmax,1.4856920935259144
Carduus_nutans,-2.373,0.425,Ordbeta,T0-T2,INTER,1,Lmean,0.48174117970979186
Carduus_nutans,-2.373,0.425,Ordbeta,T0-T2,INTER,1,R0,-0.392418382929946
Carduus_nutans,-2.373,0.425,Ordbeta,T0-T2,INTER,1,Reactivity,3.533469300158437
Carduus_nutans,-2.373,0.425,Ordbeta,T0-T2,INTER,1,T_generation,1.168846532882315
Carduus_nutans,-2.373,0.425,Ordbeta,T0-T2,INTER,1,age_repro,0.9011488671138399
Carduus_nutans,-2.373,0.425,Ordbeta,T0-T2,INTER,1,percapita_repro,1.235991459500605
Centaurea_jacea,-2.344,0.231,Ordbeta,T0-T2,INTER,1,FirstStepAtt,-0.6368104471974831
Centaurea_jacea,-2.344,0.231,Ordbeta,T0-T2,INTER,1,Lambda,0.9157150879324936
Centaurea_jacea,-2.344,0.231,Ordbeta,T0-T2,INTER,1,Lmax,2.4003251984703664
Centaurea_jacea,-2.344,0.231,Ordbeta,T0-T2,INTER,1,Lmean,1.3722715793325009
Centaurea_jacea,-2.344,0.231,Ordbeta,T0-T2,INTER,1,R0,-3.4842742317189583
Centaurea_jacea,-2.344,0.231,Ordbeta,T0-T2,INTER,1,Reactivity,0.41685764138114395
Centaurea_jacea,-2.344,0.231,Ordbeta,T0-T2,INTER,1,T_generation,2.978872381362829
Centaurea_jacea,-2.344,0.231,Ordbeta,T0-T2,INTER,1,age_repro,1.6363011514297372
Centaurea_jacea,-2.344,0.231,Ordbeta,T0-T2,INTER,1,percapita_repro,-1.7828083742933423
Cerastium_fontanum,-2.416,0.125,Ordbeta,T0-T2,INTER,1,FirstStepAtt,-2.696031853083466
Cerastium_fontanum,-2.416,0.125,Ordbeta,T0-T2,INTER,1,Lambda,NA
Cerastium_fontanum,-2.416,0.125,Ordbeta,T0-T2,INTER,1,Lmax,0
Cerastium_fontanum,-2.416,0.125,Ordbeta,T0-T2,INTER,1,Lmean,0
Cerastium_fontanum,-2.416,0.125,Ordbeta,T0-T2,INTER,1,R0,1.5184623246973081
Cerastium_fontanum,-2.416,0.125,Ordbeta,T0-T2,INTER,1,Reactivity,3.027270925563423
Cerastium_fontanum,-2.416,0.125,Ordbeta,T0-T2,INTER,1,T_generation,0.005048904923272251
Cerastium_fontanum,-2.416,0.125,Ordbeta,T0-T2,INTER,1,age_repro,0.8873031950009029
Cerastium_fontanum,-2.416,0.125,Ordbeta,T0-T2,INTER,1,percapita_repro,4.522657764413627
Cirsium_arvense,-2.152,0.157,Ordbeta,T0-T2,INTER,1,FirstStepAtt,-3.3290015249469986
Cirsium_arvense,-2.152,0.157,Ordbeta,T0-T2,INTER,1,Lambda,NA
Cirsium_arvense,-2.152,0.157,Ordbeta,T0-T2,INTER,1,Lmax,1.0986122886681098
Cirsium_arvense,-2.152,0.157,Ordbeta,T0-T2,INTER,1,Lmean,0.1699960817758222
Cirsium_arvense,-2.152,0.157,Ordbeta,T0-T2,INTER,1,R0,3.228914980534981
Cirsium_arvense,-2.152,0.157,Ordbeta,T0-T2,INTER,1,Reactivity,4.0664130997692896
Cirsium_arvense,-2.152,0.157,Ordbeta,T0-T2,INTER,1,T_generation,0.7703612247372394
Cirsium_arvense,-2.152,0.157,Ordbeta,T0-T2,INTER,1,age_repro,1.162546762671639
Cirsium_arvense,-2.152,0.157,Ordbeta,T0-T2,INTER,1,percapita_repro,5.427985054670073
Cirsium_palustre,-2.487,0.412,Ordbeta,T0-T2,INTER,1,FirstStepAtt,-2.5937654771378247
Cirsium_palustre,-2.487,0.412,Ordbeta,T0-T2,INTER,1,Lambda,1.4428002172428838
Cirsium_palustre,-2.487,0.412,Ordbeta,T0-T2,INTER,1,Lmax,1.5273118956910914
Cirsium_palustre,-2.487,0.412,Ordbeta,T0-T2,INTER,1,Lmean,0.20135107219302092
Cirsium_palustre,-2.487,0.412,Ordbeta,T0-T2,INTER,1,R0,1.2807231364002392
Cirsium_palustre,-2.487,0.412,Ordbeta,T0-T2,INTER,1,Reactivity,4.898747288058175
Cirsium_palustre,-2.487,0.412,Ordbeta,T0-T2,INTER,1,T_generation,1.2255759905166659
Cirsium_palustre,-2.487,0.412,Ordbeta,T0-T2,INTER,1,age_repro,1.534647496889771
Cirsium_palustre,-2.487,0.412,Ordbeta,T0-T2,INTER,1,percapita_repro,4.957313127808717
Cirsium_vulgare,-2.139,0.25,Ordbeta,T0-T2,INTER,1,FirstStepAtt,-3.1910655226282234
Cirsium_vulgare,-2.139,0.25,Ordbeta,T0-T2,INTER,1,Lambda,0.7844344795818798
Cirsium_vulgare,-2.139,0.25,Ordbeta,T0-T2,INTER,1,Lmax,1.507973248367974
Cirsium_vulgare,-2.139,0.25,Ordbeta,T0-T2,INTER,1,Lmean,0.3479988332516422
Cirsium_vulgare,-2.139,0.25,Ordbeta,T0-T2,INTER,1,R0,-1.420279247517773
Cirsium_vulgare,-2.139,0.25,Ordbeta,T0-T2,INTER,1,Reactivity,2.641485998869525
Cirsium_vulgare,-2.139,0.25,Ordbeta,T0-T2,INTER,1,T_generation,1.4828783988333107
Cirsium_vulgare,-2.139,0.25,Ordbeta,T0-T2,INTER,1,age_repro,0.9323966804077027
Cirsium_vulgare,-2.139,0.25,Ordbeta,T0-T2,INTER,1,percapita_repro,1.89963041219607
Daucus_carota,-2.302,0.182,Ordbeta,T0-T2,INTER,1,FirstStepAtt,-4.040610337013186
Daucus_carota,-2.302,0.182,Ordbeta,T0-T2,INTER,1,Lambda,1.7161044748521754
Daucus_carota,-2.302,0.182,Ordbeta,T0-T2,INTER,1,Lmax,1.0986122886681098
Daucus_carota,-2.302,0.182,Ordbeta,T0-T2,INTER,1,Lmean,0.31834252276646996
Daucus_carota,-2.302,0.182,Ordbeta,T0-T2,INTER,1,R0,1.8196701629274532
Daucus_carota,-2.302,0.182,Ordbeta,T0-T2,INTER,1,Reactivity,NA
Daucus_carota,-2.302,0.182,Ordbeta,T0-T2,INTER,1,T_generation,1.189773196967312
Daucus_carota,-2.302,0.182,Ordbeta,T0-T2,INTER,1,age_repro,1.431272611901774
Daucus_carota,-2.302,0.182,Ordbeta,T0-T2,INTER,1,percapita_repro,NA
Echium_vulgare,-2.642,0.321,Ordbeta,T0-T2,INTER,1,FirstStepAtt,-1.4808281568478858
Echium_vulgare,-2.642,0.321,Ordbeta,T0-T2,INTER,1,Lambda,1.54759800300862
Echium_vulgare,-2.642,0.321,Ordbeta,T0-T2,INTER,1,Lmax,1.3862943611198906
Echium_vulgare,-2.642,0.321,Ordbeta,T0-T2,INTER,1,Lmean,0.5010758488001458
Echium_vulgare,-2.642,0.321,Ordbeta,T0-T2,INTER,1,R0,1.6034012709220467
Echium_vulgare,-2.642,0.321,Ordbeta,T0-T2,INTER,1,Reactivity,3.2663741200499037
Echium_vulgare,-2.642,0.321,Ordbeta,T0-T2,INTER,1,T_generation,1.287139504575711
Echium_vulgare,-2.642,0.321,Ordbeta,T0-T2,INTER,1,age_repro,1.3132909952863716
Echium_vulgare,-2.642,0.321,Ordbeta,T0-T2,INTER,1,percapita_repro,3.7030781735137492
Elymus_repens,-2.069,0.14,Ordbeta,T0-T2,INTER,1,FirstStepAtt,-19.608981934788076
Elymus_repens,-2.069,0.14,Ordbeta,T0-T2,INTER,1,Lambda,NA
Elymus_repens,-2.069,0.14,Ordbeta,T0-T2,INTER,1,Lmax,0.6931471805599453
Elymus_repens,-2.069,0.14,Ordbeta,T0-T2,INTER,1,Lmean,0.34830572665687204
Elymus_repens,-2.069,0.14,Ordbeta,T0-T2,INTER,1,R0,4.306802628082906
Elymus_repens,-2.069,0.14,Ordbeta,T0-T2,INTER,1,Reactivity,NA
Elymus_repens,-2.069,0.14,Ordbeta,T0-T2,INTER,1,T_generation,0.00771453240913415
Elymus_repens,-2.069,0.14,Ordbeta,T0-T2,INTER,1,age_repro,0
Elymus_repens,-2.069,0.14,Ordbeta,T0-T2,INTER,1,percapita_repro,-5.74205469871386
Erigeron_canadensis,-2.523,0.177,Ordbeta,T0-T2,INTER,1,FirstStepAtt,-2.9940372183428647
Erigeron_canadensis,-2.523,0.177,Ordbeta,T0-T2,INTER,1,Lambda,NA
Erigeron_canadensis,-2.523,0.177,Ordbeta,T0-T2,INTER,1,Lmax,0
Erigeron_canadensis,-2.523,0.177,Ordbeta,T0-T2,INTER,1,Lmean,0
Erigeron_canadensis,-2.523,0.177,Ordbeta,T0-T2,INTER,1,R0,2.750423016465953
Erigeron_canadensis,-2.523,0.177,Ordbeta,T0-T2,INTER,1,Reactivity,3.7256901124743216
Erigeron_canadensis,-2.523,0.177,Ordbeta,T0-T2,INTER,1,T_generation,0.1300250884192771
Erigeron_canadensis,-2.523,0.177,Ordbeta,T0-T2,INTER,1,age_repro,0.9159908368351705
Erigeron_canadensis,-2.523,0.177,Ordbeta,T0-T2,INTER,1,percapita_repro,5.684089841310465
Knautia_arvensis,-2.11,0.346,Ordbeta,T0-T2,INTER,1,FirstStepAtt,-2.956373754274904
Knautia_arvensis,-2.11,0.346,Ordbeta,T0-T2,INTER,1,Lambda,0.30764990872892994
Knautia_arvensis,-2.11,0.346,Ordbeta,T0-T2,INTER,1,Lmax,0.6931471805599453
Knautia_arvensis,-2.11,0.346,Ordbeta,T0-T2,INTER,1,Lmean,0.022139719151234638
Knautia_arvensis,-2.11,0.346,Ordbeta,T0-T2,INTER,1,R0,-9.95071325619903
Knautia_arvensis,-2.11,0.346,Ordbeta,T0-T2,INTER,1,Reactivity,0.35097071858090473
Knautia_arvensis,-2.11,0.346,Ordbeta,T0-T2,INTER,1,T_generation,NA
Knautia_arvensis,-2.11,0.346,Ordbeta,T0-T2,INTER,1,age_repro,0.9322894183877876
Knautia_arvensis,-2.11,0.346,Ordbeta,T0-T2,INTER,1,percapita_repro,-4.367646677748796
Lactuca_serriola,-2.568,0.286,Ordbeta,T0-T2,INTER,1,FirstStepAtt,-2.5276283678174485
Lactuca_serriola,-2.568,0.286,Ordbeta,T0-T2,INTER,1,Lambda,NA
Lactuca_serriola,-2.568,0.286,Ordbeta,T0-T2,INTER,1,Lmax,0
Lactuca_serriola,-2.568,0.286,Ordbeta,T0-T2,INTER,1,Lmean,0
Lactuca_serriola,-2.568,0.286,Ordbeta,T0-T2,INTER,1,R0,2.961708269076509
Lactuca_serriola,-2.568,0.286,Ordbeta,T0-T2,INTER,1,Reactivity,5.096932718325193
Lactuca_serriola,-2.568,0.286,Ordbeta,T0-T2,INTER,1,T_generation,0.08738433516364566
Lactuca_serriola,-2.568,0.286,Ordbeta,T0-T2,INTER,1,age_repro,1.2839753424841123
Lactuca_serriola,-2.568,0.286,Ordbeta,T0-T2,INTER,1,percapita_repro,7.147653680580111
Linum_catharticum,-2.653,0.306,Ordbeta,T0-T2,INTER,1,FirstStepAtt,-3.1953085121694222
Linum_catharticum,-2.653,0.306,Ordbeta,T0-T2,INTER,1,Lambda,NA
Linum_catharticum,-2.653,0.306,Ordbeta,T0-T2,INTER,1,Lmax,2.0794415416798357
Linum_catharticum,-2.653,0.306,Ordbeta,T0-T2,INTER,1,Lmean,0.7715798705141755
Linum_catharticum,-2.653,0.306,Ordbeta,T0-T2,INTER,1,R0,1.7942778474769048
Linum_catharticum,-2.653,0.306,Ordbeta,T0-T2,INTER,1,Reactivity,3.8165083573910685
Linum_catharticum,-2.653,0.306,Ordbeta,T0-T2,INTER,1,T_generation,0.30079171330480015
Linum_catharticum,-2.653,0.306,Ordbeta,T0-T2,INTER,1,age_repro,0.7034715243015948
Linum_catharticum,-2.653,0.306,Ordbeta,T0-T2,INTER,1,percapita_repro,3.0328521355315146
Myosotis_ramosissima,-2.338,0.417,Ordbeta,T0-T2,INTER,1,FirstStepAtt,-3.6870030575668453
Myosotis_ramosissima,-2.338,0.417,Ordbeta,T0-T2,INTER,1,Lambda,1.4558843238144925
Myosotis_ramosissima,-2.338,0.417,Ordbeta,T0-T2,INTER,1,Lmax,0
Myosotis_ramosissima,-2.338,0.417,Ordbeta,T0-T2,INTER,1,Lmean,0
Myosotis_ramosissima,-2.338,0.417,Ordbeta,T0-T2,INTER,1,R0,1.3761933951892638
Myosotis_ramosissima,-2.338,0.417,Ordbeta,T0-T2,INTER,1,Reactivity,0.48764865977290195
Myosotis_ramosissima,-2.338,0.417,Ordbeta,T0-T2,INTER,1,T_generation,0.013734478546359119
Myosotis_ramosissima,-2.338,0.417,Ordbeta,T0-T2,INTER,1,age_repro,0.7154702161542037
Myosotis_ramosissima,-2.338,0.417,Ordbeta,T0-T2,INTER,1,percapita_repro,1.826732983425593
Picris_hieracioides,-1.91,0.182,Ordbeta,T0-T2,INTER,1,FirstStepAtt,-4.012603074068456
Picris_hieracioides,-1.91,0.182,Ordbeta,T0-T2,INTER,1,Lambda,0.8846497432296893
Picris_hieracioides,-1.91,0.182,Ordbeta,T0-T2,INTER,1,Lmax,0.6931471805599453
Picris_hieracioides,-1.91,0.182,Ordbeta,T0-T2,INTER,1,Lmean,0.025497751793431413
Picris_hieracioides,-1.91,0.182,Ordbeta,T0-T2,INTER,1,R0,-0.5012341883972119
Picris_hieracioides,-1.91,0.182,Ordbeta,T0-T2,INTER,1,Reactivity,5.739334580340471
Picris_hieracioides,-1.91,0.182,Ordbeta,T0-T2,INTER,1,T_generation,1.4151934417967624
Picris_hieracioides,-1.91,0.182,Ordbeta,T0-T2,INTER,1,age_repro,1.5430234695350933
Picris_hieracioides,-1.91,0.182,Ordbeta,T0-T2,INTER,1,percapita_repro,5.616771097666572
Pimpinella_saxifraga,-1.716,0.271,Ordbeta,T0-T2,INTER,1,FirstStepAtt,-0.5923077657542147
Pimpinella_saxifraga,-1.716,0.271,Ordbeta,T0-T2,INTER,1,Lambda,0.9547406316474248
Pimpinella_saxifraga,-1.716,0.271,Ordbeta,T0-T2,INTER,1,Lmax,3.2778313935718644
Pimpinella_saxifraga,-1.716,0.271,Ordbeta,T0-T2,INTER,1,Lmean,1.3985454207581605
Pimpinella_saxifraga,-1.716,0.271,Ordbeta,T0-T2,INTER,1,R0,-0.7090626241047243
Pimpinella_saxifraga,-1.716,0.271,Ordbeta,T0-T2,INTER,1,Reactivity,0.9233752615973371
Pimpinella_saxifraga,-1.716,0.271,Ordbeta,T0-T2,INTER,1,T_generation,2.7756138699245225
Pimpinella_saxifraga,-1.716,0.271,Ordbeta,T0-T2,INTER,1,age_repro,1.7819632124517442
Pimpinella_saxifraga,-1.716,0.271,Ordbeta,T0-T2,INTER,1,percapita_repro,-0.1635626778133
Plantago_coronopus,-2.061,0.22,Ordbeta,T0-T2,INTER,1,FirstStepAtt,-1.0607821044920802
Plantago_coronopus,-2.061,0.22,Ordbeta,T0-T2,INTER,1,Lambda,0.8883340096307588
Plantago_coronopus,-2.061,0.22,Ordbeta,T0-T2,INTER,1,Lmax,1.907994489728227
Plantago_coronopus,-2.061,0.22,Ordbeta,T0-T2,INTER,1,Lmean,0.5836315540514999
Plantago_coronopus,-2.061,0.22,Ordbeta,T0-T2,INTER,1,R0,-0.7679497099488539
Plantago_coronopus,-2.061,0.22,Ordbeta,T0-T2,INTER,1,Reactivity,1.2700917455756844
Plantago_coronopus,-2.061,0.22,Ordbeta,T0-T2,INTER,1,T_generation,1.4792349913940708
Plantago_coronopus,-2.061,0.22,Ordbeta,T0-T2,INTER,1,age_repro,0.7227032675127357
Plantago_coronopus,-2.061,0.22,Ordbeta,T0-T2,INTER,1,percapita_repro,-0.16078899600806454
Plantago_media,-2.454,0.336,Ordbeta,T0-T2,INTER,1,FirstStepAtt,-2.5216721506920545
Plantago_media,-2.454,0.336,Ordbeta,T0-T2,INTER,1,Lambda,0.9166479924897526
Plantago_media,-2.454,0.336,Ordbeta,T0-T2,INTER,1,Lmax,1.7178918965462198
Plantago_media,-2.454,0.336,Ordbeta,T0-T2,INTER,1,Lmean,0.240093455091011
Plantago_media,-2.454,0.336,Ordbeta,T0-T2,INTER,1,R0,-3.703632943874186
Plantago_media,-2.454,0.336,Ordbeta,T0-T2,INTER,1,Reactivity,0.9115891884505661
Plantago_media,-2.454,0.336,Ordbeta,T0-T2,INTER,1,T_generation,3.2830740541662764
Plantago_media,-2.454,0.336,Ordbeta,T0-T2,INTER,1,age_repro,2.050568331584061
Plantago_media,-2.454,0.336,Ordbeta,T0-T2,INTER,1,percapita_repro,0.21247852101489456
Potentilla_recta,-2.359,0.236,Ordbeta,T0-T2,INTER,1,FirstStepAtt,-1.2072466251783427
Potentilla_recta,-2.359,0.236,Ordbeta,T0-T2,INTER,1,Lambda,1.3233051390988662
Potentilla_recta,-2.359,0.236,Ordbeta,T0-T2,INTER,1,Lmax,2.8995463272302633
Potentilla_recta,-2.359,0.236,Ordbeta,T0-T2,INTER,1,Lmean,1.114174982541197
Potentilla_recta,-2.359,0.236,Ordbeta,T0-T2,INTER,1,R0,-Inf
Potentilla_recta,-2.359,0.236,Ordbeta,T0-T2,INTER,1,Reactivity,2.3355670141886495
Potentilla_recta,-2.359,0.236,Ordbeta,T0-T2,INTER,1,T_generation,1.1285664763465502
Potentilla_recta,-2.359,0.236,Ordbeta,T0-T2,INTER,1,age_repro,1.470241457035962
Potentilla_recta,-2.359,0.236,Ordbeta,T0-T2,INTER,1,percapita_repro,5.184136566294191
Primula_elatior,-2.269,0.425,Ordbeta,T0-T2,INTER,1,FirstStepAtt,-2.5752591198739894
Primula_elatior,-2.269,0.425,Ordbeta,T0-T2,INTER,1,Lambda,1.0243599289476764
Primula_elatior,-2.269,0.425,Ordbeta,T0-T2,INTER,1,Lmax,3.078214221499716
Primula_elatior,-2.269,0.425,Ordbeta,T0-T2,INTER,1,Lmean,0.9348686606054332
Primula_elatior,-2.269,0.425,Ordbeta,T0-T2,INTER,1,R0,-0.1983437887657272
Primula_elatior,-2.269,0.425,Ordbeta,T0-T2,INTER,1,Reactivity,1.2375774274497275
Primula_elatior,-2.269,0.425,Ordbeta,T0-T2,INTER,1,T_generation,2.774342942782747
Primula_elatior,-2.269,0.425,Ordbeta,T0-T2,INTER,1,age_repro,1.5965918444925693
Primula_elatior,-2.269,0.425,Ordbeta,T0-T2,INTER,1,percapita_repro,0.6906312588074858
Primula_veris,-2.137,0.3,Ordbeta,T0-T2,INTER,1,FirstStepAtt,-3.0996415326914413
Primula_veris,-2.137,0.3,Ordbeta,T0-T2,INTER,1,Lambda,0.9177166512186883
Primula_veris,-2.137,0.3,Ordbeta,T0-T2,INTER,1,Lmax,1.777554626801171
Primula_veris,-2.137,0.3,Ordbeta,T0-T2,INTER,1,Lmean,0.34573408996051475
Primula_veris,-2.137,0.3,Ordbeta,T0-T2,INTER,1,R0,-3.531205384831014
Primula_veris,-2.137,0.3,Ordbeta,T0-T2,INTER,1,Reactivity,1.8406103144604358
Primula_veris,-2.137,0.3,Ordbeta,T0-T2,INTER,1,T_generation,3.266151130174338
Primula_veris,-2.137,0.3,Ordbeta,T0-T2,INTER,1,age_repro,2.1007008996065113
Primula_veris,-2.137,0.3,Ordbeta,T0-T2,INTER,1,percapita_repro,1.3057574210790406
Ranunculus_acris,-2.37,0.143,Ordbeta,T0-T2,INTER,1,FirstStepAtt,-2.223673155588096
Ranunculus_acris,-2.37,0.143,Ordbeta,T0-T2,INTER,1,Lambda,1.1474253581153837
Ranunculus_acris,-2.37,0.143,Ordbeta,T0-T2,INTER,1,Lmax,1.791759469228055
Ranunculus_acris,-2.37,0.143,Ordbeta,T0-T2,INTER,1,Lmean,0.2694368352850546
Ranunculus_acris,-2.37,0.143,Ordbeta,T0-T2,INTER,1,R0,0.4291243489821683
Ranunculus_acris,-2.37,0.143,Ordbeta,T0-T2,INTER,1,Reactivity,1.8978523971700296
Ranunculus_acris,-2.37,0.143,Ordbeta,T0-T2,INTER,1,T_generation,1.3335494740785472
Ranunculus_acris,-2.37,0.143,Ordbeta,T0-T2,INTER,1,age_repro,1.1167312512505851
Ranunculus_acris,-2.37,0.143,Ordbeta,T0-T2,INTER,1,percapita_repro,1.9401794743463283
Ratibida_columnifera,-2.31,0.42,Ordbeta,T0-T2,INTER,1,FirstStepAtt,-0.002056079496990296
Ratibida_columnifera,-2.31,0.42,Ordbeta,T0-T2,INTER,1,Lambda,0.7243603858174655
Ratibida_columnifera,-2.31,0.42,Ordbeta,T0-T2,INTER,1,Lmax,0.8751993382067543
Ratibida_columnifera,-2.31,0.42,Ordbeta,T0-T2,INTER,1,Lmean,0.15118484663816348
Ratibida_columnifera,-2.31,0.42,Ordbeta,T0-T2,INTER,1,R0,-0.18377717828257087
Ratibida_columnifera,-2.31,0.42,Ordbeta,T0-T2,INTER,1,Reactivity,0.0047432640012664016
Ratibida_columnifera,-2.31,0.42,Ordbeta,T0-T2,INTER,1,T_generation,0.18788835999659365
Ratibida_columnifera,-2.31,0.42,Ordbeta,T0-T2,INTER,1,age_repro,0
Ratibida_columnifera,-2.31,0.42,Ordbeta,T0-T2,INTER,1,percapita_repro,-0.3349620249207343
Scabiosa_columbaria,-2.378,0.424,Ordbeta,T0-T2,INTER,1,FirstStepAtt,-0.25733963460191384
Scabiosa_columbaria,-2.378,0.424,Ordbeta,T0-T2,INTER,1,Lambda,1.0296135539128584
Scabiosa_columbaria,-2.378,0.424,Ordbeta,T0-T2,INTER,1,Lmax,3.1354942159291497
Scabiosa_columbaria,-2.378,0.424,Ordbeta,T0-T2,INTER,1,Lmean,1.6713567260626774
Scabiosa_columbaria,-2.378,0.424,Ordbeta,T0-T2,INTER,1,R0,0.20533632722506642
Scabiosa_columbaria,-2.378,0.424,Ordbeta,T0-T2,INTER,1,Reactivity,1.8699344460843945
Scabiosa_columbaria,-2.378,0.424,Ordbeta,T0-T2,INTER,1,T_generation,1.9091809950068628
Scabiosa_columbaria,-2.378,0.424,Ordbeta,T0-T2,INTER,1,age_repro,1.8510989090143637
Scabiosa_columbaria,-2.378,0.424,Ordbeta,T0-T2,INTER,1,percapita_repro,1.7867469274045107
Sphaeralcea_coccinea,-2.342,0.261,Ordbeta,T0-T2,INTER,1,FirstStepAtt,-0.021668930362796438
Sphaeralcea_coccinea,-2.342,0.261,Ordbeta,T0-T2,INTER,1,Lambda,0.9140916052986946
Sphaeralcea_coccinea,-2.342,0.261,Ordbeta,T0-T2,INTER,1,Lmax,1.1291966833851346
Sphaeralcea_coccinea,-2.342,0.261,Ordbeta,T0-T2,INTER,1,Lmean,0.18479959171993668
Sphaeralcea_coccinea,-2.342,0.261,Ordbeta,T0-T2,INTER,1,R0,-0.1631566065473073
Sphaeralcea_coccinea,-2.342,0.261,Ordbeta,T0-T2,INTER,1,Reactivity,0.06479482429602482
Sphaeralcea_coccinea,-2.342,0.261,Ordbeta,T0-T2,INTER,1,T_generation,0.24224692726379177
Sphaeralcea_coccinea,-2.342,0.261,Ordbeta,T0-T2,INTER,1,age_repro,0
Sphaeralcea_coccinea,-2.342,0.261,Ordbeta,T0-T2,INTER,1,percapita_repro,-0.347956198267244
Stenaria_nigricans,-2.152,0.289,Ordbeta,T0-T2,INTER,1,FirstStepAtt,-0.001506241946231945
Stenaria_nigricans,-2.152,0.289,Ordbeta,T0-T2,INTER,1,Lambda,0.9901413361648121
Stenaria_nigricans,-2.152,0.289,Ordbeta,T0-T2,INTER,1,Lmax,0.8841014310483891
Stenaria_nigricans,-2.152,0.289,Ordbeta,T0-T2,INTER,1,Lmean,0.1061701762787086
Stenaria_nigricans,-2.152,0.289,Ordbeta,T0-T2,INTER,1,R0,0.21085254589803137
Stenaria_nigricans,-2.152,0.289,Ordbeta,T0-T2,INTER,1,Reactivity,0.009202684809058356
Stenaria_nigricans,-2.152,0.289,Ordbeta,T0-T2,INTER,1,T_generation,0.10216634557653173
Stenaria_nigricans,-2.152,0.289,Ordbeta,T0-T2,INTER,1,age_repro,0
Stenaria_nigricans,-2.152,0.289,Ordbeta,T0-T2,INTER,1,percapita_repro,0.10468236961932272
Taraxacum_campylodes,-2.488,0.305,Ordbeta,T0-T2,INTER,1,FirstStepAtt,-2.3531148413315983
Taraxacum_campylodes,-2.488,0.305,Ordbeta,T0-T2,INTER,1,Lambda,0.08041791145870329
Taraxacum_campylodes,-2.488,0.305,Ordbeta,T0-T2,INTER,1,Lmax,0.5493061443340549
Taraxacum_campylodes,-2.488,0.305,Ordbeta,T0-T2,INTER,1,Lmean,0.06773896227809098
Taraxacum_campylodes,-2.488,0.305,Ordbeta,T0-T2,INTER,1,R0,-Inf
Taraxacum_campylodes,-2.488,0.305,Ordbeta,T0-T2,INTER,1,Reactivity,2.4046693226371185
Taraxacum_campylodes,-2.488,0.305,Ordbeta,T0-T2,INTER,1,T_generation,NA
Taraxacum_campylodes,-2.488,0.305,Ordbeta,T0-T2,INTER,1,age_repro,0
Taraxacum_campylodes,-2.488,0.305,Ordbeta,T0-T2,INTER,1,percapita_repro,-11.213549524439351
Thymus_vulgaris,-2.204,0.33,Ordbeta,T0-T2,INTER,1,FirstStepAtt,-0.005866973847378982
Thymus_vulgaris,-2.204,0.33,Ordbeta,T0-T2,INTER,1,Lambda,0.9926751959162854
Thymus_vulgaris,-2.204,0.33,Ordbeta,T0-T2,INTER,1,Lmax,5.964961904446033
Thymus_vulgaris,-2.204,0.33,Ordbeta,T0-T2,INTER,1,Lmean,4.459892288650257
Thymus_vulgaris,-2.204,0.33,Ordbeta,T0-T2,INTER,1,R0,-1.07189733945768
Thymus_vulgaris,-2.204,0.33,Ordbeta,T0-T2,INTER,1,Reactivity,0.010349758754626258
Thymus_vulgaris,-2.204,0.33,Ordbeta,T0-T2,INTER,1,T_generation,NA
Thymus_vulgaris,-2.204,0.33,Ordbeta,T0-T2,INTER,1,age_repro,NA
Thymus_vulgaris,-2.204,0.33,Ordbeta,T0-T2,INTER,1,percapita_repro,-5.143380039347928
Verbascum_thapsus,-2.589,0.325,Ordbeta,T0-T2,INTER,1,FirstStepAtt,-4.012613096092431
Verbascum_thapsus,-2.589,0.325,Ordbeta,T0-T2,INTER,1,Lambda,NA
Verbascum_thapsus,-2.589,0.325,Ordbeta,T0-T2,INTER,1,Lmax,0.6931471805599453
Verbascum_thapsus,-2.589,0.325,Ordbeta,T0-T2,INTER,1,Lmean,0.05129369438747054
Verbascum_thapsus,-2.589,0.325,Ordbeta,T0-T2,INTER,1,R0,3.381715911075376
Verbascum_thapsus,-2.589,0.325,Ordbeta,T0-T2,INTER,1,Reactivity,NA
Verbascum_thapsus,-2.589,0.325,Ordbeta,T0-T2,INTER,1,T_generation,0.7764348966557838
Verbascum_thapsus,-2.589,0.325,Ordbeta,T0-T2,INTER,1,age_repro,2.5523449856956373
Verbascum_thapsus,-2.589,0.325,Ordbeta,T0-T2,INTER,1,percapita_repro,NA
Veronica_arvensis,-2.582,0.159,Ordbeta,T0-T2,INTER,1,FirstStepAtt,-1.3609972168245543
Veronica_arvensis,-2.582,0.159,Ordbeta,T0-T2,INTER,1,Lambda,1.0575348190993947
Veronica_arvensis,-2.582,0.159,Ordbeta,T0-T2,INTER,1,Lmax,0.12924850454918937
Veronica_arvensis,-2.582,0.159,Ordbeta,T0-T2,INTER,1,Lmean,0.05244694819316372
Veronica_arvensis,-2.582,0.159,Ordbeta,T0-T2,INTER,1,R0,-0.014999404757933873
Veronica_arvensis,-2.582,0.159,Ordbeta,T0-T2,INTER,1,Reactivity,1.7913324339405632
Veronica_arvensis,-2.582,0.159,Ordbeta,T0-T2,INTER,1,T_generation,0.4178504962611216
Veronica_arvensis,-2.582,0.159,Ordbeta,T0-T2,INTER,1,age_repro,0.8907769885320955
Veronica_arvensis,-2.582,0.159,Ordbeta,T0-T2,INTER,1,percapita_repro,1.8152156216155975
Agrimonia_eupatoria,-2.639,0.256,Hurdle_cond,T0-T3,DIST,1,FirstStepAtt,-0.40426778811109665
Agrimonia_eupatoria,-2.639,0.256,Hurdle_cond,T0-T3,DIST,1,Lambda,0.99064442494128635
Agrimonia_eupatoria,-2.639,0.256,Hurdle_cond,T0-T3,DIST,1,Lmax,4.5330412476880015
Agrimonia_eupatoria,-2.639,0.256,Hurdle_cond,T0-T3,DIST,1,Lmean,2.276623485281897
Agrimonia_eupatoria,-2.639,0.256,Hurdle_cond,T0-T3,DIST,1,R0,-0.3812702083300579
Agrimonia_eupatoria,-2.639,0.256,Hurdle_cond,T0-T3,DIST,1,Reactivity,0.19207496843703886
Agrimonia_eupatoria,-2.639,0.256,Hurdle_cond,T0-T3,DIST,1,T_generation,3.6207086258222287
Agrimonia_eupatoria,-2.639,0.256,Hurdle_cond,T0-T3,DIST,1,age_repro,2.087394345070076
Agrimonia_eupatoria,-2.639,0.256,Hurdle_cond,T0-T3,DIST,1,percapita_repro,-1.5661843426366495
Allium_vineale,-2.821,0.4,Hurdle_cond,T0-T3,DIST,1,FirstStepAtt,-2.036030904211625
Allium_vineale,-2.821,0.4,Hurdle_cond,T0-T3,DIST,1,Lambda,1.170906773884173
Allium_vineale,-2.821,0.4,Hurdle_cond,T0-T3,DIST,1,Lmax,1.0986122886681098
Allium_vineale,-2.821,0.4,Hurdle_cond,T0-T3,DIST,1,Lmean,0.16647352389668973
Allium_vineale,-2.821,0.4,Hurdle_cond,T0-T3,DIST,1,R0,0.3408368280021561
Allium_vineale,-2.821,0.4,Hurdle_cond,T0-T3,DIST,1,Reactivity,2.1940830508207325
Allium_vineale,-2.821,0.4,Hurdle_cond,T0-T3,DIST,1,T_generation,0.7635325690826141
Allium_vineale,-2.821,0.4,Hurdle_cond,T0-T3,DIST,1,age_repro,1.2000990079409088
Allium_vineale,-2.821,0.4,Hurdle_cond,T0-T3,DIST,1,percapita_repro,2.3368650630604555
Andropogon_gerardii,-1.11,0.218,Hurdle_cond,T0-T3,DIST,1,FirstStepAtt,-1.1908608264270113
Andropogon_gerardii,-1.11,0.218,Hurdle_cond,T0-T3,DIST,1,Lambda,1.50587325216984
Andropogon_gerardii,-1.11,0.218,Hurdle_cond,T0-T3,DIST,1,Lmax,1.764891121214301
Andropogon_gerardii,-1.11,0.218,Hurdle_cond,T0-T3,DIST,1,Lmean,0.6723210807858808
Andropogon_gerardii,-1.11,0.218,Hurdle_cond,T0-T3,DIST,1,R0,0.8354773555720532
Andropogon_gerardii,-1.11,0.218,Hurdle_cond,T0-T3,DIST,1,Reactivity,1.7926841280473305
Andropogon_gerardii,-1.11,0.218,Hurdle_cond,T0-T3,DIST,1,T_generation,0.7395193223181741
Andropogon_gerardii,-1.11,0.218,Hurdle_cond,T0-T3,DIST,1,age_repro,0.7862530575220442
Andropogon_gerardii,-1.11,0.218,Hurdle_cond,T0-T3,DIST,1,percapita_repro,2.0924307697315556
Arenaria_serpyllifolia,-2.659,0.279,Hurdle_cond,T0-T3,DIST,1,FirstStepAtt,-2.2176497264357233
Arenaria_serpyllifolia,-2.659,0.279,Hurdle_cond,T0-T3,DIST,1,Lambda,0.860684361881849
Arenaria_serpyllifolia,-2.659,0.279,Hurdle_cond,T0-T3,DIST,1,Lmax,0
Arenaria_serpyllifolia,-2.659,0.279,Hurdle_cond,T0-T3,DIST,1,Lmean,0
Arenaria_serpyllifolia,-2.659,0.279,Hurdle_cond,T0-T3,DIST,1,R0,0.13128547046852534
Arenaria_serpyllifolia,-2.659,0.279,Hurdle_cond,T0-T3,DIST,1,Reactivity,2.5929750386335604
Arenaria_serpyllifolia,-2.659,0.279,Hurdle_cond,T0-T3,DIST,1,T_generation,0.16988583066600282
Arenaria_serpyllifolia,-2.659,0.279,Hurdle_cond,T0-T3,DIST,1,age_repro,0.8303384136066279
Arenaria_serpyllifolia,-2.659,0.279,Hurdle_cond,T0-T3,DIST,1,percapita_repro,2.639396025140823
Armeria_maritima,-2.862,0.366,Hurdle_cond,T0-T3,DIST,1,FirstStepAtt,-2.2414258727445255
Armeria_maritima,-2.862,0.366,Hurdle_cond,T0-T3,DIST,1,Lambda,1.458043853064239
Armeria_maritima,-2.862,0.366,Hurdle_cond,T0-T3,DIST,1,Lmax,2.995732273553991
Armeria_maritima,-2.862,0.366,Hurdle_cond,T0-T3,DIST,1,Lmean,0.6122577291406874
Armeria_maritima,-2.862,0.366,Hurdle_cond,T0-T3,DIST,1,R0,4.445083646052526
Armeria_maritima,-2.862,0.366,Hurdle_cond,T0-T3,DIST,1,Reactivity,5.495776723555247
Armeria_maritima,-2.862,0.366,Hurdle_cond,T0-T3,DIST,1,T_generation,2.099604255961898
Armeria_maritima,-2.862,0.366,Hurdle_cond,T0-T3,DIST,1,age_repro,1.5255005163472148
Armeria_maritima,-2.862,0.366,Hurdle_cond,T0-T3,DIST,1,percapita_repro,3.617282020171661
Centaurea_jacea,-2.787,0.248,Hurdle_cond,T0-T3,DIST,1,FirstStepAtt,-0.6368104471974831
Centaurea_jacea,-2.787,0.248,Hurdle_cond,T0-T3,DIST,1,Lambda,0.9157150879324936
Centaurea_jacea,-2.787,0.248,Hurdle_cond,T0-T3,DIST,1,Lmax,2.4003251984703664
Centaurea_jacea,-2.787,0.248,Hurdle_cond,T0-T3,DIST,1,Lmean,1.3722715793325009
Centaurea_jacea,-2.787,0.248,Hurdle_cond,T0-T3,DIST,1,R0,-3.4842742317189583
Centaurea_jacea,-2.787,0.248,Hurdle_cond,T0-T3,DIST,1,Reactivity,0.41685764138114395
Centaurea_jacea,-2.787,0.248,Hurdle_cond,T0-T3,DIST,1,T_generation,2.978872381362829
Centaurea_jacea,-2.787,0.248,Hurdle_cond,T0-T3,DIST,1,age_repro,1.6363011514297372
Centaurea_jacea,-2.787,0.248,Hurdle_cond,T0-T3,DIST,1,percapita_repro,-1.7828083742933423
Cerastium_fontanum,-2.752,0.16,Hurdle_cond,T0-T3,DIST,1,FirstStepAtt,-2.696031853083466
Cerastium_fontanum,-2.752,0.16,Hurdle_cond,T0-T3,DIST,1,Lambda,NA
Cerastium_fontanum,-2.752,0.16,Hurdle_cond,T0-T3,DIST,1,Lmax,0
Cerastium_fontanum,-2.752,0.16,Hurdle_cond,T0-T3,DIST,1,Lmean,0
Cerastium_fontanum,-2.752,0.16,Hurdle_cond,T0-T3,DIST,1,R0,1.5184623246973081
Cerastium_fontanum,-2.752,0.16,Hurdle_cond,T0-T3,DIST,1,Reactivity,3.027270925563423
Cerastium_fontanum,-2.752,0.16,Hurdle_cond,T0-T3,DIST,1,T_generation,0.005048904923272251
Cerastium_fontanum,-2.752,0.16,Hurdle_cond,T0-T3,DIST,1,age_repro,0.8873031950009029
Cerastium_fontanum,-2.752,0.16,Hurdle_cond,T0-T3,DIST,1,percapita_repro,4.522657764413627
Cirsium_arvense,-2.272,0.204,Hurdle_cond,T0-T3,DIST,1,FirstStepAtt,-3.3290015249469986
Cirsium_arvense,-2.272,0.204,Hurdle_cond,T0-T3,DIST,1,Lambda,NA
Cirsium_arvense,-2.272,0.204,Hurdle_cond,T0-T3,DIST,1,Lmax,1.0986122886681098
Cirsium_arvense,-2.272,0.204,Hurdle_cond,T0-T3,DIST,1,Lmean,0.1699960817758222
Cirsium_arvense,-2.272,0.204,Hurdle_cond,T0-T3,DIST,1,R0,3.228914980534981
Cirsium_arvense,-2.272,0.204,Hurdle_cond,T0-T3,DIST,1,Reactivity,4.0664130997692896
Cirsium_arvense,-2.272,0.204,Hurdle_cond,T0-T3,DIST,1,T_generation,0.7703612247372394
Cirsium_arvense,-2.272,0.204,Hurdle_cond,T0-T3,DIST,1,age_repro,1.162546762671639
Cirsium_arvense,-2.272,0.204,Hurdle_cond,T0-T3,DIST,1,percapita_repro,5.427985054670073
Cirsium_palustre,-2.887,0.448,Hurdle_cond,T0-T3,DIST,1,FirstStepAtt,-2.5937654771378247
Cirsium_palustre,-2.887,0.448,Hurdle_cond,T0-T3,DIST,1,Lambda,1.4428002172428838
Cirsium_palustre,-2.887,0.448,Hurdle_cond,T0-T3,DIST,1,Lmax,1.5273118956910914
Cirsium_palustre,-2.887,0.448,Hurdle_cond,T0-T3,DIST,1,Lmean,0.20135107219302092
Cirsium_palustre,-2.887,0.448,Hurdle_cond,T0-T3,DIST,1,R0,1.2807231364002392
Cirsium_palustre,-2.887,0.448,Hurdle_cond,T0-T3,DIST,1,Reactivity,4.898747288058175
Cirsium_palustre,-2.887,0.448,Hurdle_cond,T0-T3,DIST,1,T_generation,1.2255759905166659
Cirsium_palustre,-2.887,0.448,Hurdle_cond,T0-T3,DIST,1,age_repro,1.534647496889771
Cirsium_palustre,-2.887,0.448,Hurdle_cond,T0-T3,DIST,1,percapita_repro,4.957313127808717
Cirsium_vulgare,-2.777,0.342,Hurdle_cond,T0-T3,DIST,1,FirstStepAtt,-3.1910655226282234
Cirsium_vulgare,-2.777,0.342,Hurdle_cond,T0-T3,DIST,1,Lambda,0.7844344795818798
Cirsium_vulgare,-2.777,0.342,Hurdle_cond,T0-T3,DIST,1,Lmax,1.507973248367974
Cirsium_vulgare,-2.777,0.342,Hurdle_cond,T0-T3,DIST,1,Lmean,0.3479988332516422
Cirsium_vulgare,-2.777,0.342,Hurdle_cond,T0-T3,DIST,1,R0,-1.420279247517773
Cirsium_vulgare,-2.777,0.342,Hurdle_cond,T0-T3,DIST,1,Reactivity,2.641485998869525
Cirsium_vulgare,-2.777,0.342,Hurdle_cond,T0-T3,DIST,1,T_generation,1.4828783988333107
Cirsium_vulgare,-2.777,0.342,Hurdle_cond,T0-T3,DIST,1,age_repro,0.9323966804077027
Cirsium_vulgare,-2.777,0.342,Hurdle_cond,T0-T3,DIST,1,percapita_repro,1.89963041219607
Cytisus_scoparius,-2.631,0.493,Hurdle_cond,T0-T3,DIST,1,FirstStepAtt,-1.080580313452844
Cytisus_scoparius,-2.631,0.493,Hurdle_cond,T0-T3,DIST,1,Lambda,1.2132924652538926
Cytisus_scoparius,-2.631,0.493,Hurdle_cond,T0-T3,DIST,1,Lmax,3.4362872742721846
Cytisus_scoparius,-2.631,0.493,Hurdle_cond,T0-T3,DIST,1,Lmean,1.6108317812687711
Cytisus_scoparius,-2.631,0.493,Hurdle_cond,T0-T3,DIST,1,R0,1.2836591821667371
Cytisus_scoparius,-2.631,0.493,Hurdle_cond,T0-T3,DIST,1,Reactivity,7.2558813136686915
Cytisus_scoparius,-2.631,0.493,Hurdle_cond,T0-T3,DIST,1,T_generation,2.5531837176158607
Cytisus_scoparius,-2.631,0.493,Hurdle_cond,T0-T3,DIST,1,age_repro,1.7233105661137673
Cytisus_scoparius,-2.631,0.493,Hurdle_cond,T0-T3,DIST,1,percapita_repro,5.712086717106163
Daucus_carota,-2.44,0.2,Hurdle_cond,T0-T3,DIST,1,FirstStepAtt,-4.040610337013186
Daucus_carota,-2.44,0.2,Hurdle_cond,T0-T3,DIST,1,Lambda,1.7161044748521754
Daucus_carota,-2.44,0.2,Hurdle_cond,T0-T3,DIST,1,Lmax,1.0986122886681098
Daucus_carota,-2.44,0.2,Hurdle_cond,T0-T3,DIST,1,Lmean,0.31834252276646996
Daucus_carota,-2.44,0.2,Hurdle_cond,T0-T3,DIST,1,R0,1.8196701629274532
Daucus_carota,-2.44,0.2,Hurdle_cond,T0-T3,DIST,1,Reactivity,NA
Daucus_carota,-2.44,0.2,Hurdle_cond,T0-T3,DIST,1,T_generation,1.189773196967312
Daucus_carota,-2.44,0.2,Hurdle_cond,T0-T3,DIST,1,age_repro,1.431272611901774
Daucus_carota,-2.44,0.2,Hurdle_cond,T0-T3,DIST,1,percapita_repro,NA
Echium_vulgare,-2.047,0.365,Hurdle_cond,T0-T3,DIST,1,FirstStepAtt,-1.4808281568478858
Echium_vulgare,-2.047,0.365,Hurdle_cond,T0-T3,DIST,1,Lambda,1.54759800300862
Echium_vulgare,-2.047,0.365,Hurdle_cond,T0-T3,DIST,1,Lmax,1.3862943611198906
Echium_vulgare,-2.047,0.365,Hurdle_cond,T0-T3,DIST,1,Lmean,0.5010758488001458
Echium_vulgare,-2.047,0.365,Hurdle_cond,T0-T3,DIST,1,R0,1.6034012709220467
Echium_vulgare,-2.047,0.365,Hurdle_cond,T0-T3,DIST,1,Reactivity,3.2663741200499037
Echium_vulgare,-2.047,0.365,Hurdle_cond,T0-T3,DIST,1,T_generation,1.287139504575711
Echium_vulgare,-2.047,0.365,Hurdle_cond,T0-T3,DIST,1,age_repro,1.3132909952863716
Echium_vulgare,-2.047,0.365,Hurdle_cond,T0-T3,DIST,1,percapita_repro,3.7030781735137492
Elymus_repens,-2.086,0.199,Hurdle_cond,T0-T3,DIST,1,FirstStepAtt,-19.608981934788076
Elymus_repens,-2.086,0.199,Hurdle_cond,T0-T3,DIST,1,Lambda,NA
Elymus_repens,-2.086,0.199,Hurdle_cond,T0-T3,DIST,1,Lmax,0.6931471805599453
Elymus_repens,-2.086,0.199,Hurdle_cond,T0-T3,DIST,1,Lmean,0.34830572665687204
Elymus_repens,-2.086,0.199,Hurdle_cond,T0-T3,DIST,1,R0,4.306802628082906
Elymus_repens,-2.086,0.199,Hurdle_cond,T0-T3,DIST,1,Reactivity,NA
Elymus_repens,-2.086,0.199,Hurdle_cond,T0-T3,DIST,1,T_generation,0.00771453240913415
Elymus_repens,-2.086,0.199,Hurdle_cond,T0-T3,DIST,1,age_repro,0
Elymus_repens,-2.086,0.199,Hurdle_cond,T0-T3,DIST,1,percapita_repro,-5.74205469871386
Erigeron_canadensis,-2.877,0.286,Hurdle_cond,T0-T3,DIST,1,FirstStepAtt,-2.9940372183428647
Erigeron_canadensis,-2.877,0.286,Hurdle_cond,T0-T3,DIST,1,Lambda,NA
Erigeron_canadensis,-2.877,0.286,Hurdle_cond,T0-T3,DIST,1,Lmax,0
Erigeron_canadensis,-2.877,0.286,Hurdle_cond,T0-T3,DIST,1,Lmean,0
Erigeron_canadensis,-2.877,0.286,Hurdle_cond,T0-T3,DIST,1,R0,2.750423016465953
Erigeron_canadensis,-2.877,0.286,Hurdle_cond,T0-T3,DIST,1,Reactivity,3.7256901124743216
Erigeron_canadensis,-2.877,0.286,Hurdle_cond,T0-T3,DIST,1,T_generation,0.1300250884192771
Erigeron_canadensis,-2.877,0.286,Hurdle_cond,T0-T3,DIST,1,age_repro,0.9159908368351705
Erigeron_canadensis,-2.877,0.286,Hurdle_cond,T0-T3,DIST,1,percapita_repro,5.684089841310465
Knautia_arvensis,-2.288,0.298,Hurdle_cond,T0-T3,DIST,1,FirstStepAtt,-2.956373754274904
Knautia_arvensis,-2.288,0.298,Hurdle_cond,T0-T3,DIST,1,Lambda,0.30764990872892994
Knautia_arvensis,-2.288,0.298,Hurdle_cond,T0-T3,DIST,1,Lmax,0.6931471805599453
Knautia_arvensis,-2.288,0.298,Hurdle_cond,T0-T3,DIST,1,Lmean,0.022139719151234638
Knautia_arvensis,-2.288,0.298,Hurdle_cond,T0-T3,DIST,1,R0,-9.95071325619903
Knautia_arvensis,-2.288,0.298,Hurdle_cond,T0-T3,DIST,1,Reactivity,0.35097071858090473
Knautia_arvensis,-2.288,0.298,Hurdle_cond,T0-T3,DIST,1,T_generation,NA
Knautia_arvensis,-2.288,0.298,Hurdle_cond,T0-T3,DIST,1,age_repro,0.9322894183877876
Knautia_arvensis,-2.288,0.298,Hurdle_cond,T0-T3,DIST,1,percapita_repro,-4.367646677748796
Lactuca_serriola,-2.739,0.44,Hurdle_cond,T0-T3,DIST,1,FirstStepAtt,-2.5276283678174485
Lactuca_serriola,-2.739,0.44,Hurdle_cond,T0-T3,DIST,1,Lambda,NA
Lactuca_serriola,-2.739,0.44,Hurdle_cond,T0-T3,DIST,1,Lmax,0
Lactuca_serriola,-2.739,0.44,Hurdle_cond,T0-T3,DIST,1,Lmean,0
Lactuca_serriola,-2.739,0.44,Hurdle_cond,T0-T3,DIST,1,R0,2.961708269076509
Lactuca_serriola,-2.739,0.44,Hurdle_cond,T0-T3,DIST,1,Reactivity,5.096932718325193
Lactuca_serriola,-2.739,0.44,Hurdle_cond,T0-T3,DIST,1,T_generation,0.08738433516364566
Lactuca_serriola,-2.739,0.44,Hurdle_cond,T0-T3,DIST,1,age_repro,1.2839753424841123
Lactuca_serriola,-2.739,0.44,Hurdle_cond,T0-T3,DIST,1,percapita_repro,7.147653680580111
Linum_catharticum,-2.78,0.29,Hurdle_cond,T0-T3,DIST,1,FirstStepAtt,-3.1953085121694222
Linum_catharticum,-2.78,0.29,Hurdle_cond,T0-T3,DIST,1,Lambda,NA
Linum_catharticum,-2.78,0.29,Hurdle_cond,T0-T3,DIST,1,Lmax,2.0794415416798357
Linum_catharticum,-2.78,0.29,Hurdle_cond,T0-T3,DIST,1,Lmean,0.7715798705141755
Linum_catharticum,-2.78,0.29,Hurdle_cond,T0-T3,DIST,1,R0,1.7942778474769048
Linum_catharticum,-2.78,0.29,Hurdle_cond,T0-T3,DIST,1,Reactivity,3.8165083573910685
Linum_catharticum,-2.78,0.29,Hurdle_cond,T0-T3,DIST,1,T_generation,0.30079171330480015
Linum_catharticum,-2.78,0.29,Hurdle_cond,T0-T3,DIST,1,age_repro,0.7034715243015948
Linum_catharticum,-2.78,0.29,Hurdle_cond,T0-T3,DIST,1,percapita_repro,3.0328521355315146
Myosotis_ramosissima,-2.756,0.438,Hurdle_cond,T0-T3,DIST,1,FirstStepAtt,-3.6870030575668453
Myosotis_ramosissima,-2.756,0.438,Hurdle_cond,T0-T3,DIST,1,Lambda,1.4558843238144925
Myosotis_ramosissima,-2.756,0.438,Hurdle_cond,T0-T3,DIST,1,Lmax,0
Myosotis_ramosissima,-2.756,0.438,Hurdle_cond,T0-T3,DIST,1,Lmean,0
Myosotis_ramosissima,-2.756,0.438,Hurdle_cond,T0-T3,DIST,1,R0,1.3761933951892638
Myosotis_ramosissima,-2.756,0.438,Hurdle_cond,T0-T3,DIST,1,Reactivity,0.48764865977290195
Myosotis_ramosissima,-2.756,0.438,Hurdle_cond,T0-T3,DIST,1,T_generation,0.013734478546359119
Myosotis_ramosissima,-2.756,0.438,Hurdle_cond,T0-T3,DIST,1,age_repro,0.7154702161542037
Myosotis_ramosissima,-2.756,0.438,Hurdle_cond,T0-T3,DIST,1,percapita_repro,1.826732983425593
Picris_hieracioides,-1.896,0.219,Hurdle_cond,T0-T3,DIST,1,FirstStepAtt,-4.012603074068456
Picris_hieracioides,-1.896,0.219,Hurdle_cond,T0-T3,DIST,1,Lambda,0.8846497432296893
Picris_hieracioides,-1.896,0.219,Hurdle_cond,T0-T3,DIST,1,Lmax,0.6931471805599453
Picris_hieracioides,-1.896,0.219,Hurdle_cond,T0-T3,DIST,1,Lmean,0.025497751793431413
Picris_hieracioides,-1.896,0.219,Hurdle_cond,T0-T3,DIST,1,R0,-0.5012341883972119
Picris_hieracioides,-1.896,0.219,Hurdle_cond,T0-T3,DIST,1,Reactivity,5.739334580340471
Picris_hieracioides,-1.896,0.219,Hurdle_cond,T0-T3,DIST,1,T_generation,1.4151934417967624
Picris_hieracioides,-1.896,0.219,Hurdle_cond,T0-T3,DIST,1,age_repro,1.5430234695350933
Picris_hieracioides,-1.896,0.219,Hurdle_cond,T0-T3,DIST,1,percapita_repro,5.616771097666572
Pimpinella_saxifraga,-2.575,0.344,Hurdle_cond,T0-T3,DIST,1,FirstStepAtt,-0.5923077657542147
Pimpinella_saxifraga,-2.575,0.344,Hurdle_cond,T0-T3,DIST,1,Lambda,0.9547406316474248
Pimpinella_saxifraga,-2.575,0.344,Hurdle_cond,T0-T3,DIST,1,Lmax,3.2778313935718644
Pimpinella_saxifraga,-2.575,0.344,Hurdle_cond,T0-T3,DIST,1,Lmean,1.3985454207581605
Pimpinella_saxifraga,-2.575,0.344,Hurdle_cond,T0-T3,DIST,1,R0,-0.7090626241047243
Pimpinella_saxifraga,-2.575,0.344,Hurdle_cond,T0-T3,DIST,1,Reactivity,0.9233752615973371
Pimpinella_saxifraga,-2.575,0.344,Hurdle_cond,T0-T3,DIST,1,T_generation,2.7756138699245225
Pimpinella_saxifraga,-2.575,0.344,Hurdle_cond,T0-T3,DIST,1,age_repro,1.7819632124517442
Pimpinella_saxifraga,-2.575,0.344,Hurdle_cond,T0-T3,DIST,1,percapita_repro,-0.1635626778133
Plantago_coronopus,-2.392,0.259,Hurdle_cond,T0-T3,DIST,1,FirstStepAtt,-1.0607821044920802
Plantago_coronopus,-2.392,0.259,Hurdle_cond,T0-T3,DIST,1,Lambda,0.8883340096307588
Plantago_coronopus,-2.392,0.259,Hurdle_cond,T0-T3,DIST,1,Lmax,1.907994489728227
Plantago_coronopus,-2.392,0.259,Hurdle_cond,T0-T3,DIST,1,Lmean,0.5836315540514999
Plantago_coronopus,-2.392,0.259,Hurdle_cond,T0-T3,DIST,1,R0,-0.7679497099488539
Plantago_coronopus,-2.392,0.259,Hurdle_cond,T0-T3,DIST,1,Reactivity,1.2700917455756844
Plantago_coronopus,-2.392,0.259,Hurdle_cond,T0-T3,DIST,1,T_generation,1.4792349913940708
Plantago_coronopus,-2.392,0.259,Hurdle_cond,T0-T3,DIST,1,age_repro,0.7227032675127357
Plantago_coronopus,-2.392,0.259,Hurdle_cond,T0-T3,DIST,1,percapita_repro,-0.16078899600806454
Plantago_media,-2.543,0.33,Hurdle_cond,T0-T3,DIST,1,FirstStepAtt,-2.5216721506920545
Plantago_media,-2.543,0.33,Hurdle_cond,T0-T3,DIST,1,Lambda,0.9166479924897526
Plantago_media,-2.543,0.33,Hurdle_cond,T0-T3,DIST,1,Lmax,1.7178918965462198
Plantago_media,-2.543,0.33,Hurdle_cond,T0-T3,DIST,1,Lmean,0.240093455091011
Plantago_media,-2.543,0.33,Hurdle_cond,T0-T3,DIST,1,R0,-3.703632943874186
Plantago_media,-2.543,0.33,Hurdle_cond,T0-T3,DIST,1,Reactivity,0.9115891884505661
Plantago_media,-2.543,0.33,Hurdle_cond,T0-T3,DIST,1,T_generation,3.2830740541662764
Plantago_media,-2.543,0.33,Hurdle_cond,T0-T3,DIST,1,age_repro,2.050568331584061
Plantago_media,-2.543,0.33,Hurdle_cond,T0-T3,DIST,1,percapita_repro,0.21247852101489456
Poa_alpina,-2.707,0.486,Hurdle_cond,T0-T3,DIST,1,FirstStepAtt,-0.6821869840767281
Poa_alpina,-2.707,0.486,Hurdle_cond,T0-T3,DIST,1,Lambda,0.9289514100594022
Poa_alpina,-2.707,0.486,Hurdle_cond,T0-T3,DIST,1,Lmax,3.3423058638339636
Poa_alpina,-2.707,0.486,Hurdle_cond,T0-T3,DIST,1,Lmean,1.5320496652234803
Poa_alpina,-2.707,0.486,Hurdle_cond,T0-T3,DIST,1,R0,-1.2908410925748002
Poa_alpina,-2.707,0.486,Hurdle_cond,T0-T3,DIST,1,Reactivity,0.721221307788113
Poa_alpina,-2.707,0.486,Hurdle_cond,T0-T3,DIST,1,T_generation,3.187086237083993
Poa_alpina,-2.707,0.486,Hurdle_cond,T0-T3,DIST,1,age_repro,0.8494642415925806
Poa_alpina,-2.707,0.486,Hurdle_cond,T0-T3,DIST,1,percapita_repro,-2.149856471713263
Potentilla_recta,-2.65,0.296,Hurdle_cond,T0-T3,DIST,1,FirstStepAtt,-1.2072466251783427
Potentilla_recta,-2.65,0.296,Hurdle_cond,T0-T3,DIST,1,Lambda,1.3233051390988662
Potentilla_recta,-2.65,0.296,Hurdle_cond,T0-T3,DIST,1,Lmax,2.8995463272302633
Potentilla_recta,-2.65,0.296,Hurdle_cond,T0-T3,DIST,1,Lmean,1.114174982541197
Potentilla_recta,-2.65,0.296,Hurdle_cond,T0-T3,DIST,1,R0,-Inf
Potentilla_recta,-2.65,0.296,Hurdle_cond,T0-T3,DIST,1,Reactivity,2.3355670141886495
Potentilla_recta,-2.65,0.296,Hurdle_cond,T0-T3,DIST,1,T_generation,1.1285664763465502
Potentilla_recta,-2.65,0.296,Hurdle_cond,T0-T3,DIST,1,age_repro,1.470241457035962
Potentilla_recta,-2.65,0.296,Hurdle_cond,T0-T3,DIST,1,percapita_repro,5.184136566294191
Primula_elatior,-2.729,0.414,Hurdle_cond,T0-T3,DIST,1,FirstStepAtt,-2.5752591198739894
Primula_elatior,-2.729,0.414,Hurdle_cond,T0-T3,DIST,1,Lambda,1.0243599289476764
Primula_elatior,-2.729,0.414,Hurdle_cond,T0-T3,DIST,1,Lmax,3.078214221499716
Primula_elatior,-2.729,0.414,Hurdle_cond,T0-T3,DIST,1,Lmean,0.9348686606054332
Primula_elatior,-2.729,0.414,Hurdle_cond,T0-T3,DIST,1,R0,-0.1983437887657272
Primula_elatior,-2.729,0.414,Hurdle_cond,T0-T3,DIST,1,Reactivity,1.2375774274497275
Primula_elatior,-2.729,0.414,Hurdle_cond,T0-T3,DIST,1,T_generation,2.774342942782747
Primula_elatior,-2.729,0.414,Hurdle_cond,T0-T3,DIST,1,age_repro,1.5965918444925693
Primula_elatior,-2.729,0.414,Hurdle_cond,T0-T3,DIST,1,percapita_repro,0.6906312588074858
Primula_veris,-2.717,0.416,Hurdle_cond,T0-T3,DIST,1,FirstStepAtt,-3.0996415326914413
Primula_veris,-2.717,0.416,Hurdle_cond,T0-T3,DIST,1,Lambda,0.9177166512186883
Primula_veris,-2.717,0.416,Hurdle_cond,T0-T3,DIST,1,Lmax,1.777554626801171
Primula_veris,-2.717,0.416,Hurdle_cond,T0-T3,DIST,1,Lmean,0.34573408996051475
Primula_veris,-2.717,0.416,Hurdle_cond,T0-T3,DIST,1,R0,-3.531205384831014
Primula_veris,-2.717,0.416,Hurdle_cond,T0-T3,DIST,1,Reactivity,1.8406103144604358
Primula_veris,-2.717,0.416,Hurdle_cond,T0-T3,DIST,1,T_generation,3.266151130174338
Primula_veris,-2.717,0.416,Hurdle_cond,T0-T3,DIST,1,age_repro,2.1007008996065113
Primula_veris,-2.717,0.416,Hurdle_cond,T0-T3,DIST,1,percapita_repro,1.3057574210790406
Ranunculus_acris,-2.712,0.171,Hurdle_cond,T0-T3,DIST,1,FirstStepAtt,-2.223673155588096
Ranunculus_acris,-2.712,0.171,Hurdle_cond,T0-T3,DIST,1,Lambda,1.1474253581153837
Ranunculus_acris,-2.712,0.171,Hurdle_cond,T0-T3,DIST,1,Lmax,1.791759469228055
Ranunculus_acris,-2.712,0.171,Hurdle_cond,T0-T3,DIST,1,Lmean,0.2694368352850546
Ranunculus_acris,-2.712,0.171,Hurdle_cond,T0-T3,DIST,1,R0,0.4291243489821683
Ranunculus_acris,-2.712,0.171,Hurdle_cond,T0-T3,DIST,1,Reactivity,1.8978523971700296
Ranunculus_acris,-2.712,0.171,Hurdle_cond,T0-T3,DIST,1,T_generation,1.3335494740785472
Ranunculus_acris,-2.712,0.171,Hurdle_cond,T0-T3,DIST,1,age_repro,1.1167312512505851
Ranunculus_acris,-2.712,0.171,Hurdle_cond,T0-T3,DIST,1,percapita_repro,1.9401794743463283
Salsola_kali,-2.824,0.451,Hurdle_cond,T0-T3,DIST,1,FirstStepAtt,-7.23761455341241
Salsola_kali,-2.824,0.451,Hurdle_cond,T0-T3,DIST,1,Lambda,0.589687496520467
Salsola_kali,-2.824,0.451,Hurdle_cond,T0-T3,DIST,1,Lmax,1.0986122886681098
Salsola_kali,-2.824,0.451,Hurdle_cond,T0-T3,DIST,1,Lmean,0.6329527878317025
Salsola_kali,-2.824,0.451,Hurdle_cond,T0-T3,DIST,1,R0,-3.1690448866467187
Salsola_kali,-2.824,0.451,Hurdle_cond,T0-T3,DIST,1,Reactivity,NA
Salsola_kali,-2.824,0.451,Hurdle_cond,T0-T3,DIST,1,T_generation,1.7917877371801434
Salsola_kali,-2.824,0.451,Hurdle_cond,T0-T3,DIST,1,age_repro,1.7917761374226397
Salsola_kali,-2.824,0.451,Hurdle_cond,T0-T3,DIST,1,percapita_repro,NA
Sphaeralcea_coccinea,-2.508,0.372,Hurdle_cond,T0-T3,DIST,1,FirstStepAtt,-0.021668930362796438
Sphaeralcea_coccinea,-2.508,0.372,Hurdle_cond,T0-T3,DIST,1,Lambda,0.9140916052986946
Sphaeralcea_coccinea,-2.508,0.372,Hurdle_cond,T0-T3,DIST,1,Lmax,1.1291966833851346
Sphaeralcea_coccinea,-2.508,0.372,Hurdle_cond,T0-T3,DIST,1,Lmean,0.18479959171993668
Sphaeralcea_coccinea,-2.508,0.372,Hurdle_cond,T0-T3,DIST,1,R0,-0.1631566065473073
Sphaeralcea_coccinea,-2.508,0.372,Hurdle_cond,T0-T3,DIST,1,Reactivity,0.06479482429602482
Sphaeralcea_coccinea,-2.508,0.372,Hurdle_cond,T0-T3,DIST,1,T_generation,0.24224692726379177
Sphaeralcea_coccinea,-2.508,0.372,Hurdle_cond,T0-T3,DIST,1,age_repro,0
Sphaeralcea_coccinea,-2.508,0.372,Hurdle_cond,T0-T3,DIST,1,percapita_repro,-0.347956198267244
Stenaria_nigricans,-2.284,0.383,Hurdle_cond,T0-T3,DIST,1,FirstStepAtt,-0.001506241946231945
Stenaria_nigricans,-2.284,0.383,Hurdle_cond,T0-T3,DIST,1,Lambda,0.9901413361648121
Stenaria_nigricans,-2.284,0.383,Hurdle_cond,T0-T3,DIST,1,Lmax,0.8841014310483891
Stenaria_nigricans,-2.284,0.383,Hurdle_cond,T0-T3,DIST,1,Lmean,0.1061701762787086
Stenaria_nigricans,-2.284,0.383,Hurdle_cond,T0-T3,DIST,1,R0,0.21085254589803137
Stenaria_nigricans,-2.284,0.383,Hurdle_cond,T0-T3,DIST,1,Reactivity,0.009202684809058356
Stenaria_nigricans,-2.284,0.383,Hurdle_cond,T0-T3,DIST,1,T_generation,0.10216634557653173
Stenaria_nigricans,-2.284,0.383,Hurdle_cond,T0-T3,DIST,1,age_repro,0
Stenaria_nigricans,-2.284,0.383,Hurdle_cond,T0-T3,DIST,1,percapita_repro,0.10468236961932272
Taraxacum_campylodes,-2.521,0.42,Hurdle_cond,T0-T3,DIST,1,FirstStepAtt,-2.3531148413315983
Taraxacum_campylodes,-2.521,0.42,Hurdle_cond,T0-T3,DIST,1,Lambda,0.08041791145870329
Taraxacum_campylodes,-2.521,0.42,Hurdle_cond,T0-T3,DIST,1,Lmax,0.5493061443340549
Taraxacum_campylodes,-2.521,0.42,Hurdle_cond,T0-T3,DIST,1,Lmean,0.06773896227809098
Taraxacum_campylodes,-2.521,0.42,Hurdle_cond,T0-T3,DIST,1,R0,-Inf
Taraxacum_campylodes,-2.521,0.42,Hurdle_cond,T0-T3,DIST,1,Reactivity,2.4046693226371185
Taraxacum_campylodes,-2.521,0.42,Hurdle_cond,T0-T3,DIST,1,T_generation,NA
Taraxacum_campylodes,-2.521,0.42,Hurdle_cond,T0-T3,DIST,1,age_repro,0
Taraxacum_campylodes,-2.521,0.42,Hurdle_cond,T0-T3,DIST,1,percapita_repro,-11.213549524439351
Thymus_vulgaris,-2.741,0.367,Hurdle_cond,T0-T3,DIST,1,FirstStepAtt,-0.005866973847378982
Thymus_vulgaris,-2.741,0.367,Hurdle_cond,T0-T3,DIST,1,Lambda,0.9926751959162854
Thymus_vulgaris,-2.741,0.367,Hurdle_cond,T0-T3,DIST,1,Lmax,5.964961904446033
Thymus_vulgaris,-2.741,0.367,Hurdle_cond,T0-T3,DIST,1,Lmean,4.459892288650257
Thymus_vulgaris,-2.741,0.367,Hurdle_cond,T0-T3,DIST,1,R0,-1.07189733945768
Thymus_vulgaris,-2.741,0.367,Hurdle_cond,T0-T3,DIST,1,Reactivity,0.010349758754626258
Thymus_vulgaris,-2.741,0.367,Hurdle_cond,T0-T3,DIST,1,T_generation,NA
Thymus_vulgaris,-2.741,0.367,Hurdle_cond,T0-T3,DIST,1,age_repro,NA
Thymus_vulgaris,-2.741,0.367,Hurdle_cond,T0-T3,DIST,1,percapita_repro,-5.143380039347928
Verbascum_thapsus,-2.335,0.417,Hurdle_cond,T0-T3,DIST,1,FirstStepAtt,-4.012613096092431
Verbascum_thapsus,-2.335,0.417,Hurdle_cond,T0-T3,DIST,1,Lambda,NA
Verbascum_thapsus,-2.335,0.417,Hurdle_cond,T0-T3,DIST,1,Lmax,0.6931471805599453
Verbascum_thapsus,-2.335,0.417,Hurdle_cond,T0-T3,DIST,1,Lmean,0.05129369438747054
Verbascum_thapsus,-2.335,0.417,Hurdle_cond,T0-T3,DIST,1,R0,3.381715911075376
Verbascum_thapsus,-2.335,0.417,Hurdle_cond,T0-T3,DIST,1,Reactivity,NA
Verbascum_thapsus,-2.335,0.417,Hurdle_cond,T0-T3,DIST,1,T_generation,0.7764348966557838
Verbascum_thapsus,-2.335,0.417,Hurdle_cond,T0-T3,DIST,1,age_repro,2.5523449856956373
Verbascum_thapsus,-2.335,0.417,Hurdle_cond,T0-T3,DIST,1,percapita_repro,NA
Veronica_arvensis,-2.897,0.255,Hurdle_cond,T0-T3,DIST,1,FirstStepAtt,-1.3609972168245543
Veronica_arvensis,-2.897,0.255,Hurdle_cond,T0-T3,DIST,1,Lambda,1.0575348190993947
Veronica_arvensis,-2.897,0.255,Hurdle_cond,T0-T3,DIST,1,Lmax,0.12924850454918937
Veronica_arvensis,-2.897,0.255,Hurdle_cond,T0-T3,DIST,1,Lmean,0.05244694819316372
Veronica_arvensis,-2.897,0.255,Hurdle_cond,T0-T3,DIST,1,R0,-0.014999404757933873
Veronica_arvensis,-2.897,0.255,Hurdle_cond,T0-T3,DIST,1,Reactivity,1.7913324339405632
Veronica_arvensis,-2.897,0.255,Hurdle_cond,T0-T3,DIST,1,T_generation,0.4178504962611216
Veronica_arvensis,-2.897,0.255,Hurdle_cond,T0-T3,DIST,1,age_repro,0.8907769885320955
Veronica_arvensis,-2.897,0.255,Hurdle_cond,T0-T3,DIST,1,percapita_repro,1.8152156216155975
Agrimonia_eupatoria,-1.875,0.26,Hurdle_zi,T0-T3,DIST,1,FirstStepAtt,-0.40426778811109665
Agrimonia_eupatoria,-1.875,0.26,Hurdle_zi,T0-T3,DIST,1,Lambda,0.99064442494128635
Agrimonia_eupatoria,-1.875,0.26,Hurdle_zi,T0-T3,DIST,1,Lmax,4.5330412476880015
Agrimonia_eupatoria,-1.875,0.26,Hurdle_zi,T0-T3,DIST,1,Lmean,2.276623485281897
Agrimonia_eupatoria,-1.875,0.26,Hurdle_zi,T0-T3,DIST,1,R0,-0.3812702083300579
Agrimonia_eupatoria,-1.875,0.26,Hurdle_zi,T0-T3,DIST,1,Reactivity,0.19207496843703886
Agrimonia_eupatoria,-1.875,0.26,Hurdle_zi,T0-T3,DIST,1,T_generation,3.6207086258222287
Agrimonia_eupatoria,-1.875,0.26,Hurdle_zi,T0-T3,DIST,1,age_repro,2.087394345070076
Agrimonia_eupatoria,-1.875,0.26,Hurdle_zi,T0-T3,DIST,1,percapita_repro,-1.5661843426366495
Allium_vineale,-2.057,0.402,Hurdle_zi,T0-T3,DIST,1,FirstStepAtt,-2.036030904211625
Allium_vineale,-2.057,0.402,Hurdle_zi,T0-T3,DIST,1,Lambda,1.170906773884173
Allium_vineale,-2.057,0.402,Hurdle_zi,T0-T3,DIST,1,Lmax,1.0986122886681098
Allium_vineale,-2.057,0.402,Hurdle_zi,T0-T3,DIST,1,Lmean,0.16647352389668973
Allium_vineale,-2.057,0.402,Hurdle_zi,T0-T3,DIST,1,R0,0.3408368280021561
Allium_vineale,-2.057,0.402,Hurdle_zi,T0-T3,DIST,1,Reactivity,2.1940830508207325
Allium_vineale,-2.057,0.402,Hurdle_zi,T0-T3,DIST,1,T_generation,0.7635325690826141
Allium_vineale,-2.057,0.402,Hurdle_zi,T0-T3,DIST,1,age_repro,1.2000990079409088
Allium_vineale,-2.057,0.402,Hurdle_zi,T0-T3,DIST,1,percapita_repro,2.3368650630604555
Andropogon_gerardii,-0.346,0.223,Hurdle_zi,T0-T3,DIST,1,FirstStepAtt,-1.1908608264270113
Andropogon_gerardii,-0.346,0.223,Hurdle_zi,T0-T3,DIST,1,Lambda,1.50587325216984
Andropogon_gerardii,-0.346,0.223,Hurdle_zi,T0-T3,DIST,1,Lmax,1.764891121214301
Andropogon_gerardii,-0.346,0.223,Hurdle_zi,T0-T3,DIST,1,Lmean,0.6723210807858808
Andropogon_gerardii,-0.346,0.223,Hurdle_zi,T0-T3,DIST,1,R0,0.8354773555720532
Andropogon_gerardii,-0.346,0.223,Hurdle_zi,T0-T3,DIST,1,Reactivity,1.7926841280473305
Andropogon_gerardii,-0.346,0.223,Hurdle_zi,T0-T3,DIST,1,T_generation,0.7395193223181741
Andropogon_gerardii,-0.346,0.223,Hurdle_zi,T0-T3,DIST,1,age_repro,0.7862530575220442
Andropogon_gerardii,-0.346,0.223,Hurdle_zi,T0-T3,DIST,1,percapita_repro,2.0924307697315556
Arenaria_serpyllifolia,-1.895,0.283,Hurdle_zi,T0-T3,DIST,1,FirstStepAtt,-2.2176497264357233
Arenaria_serpyllifolia,-1.895,0.283,Hurdle_zi,T0-T3,DIST,1,Lambda,0.860684361881849
Arenaria_serpyllifolia,-1.895,0.283,Hurdle_zi,T0-T3,DIST,1,Lmax,0
Arenaria_serpyllifolia,-1.895,0.283,Hurdle_zi,T0-T3,DIST,1,Lmean,0
Arenaria_serpyllifolia,-1.895,0.283,Hurdle_zi,T0-T3,DIST,1,R0,0.13128547046852534
Arenaria_serpyllifolia,-1.895,0.283,Hurdle_zi,T0-T3,DIST,1,Reactivity,2.5929750386335604
Arenaria_serpyllifolia,-1.895,0.283,Hurdle_zi,T0-T3,DIST,1,T_generation,0.16988583066600282
Arenaria_serpyllifolia,-1.895,0.283,Hurdle_zi,T0-T3,DIST,1,age_repro,0.8303384136066279
Arenaria_serpyllifolia,-1.895,0.283,Hurdle_zi,T0-T3,DIST,1,percapita_repro,2.639396025140823
Armeria_maritima,-2.098,0.369,Hurdle_zi,T0-T3,DIST,1,FirstStepAtt,-2.2414258727445255
Armeria_maritima,-2.098,0.369,Hurdle_zi,T0-T3,DIST,1,Lambda,1.458043853064239
Armeria_maritima,-2.098,0.369,Hurdle_zi,T0-T3,DIST,1,Lmax,2.995732273553991
Armeria_maritima,-2.098,0.369,Hurdle_zi,T0-T3,DIST,1,Lmean,0.6122577291406874
Armeria_maritima,-2.098,0.369,Hurdle_zi,T0-T3,DIST,1,R0,4.445083646052526
Armeria_maritima,-2.098,0.369,Hurdle_zi,T0-T3,DIST,1,Reactivity,5.495776723555247
Armeria_maritima,-2.098,0.369,Hurdle_zi,T0-T3,DIST,1,T_generation,2.099604255961898
Armeria_maritima,-2.098,0.369,Hurdle_zi,T0-T3,DIST,1,age_repro,1.5255005163472148
Armeria_maritima,-2.098,0.369,Hurdle_zi,T0-T3,DIST,1,percapita_repro,3.617282020171661
Centaurea_jacea,-2.023,0.252,Hurdle_zi,T0-T3,DIST,1,FirstStepAtt,-0.6368104471974831
Centaurea_jacea,-2.023,0.252,Hurdle_zi,T0-T3,DIST,1,Lambda,0.9157150879324936
Centaurea_jacea,-2.023,0.252,Hurdle_zi,T0-T3,DIST,1,Lmax,2.4003251984703664
Centaurea_jacea,-2.023,0.252,Hurdle_zi,T0-T3,DIST,1,Lmean,1.3722715793325009
Centaurea_jacea,-2.023,0.252,Hurdle_zi,T0-T3,DIST,1,R0,-3.4842742317189583
Centaurea_jacea,-2.023,0.252,Hurdle_zi,T0-T3,DIST,1,Reactivity,0.41685764138114395
Centaurea_jacea,-2.023,0.252,Hurdle_zi,T0-T3,DIST,1,T_generation,2.978872381362829
Centaurea_jacea,-2.023,0.252,Hurdle_zi,T0-T3,DIST,1,age_repro,1.6363011514297372
Centaurea_jacea,-2.023,0.252,Hurdle_zi,T0-T3,DIST,1,percapita_repro,-1.7828083742933423
Cerastium_fontanum,-1.988,0.167,Hurdle_zi,T0-T3,DIST,1,FirstStepAtt,-2.696031853083466
Cerastium_fontanum,-1.988,0.167,Hurdle_zi,T0-T3,DIST,1,Lambda,NA
Cerastium_fontanum,-1.988,0.167,Hurdle_zi,T0-T3,DIST,1,Lmax,0
Cerastium_fontanum,-1.988,0.167,Hurdle_zi,T0-T3,DIST,1,Lmean,0
Cerastium_fontanum,-1.988,0.167,Hurdle_zi,T0-T3,DIST,1,R0,1.5184623246973081
Cerastium_fontanum,-1.988,0.167,Hurdle_zi,T0-T3,DIST,1,Reactivity,3.027270925563423
Cerastium_fontanum,-1.988,0.167,Hurdle_zi,T0-T3,DIST,1,T_generation,0.005048904923272251
Cerastium_fontanum,-1.988,0.167,Hurdle_zi,T0-T3,DIST,1,age_repro,0.8873031950009029
Cerastium_fontanum,-1.988,0.167,Hurdle_zi,T0-T3,DIST,1,percapita_repro,4.522657764413627
Cirsium_arvense,-1.508,0.209,Hurdle_zi,T0-T3,DIST,1,FirstStepAtt,-3.3290015249469986
Cirsium_arvense,-1.508,0.209,Hurdle_zi,T0-T3,DIST,1,Lambda,NA
Cirsium_arvense,-1.508,0.209,Hurdle_zi,T0-T3,DIST,1,Lmax,1.0986122886681098
Cirsium_arvense,-1.508,0.209,Hurdle_zi,T0-T3,DIST,1,Lmean,0.1699960817758222
Cirsium_arvense,-1.508,0.209,Hurdle_zi,T0-T3,DIST,1,R0,3.228914980534981
Cirsium_arvense,-1.508,0.209,Hurdle_zi,T0-T3,DIST,1,Reactivity,4.0664130997692896
Cirsium_arvense,-1.508,0.209,Hurdle_zi,T0-T3,DIST,1,T_generation,0.7703612247372394
Cirsium_arvense,-1.508,0.209,Hurdle_zi,T0-T3,DIST,1,age_repro,1.162546762671639
Cirsium_arvense,-1.508,0.209,Hurdle_zi,T0-T3,DIST,1,percapita_repro,5.427985054670073
Cirsium_palustre,-2.123,0.45,Hurdle_zi,T0-T3,DIST,1,FirstStepAtt,-2.5937654771378247
Cirsium_palustre,-2.123,0.45,Hurdle_zi,T0-T3,DIST,1,Lambda,1.4428002172428838
Cirsium_palustre,-2.123,0.45,Hurdle_zi,T0-T3,DIST,1,Lmax,1.5273118956910914
Cirsium_palustre,-2.123,0.45,Hurdle_zi,T0-T3,DIST,1,Lmean,0.20135107219302092
Cirsium_palustre,-2.123,0.45,Hurdle_zi,T0-T3,DIST,1,R0,1.2807231364002392
Cirsium_palustre,-2.123,0.45,Hurdle_zi,T0-T3,DIST,1,Reactivity,4.898747288058175
Cirsium_palustre,-2.123,0.45,Hurdle_zi,T0-T3,DIST,1,T_generation,1.2255759905166659
Cirsium_palustre,-2.123,0.45,Hurdle_zi,T0-T3,DIST,1,age_repro,1.534647496889771
Cirsium_palustre,-2.123,0.45,Hurdle_zi,T0-T3,DIST,1,percapita_repro,4.957313127808717
Cirsium_vulgare,-2.013,0.345,Hurdle_zi,T0-T3,DIST,1,FirstStepAtt,-3.1910655226282234
Cirsium_vulgare,-2.013,0.345,Hurdle_zi,T0-T3,DIST,1,Lambda,0.7844344795818798
Cirsium_vulgare,-2.013,0.345,Hurdle_zi,T0-T3,DIST,1,Lmax,1.507973248367974
Cirsium_vulgare,-2.013,0.345,Hurdle_zi,T0-T3,DIST,1,Lmean,0.3479988332516422
Cirsium_vulgare,-2.013,0.345,Hurdle_zi,T0-T3,DIST,1,R0,-1.420279247517773
Cirsium_vulgare,-2.013,0.345,Hurdle_zi,T0-T3,DIST,1,Reactivity,2.641485998869525
Cirsium_vulgare,-2.013,0.345,Hurdle_zi,T0-T3,DIST,1,T_generation,1.4828783988333107
Cirsium_vulgare,-2.013,0.345,Hurdle_zi,T0-T3,DIST,1,age_repro,0.9323966804077027
Cirsium_vulgare,-2.013,0.345,Hurdle_zi,T0-T3,DIST,1,percapita_repro,1.89963041219607
Cytisus_scoparius,-1.867,0.496,Hurdle_zi,T0-T3,DIST,1,FirstStepAtt,-1.080580313452844
Cytisus_scoparius,-1.867,0.496,Hurdle_zi,T0-T3,DIST,1,Lambda,1.2132924652538926
Cytisus_scoparius,-1.867,0.496,Hurdle_zi,T0-T3,DIST,1,Lmax,3.4362872742721846
Cytisus_scoparius,-1.867,0.496,Hurdle_zi,T0-T3,DIST,1,Lmean,1.6108317812687711
Cytisus_scoparius,-1.867,0.496,Hurdle_zi,T0-T3,DIST,1,R0,1.2836591821667371
Cytisus_scoparius,-1.867,0.496,Hurdle_zi,T0-T3,DIST,1,Reactivity,7.2558813136686915
Cytisus_scoparius,-1.867,0.496,Hurdle_zi,T0-T3,DIST,1,T_generation,2.5531837176158607
Cytisus_scoparius,-1.867,0.496,Hurdle_zi,T0-T3,DIST,1,age_repro,1.7233105661137673
Cytisus_scoparius,-1.867,0.496,Hurdle_zi,T0-T3,DIST,1,percapita_repro,5.712086717106163
Daucus_carota,-1.676,0.206,Hurdle_zi,T0-T3,DIST,1,FirstStepAtt,-4.040610337013186
Daucus_carota,-1.676,0.206,Hurdle_zi,T0-T3,DIST,1,Lambda,1.7161044748521754
Daucus_carota,-1.676,0.206,Hurdle_zi,T0-T3,DIST,1,Lmax,1.0986122886681098
Daucus_carota,-1.676,0.206,Hurdle_zi,T0-T3,DIST,1,Lmean,0.31834252276646996
Daucus_carota,-1.676,0.206,Hurdle_zi,T0-T3,DIST,1,R0,1.8196701629274532
Daucus_carota,-1.676,0.206,Hurdle_zi,T0-T3,DIST,1,Reactivity,NA
Daucus_carota,-1.676,0.206,Hurdle_zi,T0-T3,DIST,1,T_generation,1.189773196967312
Daucus_carota,-1.676,0.206,Hurdle_zi,T0-T3,DIST,1,age_repro,1.431272611901774
Daucus_carota,-1.676,0.206,Hurdle_zi,T0-T3,DIST,1,percapita_repro,NA
Echium_vulgare,-1.283,0.368,Hurdle_zi,T0-T3,DIST,1,FirstStepAtt,-1.4808281568478858
Echium_vulgare,-1.283,0.368,Hurdle_zi,T0-T3,DIST,1,Lambda,1.54759800300862
Echium_vulgare,-1.283,0.368,Hurdle_zi,T0-T3,DIST,1,Lmax,1.3862943611198906
Echium_vulgare,-1.283,0.368,Hurdle_zi,T0-T3,DIST,1,Lmean,0.5010758488001458
Echium_vulgare,-1.283,0.368,Hurdle_zi,T0-T3,DIST,1,R0,1.6034012709220467
Echium_vulgare,-1.283,0.368,Hurdle_zi,T0-T3,DIST,1,Reactivity,3.2663741200499037
Echium_vulgare,-1.283,0.368,Hurdle_zi,T0-T3,DIST,1,T_generation,1.287139504575711
Echium_vulgare,-1.283,0.368,Hurdle_zi,T0-T3,DIST,1,age_repro,1.3132909952863716
Echium_vulgare,-1.283,0.368,Hurdle_zi,T0-T3,DIST,1,percapita_repro,3.7030781735137492
Elymus_repens,-1.322,0.205,Hurdle_zi,T0-T3,DIST,1,FirstStepAtt,-19.608981934788076
Elymus_repens,-1.322,0.205,Hurdle_zi,T0-T3,DIST,1,Lambda,NA
Elymus_repens,-1.322,0.205,Hurdle_zi,T0-T3,DIST,1,Lmax,0.6931471805599453
Elymus_repens,-1.322,0.205,Hurdle_zi,T0-T3,DIST,1,Lmean,0.34830572665687204
Elymus_repens,-1.322,0.205,Hurdle_zi,T0-T3,DIST,1,R0,4.306802628082906
Elymus_repens,-1.322,0.205,Hurdle_zi,T0-T3,DIST,1,Reactivity,NA
Elymus_repens,-1.322,0.205,Hurdle_zi,T0-T3,DIST,1,T_generation,0.00771453240913415
Elymus_repens,-1.322,0.205,Hurdle_zi,T0-T3,DIST,1,age_repro,0
Elymus_repens,-1.322,0.205,Hurdle_zi,T0-T3,DIST,1,percapita_repro,-5.74205469871386
Erigeron_canadensis,-2.113,0.29,Hurdle_zi,T0-T3,DIST,1,FirstStepAtt,-2.9940372183428647
Erigeron_canadensis,-2.113,0.29,Hurdle_zi,T0-T3,DIST,1,Lambda,NA
Erigeron_canadensis,-2.113,0.29,Hurdle_zi,T0-T3,DIST,1,Lmax,0
Erigeron_canadensis,-2.113,0.29,Hurdle_zi,T0-T3,DIST,1,Lmean,0
Erigeron_canadensis,-2.113,0.29,Hurdle_zi,T0-T3,DIST,1,R0,2.750423016465953
Erigeron_canadensis,-2.113,0.29,Hurdle_zi,T0-T3,DIST,1,Reactivity,3.7256901124743216
Erigeron_canadensis,-2.113,0.29,Hurdle_zi,T0-T3,DIST,1,T_generation,0.1300250884192771
Erigeron_canadensis,-2.113,0.29,Hurdle_zi,T0-T3,DIST,1,age_repro,0.9159908368351705
Erigeron_canadensis,-2.113,0.29,Hurdle_zi,T0-T3,DIST,1,percapita_repro,5.684089841310465
Knautia_arvensis,-1.524,0.302,Hurdle_zi,T0-T3,DIST,1,FirstStepAtt,-2.956373754274904
Knautia_arvensis,-1.524,0.302,Hurdle_zi,T0-T3,DIST,1,Lambda,0.30764990872892994
Knautia_arvensis,-1.524,0.302,Hurdle_zi,T0-T3,DIST,1,Lmax,0.6931471805599453
Knautia_arvensis,-1.524,0.302,Hurdle_zi,T0-T3,DIST,1,Lmean,0.022139719151234638
Knautia_arvensis,-1.524,0.302,Hurdle_zi,T0-T3,DIST,1,R0,-9.95071325619903
Knautia_arvensis,-1.524,0.302,Hurdle_zi,T0-T3,DIST,1,Reactivity,0.35097071858090473
Knautia_arvensis,-1.524,0.302,Hurdle_zi,T0-T3,DIST,1,T_generation,NA
Knautia_arvensis,-1.524,0.302,Hurdle_zi,T0-T3,DIST,1,age_repro,0.9322894183877876
Knautia_arvensis,-1.524,0.302,Hurdle_zi,T0-T3,DIST,1,percapita_repro,-4.367646677748796
Lactuca_serriola,-1.975,0.442,Hurdle_zi,T0-T3,DIST,1,FirstStepAtt,-2.5276283678174485
Lactuca_serriola,-1.975,0.442,Hurdle_zi,T0-T3,DIST,1,Lambda,NA
Lactuca_serriola,-1.975,0.442,Hurdle_zi,T0-T3,DIST,1,Lmax,0
Lactuca_serriola,-1.975,0.442,Hurdle_zi,T0-T3,DIST,1,Lmean,0
Lactuca_serriola,-1.975,0.442,Hurdle_zi,T0-T3,DIST,1,R0,2.961708269076509
Lactuca_serriola,-1.975,0.442,Hurdle_zi,T0-T3,DIST,1,Reactivity,5.096932718325193
Lactuca_serriola,-1.975,0.442,Hurdle_zi,T0-T3,DIST,1,T_generation,0.08738433516364566
Lactuca_serriola,-1.975,0.442,Hurdle_zi,T0-T3,DIST,1,age_repro,1.2839753424841123
Lactuca_serriola,-1.975,0.442,Hurdle_zi,T0-T3,DIST,1,percapita_repro,7.147653680580111
Linum_catharticum,-2.016,0.294,Hurdle_zi,T0-T3,DIST,1,FirstStepAtt,-3.1953085121694222
Linum_catharticum,-2.016,0.294,Hurdle_zi,T0-T3,DIST,1,Lambda,NA
Linum_catharticum,-2.016,0.294,Hurdle_zi,T0-T3,DIST,1,Lmax,2.0794415416798357
Linum_catharticum,-2.016,0.294,Hurdle_zi,T0-T3,DIST,1,Lmean,0.7715798705141755
Linum_catharticum,-2.016,0.294,Hurdle_zi,T0-T3,DIST,1,R0,1.7942778474769048
Linum_catharticum,-2.016,0.294,Hurdle_zi,T0-T3,DIST,1,Reactivity,3.8165083573910685
Linum_catharticum,-2.016,0.294,Hurdle_zi,T0-T3,DIST,1,T_generation,0.30079171330480015
Linum_catharticum,-2.016,0.294,Hurdle_zi,T0-T3,DIST,1,age_repro,0.7034715243015948
Linum_catharticum,-2.016,0.294,Hurdle_zi,T0-T3,DIST,1,percapita_repro,3.0328521355315146
Myosotis_ramosissima,-1.992,0.44,Hurdle_zi,T0-T3,DIST,1,FirstStepAtt,-3.6870030575668453
Myosotis_ramosissima,-1.992,0.44,Hurdle_zi,T0-T3,DIST,1,Lambda,1.4558843238144925
Myosotis_ramosissima,-1.992,0.44,Hurdle_zi,T0-T3,DIST,1,Lmax,0
Myosotis_ramosissima,-1.992,0.44,Hurdle_zi,T0-T3,DIST,1,Lmean,0
Myosotis_ramosissima,-1.992,0.44,Hurdle_zi,T0-T3,DIST,1,R0,1.3761933951892638
Myosotis_ramosissima,-1.992,0.44,Hurdle_zi,T0-T3,DIST,1,Reactivity,0.48764865977290195
Myosotis_ramosissima,-1.992,0.44,Hurdle_zi,T0-T3,DIST,1,T_generation,0.013734478546359119
Myosotis_ramosissima,-1.992,0.44,Hurdle_zi,T0-T3,DIST,1,age_repro,0.7154702161542037
Myosotis_ramosissima,-1.992,0.44,Hurdle_zi,T0-T3,DIST,1,percapita_repro,1.826732983425593
Picris_hieracioides,-1.132,0.224,Hurdle_zi,T0-T3,DIST,1,FirstStepAtt,-4.012603074068456
Picris_hieracioides,-1.132,0.224,Hurdle_zi,T0-T3,DIST,1,Lambda,0.8846497432296893
Picris_hieracioides,-1.132,0.224,Hurdle_zi,T0-T3,DIST,1,Lmax,0.6931471805599453
Picris_hieracioides,-1.132,0.224,Hurdle_zi,T0-T3,DIST,1,Lmean,0.025497751793431413
Picris_hieracioides,-1.132,0.224,Hurdle_zi,T0-T3,DIST,1,R0,-0.5012341883972119
Picris_hieracioides,-1.132,0.224,Hurdle_zi,T0-T3,DIST,1,Reactivity,5.739334580340471
Picris_hieracioides,-1.132,0.224,Hurdle_zi,T0-T3,DIST,1,T_generation,1.4151934417967624
Picris_hieracioides,-1.132,0.224,Hurdle_zi,T0-T3,DIST,1,age_repro,1.5430234695350933
Picris_hieracioides,-1.132,0.224,Hurdle_zi,T0-T3,DIST,1,percapita_repro,5.616771097666572
Pimpinella_saxifraga,-1.811,0.347,Hurdle_zi,T0-T3,DIST,1,FirstStepAtt,-0.5923077657542147
Pimpinella_saxifraga,-1.811,0.347,Hurdle_zi,T0-T3,DIST,1,Lambda,0.9547406316474248
Pimpinella_saxifraga,-1.811,0.347,Hurdle_zi,T0-T3,DIST,1,Lmax,3.2778313935718644
Pimpinella_saxifraga,-1.811,0.347,Hurdle_zi,T0-T3,DIST,1,Lmean,1.3985454207581605
Pimpinella_saxifraga,-1.811,0.347,Hurdle_zi,T0-T3,DIST,1,R0,-0.7090626241047243
Pimpinella_saxifraga,-1.811,0.347,Hurdle_zi,T0-T3,DIST,1,Reactivity,0.9233752615973371
Pimpinella_saxifraga,-1.811,0.347,Hurdle_zi,T0-T3,DIST,1,T_generation,2.7756138699245225
Pimpinella_saxifraga,-1.811,0.347,Hurdle_zi,T0-T3,DIST,1,age_repro,1.7819632124517442
Pimpinella_saxifraga,-1.811,0.347,Hurdle_zi,T0-T3,DIST,1,percapita_repro,-0.1635626778133
Plantago_coronopus,-1.628,0.263,Hurdle_zi,T0-T3,DIST,1,FirstStepAtt,-1.0607821044920802
Plantago_coronopus,-1.628,0.263,Hurdle_zi,T0-T3,DIST,1,Lambda,0.8883340096307588
Plantago_coronopus,-1.628,0.263,Hurdle_zi,T0-T3,DIST,1,Lmax,1.907994489728227
Plantago_coronopus,-1.628,0.263,Hurdle_zi,T0-T3,DIST,1,Lmean,0.5836315540514999
Plantago_coronopus,-1.628,0.263,Hurdle_zi,T0-T3,DIST,1,R0,-0.7679497099488539
Plantago_coronopus,-1.628,0.263,Hurdle_zi,T0-T3,DIST,1,Reactivity,1.2700917455756844
Plantago_coronopus,-1.628,0.263,Hurdle_zi,T0-T3,DIST,1,T_generation,1.4792349913940708
Plantago_coronopus,-1.628,0.263,Hurdle_zi,T0-T3,DIST,1,age_repro,0.7227032675127357
Plantago_coronopus,-1.628,0.263,Hurdle_zi,T0-T3,DIST,1,percapita_repro,-0.16078899600806454
Plantago_media,-1.779,0.333,Hurdle_zi,T0-T3,DIST,1,FirstStepAtt,-2.5216721506920545
Plantago_media,-1.779,0.333,Hurdle_zi,T0-T3,DIST,1,Lambda,0.9166479924897526
Plantago_media,-1.779,0.333,Hurdle_zi,T0-T3,DIST,1,Lmax,1.7178918965462198
Plantago_media,-1.779,0.333,Hurdle_zi,T0-T3,DIST,1,Lmean,0.240093455091011
Plantago_media,-1.779,0.333,Hurdle_zi,T0-T3,DIST,1,R0,-3.703632943874186
Plantago_media,-1.779,0.333,Hurdle_zi,T0-T3,DIST,1,Reactivity,0.9115891884505661
Plantago_media,-1.779,0.333,Hurdle_zi,T0-T3,DIST,1,T_generation,3.2830740541662764
Plantago_media,-1.779,0.333,Hurdle_zi,T0-T3,DIST,1,age_repro,2.050568331584061
Plantago_media,-1.779,0.333,Hurdle_zi,T0-T3,DIST,1,percapita_repro,0.21247852101489456
Poa_alpina,-1.943,0.489,Hurdle_zi,T0-T3,DIST,1,FirstStepAtt,-0.6821869840767281
Poa_alpina,-1.943,0.489,Hurdle_zi,T0-T3,DIST,1,Lambda,0.9289514100594022
Poa_alpina,-1.943,0.489,Hurdle_zi,T0-T3,DIST,1,Lmax,3.3423058638339636
Poa_alpina,-1.943,0.489,Hurdle_zi,T0-T3,DIST,1,Lmean,1.5320496652234803
Poa_alpina,-1.943,0.489,Hurdle_zi,T0-T3,DIST,1,R0,-1.2908410925748002
Poa_alpina,-1.943,0.489,Hurdle_zi,T0-T3,DIST,1,Reactivity,0.721221307788113
Poa_alpina,-1.943,0.489,Hurdle_zi,T0-T3,DIST,1,T_generation,3.187086237083993
Poa_alpina,-1.943,0.489,Hurdle_zi,T0-T3,DIST,1,age_repro,0.8494642415925806
Poa_alpina,-1.943,0.489,Hurdle_zi,T0-T3,DIST,1,percapita_repro,-2.149856471713263
Potentilla_recta,-1.886,0.3,Hurdle_zi,T0-T3,DIST,1,FirstStepAtt,-1.2072466251783427
Potentilla_recta,-1.886,0.3,Hurdle_zi,T0-T3,DIST,1,Lambda,1.3233051390988662
Potentilla_recta,-1.886,0.3,Hurdle_zi,T0-T3,DIST,1,Lmax,2.8995463272302633
Potentilla_recta,-1.886,0.3,Hurdle_zi,T0-T3,DIST,1,Lmean,1.114174982541197
Potentilla_recta,-1.886,0.3,Hurdle_zi,T0-T3,DIST,1,R0,-Inf
Potentilla_recta,-1.886,0.3,Hurdle_zi,T0-T3,DIST,1,Reactivity,2.3355670141886495
Potentilla_recta,-1.886,0.3,Hurdle_zi,T0-T3,DIST,1,T_generation,1.1285664763465502
Potentilla_recta,-1.886,0.3,Hurdle_zi,T0-T3,DIST,1,age_repro,1.470241457035962
Potentilla_recta,-1.886,0.3,Hurdle_zi,T0-T3,DIST,1,percapita_repro,5.184136566294191
Primula_elatior,-1.965,0.416,Hurdle_zi,T0-T3,DIST,1,FirstStepAtt,-2.5752591198739894
Primula_elatior,-1.965,0.416,Hurdle_zi,T0-T3,DIST,1,Lambda,1.0243599289476764
Primula_elatior,-1.965,0.416,Hurdle_zi,T0-T3,DIST,1,Lmax,3.078214221499716
Primula_elatior,-1.965,0.416,Hurdle_zi,T0-T3,DIST,1,Lmean,0.9348686606054332
Primula_elatior,-1.965,0.416,Hurdle_zi,T0-T3,DIST,1,R0,-0.1983437887657272
Primula_elatior,-1.965,0.416,Hurdle_zi,T0-T3,DIST,1,Reactivity,1.2375774274497275
Primula_elatior,-1.965,0.416,Hurdle_zi,T0-T3,DIST,1,T_generation,2.774342942782747
Primula_elatior,-1.965,0.416,Hurdle_zi,T0-T3,DIST,1,age_repro,1.5965918444925693
Primula_elatior,-1.965,0.416,Hurdle_zi,T0-T3,DIST,1,percapita_repro,0.6906312588074858
Primula_veris,-1.953,0.418,Hurdle_zi,T0-T3,DIST,1,FirstStepAtt,-3.0996415326914413
Primula_veris,-1.953,0.418,Hurdle_zi,T0-T3,DIST,1,Lambda,0.9177166512186883
Primula_veris,-1.953,0.418,Hurdle_zi,T0-T3,DIST,1,Lmax,1.777554626801171
Primula_veris,-1.953,0.418,Hurdle_zi,T0-T3,DIST,1,Lmean,0.34573408996051475
Primula_veris,-1.953,0.418,Hurdle_zi,T0-T3,DIST,1,R0,-3.531205384831014
Primula_veris,-1.953,0.418,Hurdle_zi,T0-T3,DIST,1,Reactivity,1.8406103144604358
Primula_veris,-1.953,0.418,Hurdle_zi,T0-T3,DIST,1,T_generation,3.266151130174338
Primula_veris,-1.953,0.418,Hurdle_zi,T0-T3,DIST,1,age_repro,2.1007008996065113
Primula_veris,-1.953,0.418,Hurdle_zi,T0-T3,DIST,1,percapita_repro,1.3057574210790406
Ranunculus_acris,-1.948,0.177,Hurdle_zi,T0-T3,DIST,1,FirstStepAtt,-2.223673155588096
Ranunculus_acris,-1.948,0.177,Hurdle_zi,T0-T3,DIST,1,Lambda,1.1474253581153837
Ranunculus_acris,-1.948,0.177,Hurdle_zi,T0-T3,DIST,1,Lmax,1.791759469228055
Ranunculus_acris,-1.948,0.177,Hurdle_zi,T0-T3,DIST,1,Lmean,0.2694368352850546
Ranunculus_acris,-1.948,0.177,Hurdle_zi,T0-T3,DIST,1,R0,0.4291243489821683
Ranunculus_acris,-1.948,0.177,Hurdle_zi,T0-T3,DIST,1,Reactivity,1.8978523971700296
Ranunculus_acris,-1.948,0.177,Hurdle_zi,T0-T3,DIST,1,T_generation,1.3335494740785472
Ranunculus_acris,-1.948,0.177,Hurdle_zi,T0-T3,DIST,1,age_repro,1.1167312512505851
Ranunculus_acris,-1.948,0.177,Hurdle_zi,T0-T3,DIST,1,percapita_repro,1.9401794743463283
Salsola_kali,-2.06,0.453,Hurdle_zi,T0-T3,DIST,1,FirstStepAtt,-7.23761455341241
Salsola_kali,-2.06,0.453,Hurdle_zi,T0-T3,DIST,1,Lambda,0.589687496520467
Salsola_kali,-2.06,0.453,Hurdle_zi,T0-T3,DIST,1,Lmax,1.0986122886681098
Salsola_kali,-2.06,0.453,Hurdle_zi,T0-T3,DIST,1,Lmean,0.6329527878317025
Salsola_kali,-2.06,0.453,Hurdle_zi,T0-T3,DIST,1,R0,-3.1690448866467187
Salsola_kali,-2.06,0.453,Hurdle_zi,T0-T3,DIST,1,Reactivity,NA
Salsola_kali,-2.06,0.453,Hurdle_zi,T0-T3,DIST,1,T_generation,1.7917877371801434
Salsola_kali,-2.06,0.453,Hurdle_zi,T0-T3,DIST,1,age_repro,1.7917761374226397
Salsola_kali,-2.06,0.453,Hurdle_zi,T0-T3,DIST,1,percapita_repro,NA
Sphaeralcea_coccinea,-1.744,0.375,Hurdle_zi,T0-T3,DIST,1,FirstStepAtt,-0.021668930362796438
Sphaeralcea_coccinea,-1.744,0.375,Hurdle_zi,T0-T3,DIST,1,Lambda,0.9140916052986946
Sphaeralcea_coccinea,-1.744,0.375,Hurdle_zi,T0-T3,DIST,1,Lmax,1.1291966833851346
Sphaeralcea_coccinea,-1.744,0.375,Hurdle_zi,T0-T3,DIST,1,Lmean,0.18479959171993668
Sphaeralcea_coccinea,-1.744,0.375,Hurdle_zi,T0-T3,DIST,1,R0,-0.1631566065473073
Sphaeralcea_coccinea,-1.744,0.375,Hurdle_zi,T0-T3,DIST,1,Reactivity,0.06479482429602482
Sphaeralcea_coccinea,-1.744,0.375,Hurdle_zi,T0-T3,DIST,1,T_generation,0.24224692726379177
Sphaeralcea_coccinea,-1.744,0.375,Hurdle_zi,T0-T3,DIST,1,age_repro,0
Sphaeralcea_coccinea,-1.744,0.375,Hurdle_zi,T0-T3,DIST,1,percapita_repro,-0.347956198267244
Stenaria_nigricans,-1.52,0.386,Hurdle_zi,T0-T3,DIST,1,FirstStepAtt,-0.001506241946231945
Stenaria_nigricans,-1.52,0.386,Hurdle_zi,T0-T3,DIST,1,Lambda,0.9901413361648121
Stenaria_nigricans,-1.52,0.386,Hurdle_zi,T0-T3,DIST,1,Lmax,0.8841014310483891
Stenaria_nigricans,-1.52,0.386,Hurdle_zi,T0-T3,DIST,1,Lmean,0.1061701762787086
Stenaria_nigricans,-1.52,0.386,Hurdle_zi,T0-T3,DIST,1,R0,0.21085254589803137
Stenaria_nigricans,-1.52,0.386,Hurdle_zi,T0-T3,DIST,1,Reactivity,0.009202684809058356
Stenaria_nigricans,-1.52,0.386,Hurdle_zi,T0-T3,DIST,1,T_generation,0.10216634557653173
Stenaria_nigricans,-1.52,0.386,Hurdle_zi,T0-T3,DIST,1,age_repro,0
Stenaria_nigricans,-1.52,0.386,Hurdle_zi,T0-T3,DIST,1,percapita_repro,0.10468236961932272
Taraxacum_campylodes,-1.757,0.422,Hurdle_zi,T0-T3,DIST,1,FirstStepAtt,-2.3531148413315983
Taraxacum_campylodes,-1.757,0.422,Hurdle_zi,T0-T3,DIST,1,Lambda,0.08041791145870329
Taraxacum_campylodes,-1.757,0.422,Hurdle_zi,T0-T3,DIST,1,Lmax,0.5493061443340549
Taraxacum_campylodes,-1.757,0.422,Hurdle_zi,T0-T3,DIST,1,Lmean,0.06773896227809098
Taraxacum_campylodes,-1.757,0.422,Hurdle_zi,T0-T3,DIST,1,R0,-Inf
Taraxacum_campylodes,-1.757,0.422,Hurdle_zi,T0-T3,DIST,1,Reactivity,2.4046693226371185
Taraxacum_campylodes,-1.757,0.422,Hurdle_zi,T0-T3,DIST,1,T_generation,NA
Taraxacum_campylodes,-1.757,0.422,Hurdle_zi,T0-T3,DIST,1,age_repro,0
Taraxacum_campylodes,-1.757,0.422,Hurdle_zi,T0-T3,DIST,1,percapita_repro,-11.213549524439351
Thymus_vulgaris,-1.977,0.37,Hurdle_zi,T0-T3,DIST,1,FirstStepAtt,-0.005866973847378982
Thymus_vulgaris,-1.977,0.37,Hurdle_zi,T0-T3,DIST,1,Lambda,0.9926751959162854
Thymus_vulgaris,-1.977,0.37,Hurdle_zi,T0-T3,DIST,1,Lmax,5.964961904446033
Thymus_vulgaris,-1.977,0.37,Hurdle_zi,T0-T3,DIST,1,Lmean,4.459892288650257
Thymus_vulgaris,-1.977,0.37,Hurdle_zi,T0-T3,DIST,1,R0,-1.07189733945768
Thymus_vulgaris,-1.977,0.37,Hurdle_zi,T0-T3,DIST,1,Reactivity,0.010349758754626258
Thymus_vulgaris,-1.977,0.37,Hurdle_zi,T0-T3,DIST,1,T_generation,NA
Thymus_vulgaris,-1.977,0.37,Hurdle_zi,T0-T3,DIST,1,age_repro,NA
Thymus_vulgaris,-1.977,0.37,Hurdle_zi,T0-T3,DIST,1,percapita_repro,-5.143380039347928
Verbascum_thapsus,-1.571,0.419,Hurdle_zi,T0-T3,DIST,1,FirstStepAtt,-4.012613096092431
Verbascum_thapsus,-1.571,0.419,Hurdle_zi,T0-T3,DIST,1,Lambda,NA
Verbascum_thapsus,-1.571,0.419,Hurdle_zi,T0-T3,DIST,1,Lmax,0.6931471805599453
Verbascum_thapsus,-1.571,0.419,Hurdle_zi,T0-T3,DIST,1,Lmean,0.05129369438747054
Verbascum_thapsus,-1.571,0.419,Hurdle_zi,T0-T3,DIST,1,R0,3.381715911075376
Verbascum_thapsus,-1.571,0.419,Hurdle_zi,T0-T3,DIST,1,Reactivity,NA
Verbascum_thapsus,-1.571,0.419,Hurdle_zi,T0-T3,DIST,1,T_generation,0.7764348966557838
Verbascum_thapsus,-1.571,0.419,Hurdle_zi,T0-T3,DIST,1,age_repro,2.5523449856956373
Verbascum_thapsus,-1.571,0.419,Hurdle_zi,T0-T3,DIST,1,percapita_repro,NA
Veronica_arvensis,-2.133,0.259,Hurdle_zi,T0-T3,DIST,1,FirstStepAtt,-1.3609972168245543
Veronica_arvensis,-2.133,0.259,Hurdle_zi,T0-T3,DIST,1,Lambda,1.0575348190993947
Veronica_arvensis,-2.133,0.259,Hurdle_zi,T0-T3,DIST,1,Lmax,0.12924850454918937
Veronica_arvensis,-2.133,0.259,Hurdle_zi,T0-T3,DIST,1,Lmean,0.05244694819316372
Veronica_arvensis,-2.133,0.259,Hurdle_zi,T0-T3,DIST,1,R0,-0.014999404757933873
Veronica_arvensis,-2.133,0.259,Hurdle_zi,T0-T3,DIST,1,Reactivity,1.7913324339405632
Veronica_arvensis,-2.133,0.259,Hurdle_zi,T0-T3,DIST,1,T_generation,0.4178504962611216
Veronica_arvensis,-2.133,0.259,Hurdle_zi,T0-T3,DIST,1,age_repro,0.8907769885320955
Veronica_arvensis,-2.133,0.259,Hurdle_zi,T0-T3,DIST,1,percapita_repro,1.8152156216155975
Agrimonia_eupatoria,-2.328,0.219,Ordbeta,T0-T3,DIST,1,FirstStepAtt,-0.40426778811109665
Agrimonia_eupatoria,-2.328,0.219,Ordbeta,T0-T3,DIST,1,Lambda,0.99064442494128635
Agrimonia_eupatoria,-2.328,0.219,Ordbeta,T0-T3,DIST,1,Lmax,4.5330412476880015
Agrimonia_eupatoria,-2.328,0.219,Ordbeta,T0-T3,DIST,1,Lmean,2.276623485281897
Agrimonia_eupatoria,-2.328,0.219,Ordbeta,T0-T3,DIST,1,R0,-0.3812702083300579
Agrimonia_eupatoria,-2.328,0.219,Ordbeta,T0-T3,DIST,1,Reactivity,0.19207496843703886
Agrimonia_eupatoria,-2.328,0.219,Ordbeta,T0-T3,DIST,1,T_generation,3.6207086258222287
Agrimonia_eupatoria,-2.328,0.219,Ordbeta,T0-T3,DIST,1,age_repro,2.087394345070076
Agrimonia_eupatoria,-2.328,0.219,Ordbeta,T0-T3,DIST,1,percapita_repro,-1.5661843426366495
Allium_vineale,-2.618,0.361,Ordbeta,T0-T3,DIST,1,FirstStepAtt,-2.036030904211625
Allium_vineale,-2.618,0.361,Ordbeta,T0-T3,DIST,1,Lambda,1.170906773884173
Allium_vineale,-2.618,0.361,Ordbeta,T0-T3,DIST,1,Lmax,1.0986122886681098
Allium_vineale,-2.618,0.361,Ordbeta,T0-T3,DIST,1,Lmean,0.16647352389668973
Allium_vineale,-2.618,0.361,Ordbeta,T0-T3,DIST,1,R0,0.3408368280021561
Allium_vineale,-2.618,0.361,Ordbeta,T0-T3,DIST,1,Reactivity,2.1940830508207325
Allium_vineale,-2.618,0.361,Ordbeta,T0-T3,DIST,1,T_generation,0.7635325690826141
Allium_vineale,-2.618,0.361,Ordbeta,T0-T3,DIST,1,age_repro,1.2000990079409088
Allium_vineale,-2.618,0.361,Ordbeta,T0-T3,DIST,1,percapita_repro,2.3368650630604555
Andropogon_gerardii,-1.082,0.206,Ordbeta,T0-T3,DIST,1,FirstStepAtt,-1.1908608264270113
Andropogon_gerardii,-1.082,0.206,Ordbeta,T0-T3,DIST,1,Lambda,1.50587325216984
Andropogon_gerardii,-1.082,0.206,Ordbeta,T0-T3,DIST,1,Lmax,1.764891121214301
Andropogon_gerardii,-1.082,0.206,Ordbeta,T0-T3,DIST,1,Lmean,0.6723210807858808
Andropogon_gerardii,-1.082,0.206,Ordbeta,T0-T3,DIST,1,R0,0.8354773555720532
Andropogon_gerardii,-1.082,0.206,Ordbeta,T0-T3,DIST,1,Reactivity,1.7926841280473305
Andropogon_gerardii,-1.082,0.206,Ordbeta,T0-T3,DIST,1,T_generation,0.7395193223181741
Andropogon_gerardii,-1.082,0.206,Ordbeta,T0-T3,DIST,1,age_repro,0.7862530575220442
Andropogon_gerardii,-1.082,0.206,Ordbeta,T0-T3,DIST,1,percapita_repro,2.0924307697315556
Arenaria_serpyllifolia,-2.512,0.251,Ordbeta,T0-T3,DIST,1,FirstStepAtt,-2.2176497264357233
Arenaria_serpyllifolia,-2.512,0.251,Ordbeta,T0-T3,DIST,1,Lambda,0.860684361881849
Arenaria_serpyllifolia,-2.512,0.251,Ordbeta,T0-T3,DIST,1,Lmax,0
Arenaria_serpyllifolia,-2.512,0.251,Ordbeta,T0-T3,DIST,1,Lmean,0
Arenaria_serpyllifolia,-2.512,0.251,Ordbeta,T0-T3,DIST,1,R0,0.13128547046852534
Arenaria_serpyllifolia,-2.512,0.251,Ordbeta,T0-T3,DIST,1,Reactivity,2.5929750386335604
Arenaria_serpyllifolia,-2.512,0.251,Ordbeta,T0-T3,DIST,1,T_generation,0.16988583066600282
Arenaria_serpyllifolia,-2.512,0.251,Ordbeta,T0-T3,DIST,1,age_repro,0.8303384136066279
Arenaria_serpyllifolia,-2.512,0.251,Ordbeta,T0-T3,DIST,1,percapita_repro,2.639396025140823
Armeria_maritima,-2.803,0.329,Ordbeta,T0-T3,DIST,1,FirstStepAtt,-2.2414258727445255
Armeria_maritima,-2.803,0.329,Ordbeta,T0-T3,DIST,1,Lambda,1.458043853064239
Armeria_maritima,-2.803,0.329,Ordbeta,T0-T3,DIST,1,Lmax,2.995732273553991
Armeria_maritima,-2.803,0.329,Ordbeta,T0-T3,DIST,1,Lmean,0.6122577291406874
Armeria_maritima,-2.803,0.329,Ordbeta,T0-T3,DIST,1,R0,4.445083646052526
Armeria_maritima,-2.803,0.329,Ordbeta,T0-T3,DIST,1,Reactivity,5.495776723555247
Armeria_maritima,-2.803,0.329,Ordbeta,T0-T3,DIST,1,T_generation,2.099604255961898
Armeria_maritima,-2.803,0.329,Ordbeta,T0-T3,DIST,1,age_repro,1.5255005163472148
Armeria_maritima,-2.803,0.329,Ordbeta,T0-T3,DIST,1,percapita_repro,3.617282020171661
Centaurea_jacea,-2.717,0.219,Ordbeta,T0-T3,DIST,1,FirstStepAtt,-0.6368104471974831
Centaurea_jacea,-2.717,0.219,Ordbeta,T0-T3,DIST,1,Lambda,0.9157150879324936
Centaurea_jacea,-2.717,0.219,Ordbeta,T0-T3,DIST,1,Lmax,2.4003251984703664
Centaurea_jacea,-2.717,0.219,Ordbeta,T0-T3,DIST,1,Lmean,1.3722715793325009
Centaurea_jacea,-2.717,0.219,Ordbeta,T0-T3,DIST,1,R0,-3.4842742317189583
Centaurea_jacea,-2.717,0.219,Ordbeta,T0-T3,DIST,1,Reactivity,0.41685764138114395
Centaurea_jacea,-2.717,0.219,Ordbeta,T0-T3,DIST,1,T_generation,2.978872381362829
Centaurea_jacea,-2.717,0.219,Ordbeta,T0-T3,DIST,1,age_repro,1.6363011514297372
Centaurea_jacea,-2.717,0.219,Ordbeta,T0-T3,DIST,1,percapita_repro,-1.7828083742933423
Cerastium_fontanum,-2.567,0.141,Ordbeta,T0-T3,DIST,1,FirstStepAtt,-2.696031853083466
Cerastium_fontanum,-2.567,0.141,Ordbeta,T0-T3,DIST,1,Lambda,NA
Cerastium_fontanum,-2.567,0.141,Ordbeta,T0-T3,DIST,1,Lmax,0
Cerastium_fontanum,-2.567,0.141,Ordbeta,T0-T3,DIST,1,Lmean,0
Cerastium_fontanum,-2.567,0.141,Ordbeta,T0-T3,DIST,1,R0,1.5184623246973081
Cerastium_fontanum,-2.567,0.141,Ordbeta,T0-T3,DIST,1,Reactivity,3.027270925563423
Cerastium_fontanum,-2.567,0.141,Ordbeta,T0-T3,DIST,1,T_generation,0.005048904923272251
Cerastium_fontanum,-2.567,0.141,Ordbeta,T0-T3,DIST,1,age_repro,0.8873031950009029
Cerastium_fontanum,-2.567,0.141,Ordbeta,T0-T3,DIST,1,percapita_repro,4.522657764413627
Cirsium_arvense,-2.095,0.18,Ordbeta,T0-T3,DIST,1,FirstStepAtt,-3.3290015249469986
Cirsium_arvense,-2.095,0.18,Ordbeta,T0-T3,DIST,1,Lambda,NA
Cirsium_arvense,-2.095,0.18,Ordbeta,T0-T3,DIST,1,Lmax,1.0986122886681098
Cirsium_arvense,-2.095,0.18,Ordbeta,T0-T3,DIST,1,Lmean,0.1699960817758222
Cirsium_arvense,-2.095,0.18,Ordbeta,T0-T3,DIST,1,R0,3.228914980534981
Cirsium_arvense,-2.095,0.18,Ordbeta,T0-T3,DIST,1,Reactivity,4.0664130997692896
Cirsium_arvense,-2.095,0.18,Ordbeta,T0-T3,DIST,1,T_generation,0.7703612247372394
Cirsium_arvense,-2.095,0.18,Ordbeta,T0-T3,DIST,1,age_repro,1.162546762671639
Cirsium_arvense,-2.095,0.18,Ordbeta,T0-T3,DIST,1,percapita_repro,5.427985054670073
Cirsium_palustre,-2.705,0.404,Ordbeta,T0-T3,DIST,1,FirstStepAtt,-2.5937654771378247
Cirsium_palustre,-2.705,0.404,Ordbeta,T0-T3,DIST,1,Lambda,1.4428002172428838
Cirsium_palustre,-2.705,0.404,Ordbeta,T0-T3,DIST,1,Lmax,1.5273118956910914
Cirsium_palustre,-2.705,0.404,Ordbeta,T0-T3,DIST,1,Lmean,0.20135107219302092
Cirsium_palustre,-2.705,0.404,Ordbeta,T0-T3,DIST,1,R0,1.2807231364002392
Cirsium_palustre,-2.705,0.404,Ordbeta,T0-T3,DIST,1,Reactivity,4.898747288058175
Cirsium_palustre,-2.705,0.404,Ordbeta,T0-T3,DIST,1,T_generation,1.2255759905166659
Cirsium_palustre,-2.705,0.404,Ordbeta,T0-T3,DIST,1,age_repro,1.534647496889771
Cirsium_palustre,-2.705,0.404,Ordbeta,T0-T3,DIST,1,percapita_repro,4.957313127808717
Cirsium_vulgare,-2.778,0.32,Ordbeta,T0-T3,DIST,1,FirstStepAtt,-3.1910655226282234
Cirsium_vulgare,-2.778,0.32,Ordbeta,T0-T3,DIST,1,Lambda,0.7844344795818798
Cirsium_vulgare,-2.778,0.32,Ordbeta,T0-T3,DIST,1,Lmax,1.507973248367974
Cirsium_vulgare,-2.778,0.32,Ordbeta,T0-T3,DIST,1,Lmean,0.3479988332516422
Cirsium_vulgare,-2.778,0.32,Ordbeta,T0-T3,DIST,1,R0,-1.420279247517773
Cirsium_vulgare,-2.778,0.32,Ordbeta,T0-T3,DIST,1,Reactivity,2.641485998869525
Cirsium_vulgare,-2.778,0.32,Ordbeta,T0-T3,DIST,1,T_generation,1.4828783988333107
Cirsium_vulgare,-2.778,0.32,Ordbeta,T0-T3,DIST,1,age_repro,0.9323966804077027
Cirsium_vulgare,-2.778,0.32,Ordbeta,T0-T3,DIST,1,percapita_repro,1.89963041219607
Cytisus_scoparius,-2.445,0.46,Ordbeta,T0-T3,DIST,1,FirstStepAtt,-1.080580313452844
Cytisus_scoparius,-2.445,0.46,Ordbeta,T0-T3,DIST,1,Lambda,1.2132924652538926
Cytisus_scoparius,-2.445,0.46,Ordbeta,T0-T3,DIST,1,Lmax,3.4362872742721846
Cytisus_scoparius,-2.445,0.46,Ordbeta,T0-T3,DIST,1,Lmean,1.6108317812687711
Cytisus_scoparius,-2.445,0.46,Ordbeta,T0-T3,DIST,1,R0,1.2836591821667371
Cytisus_scoparius,-2.445,0.46,Ordbeta,T0-T3,DIST,1,Reactivity,7.2558813136686915
Cytisus_scoparius,-2.445,0.46,Ordbeta,T0-T3,DIST,1,T_generation,2.5531837176158607
Cytisus_scoparius,-2.445,0.46,Ordbeta,T0-T3,DIST,1,age_repro,1.7233105661137673
Cytisus_scoparius,-2.445,0.46,Ordbeta,T0-T3,DIST,1,percapita_repro,5.712086717106163
Daucus_carota,-2.268,0.179,Ordbeta,T0-T3,DIST,1,FirstStepAtt,-4.040610337013186
Daucus_carota,-2.268,0.179,Ordbeta,T0-T3,DIST,1,Lambda,1.7161044748521754
Daucus_carota,-2.268,0.179,Ordbeta,T0-T3,DIST,1,Lmax,1.0986122886681098
Daucus_carota,-2.268,0.179,Ordbeta,T0-T3,DIST,1,Lmean,0.31834252276646996
Daucus_carota,-2.268,0.179,Ordbeta,T0-T3,DIST,1,R0,1.8196701629274532
Daucus_carota,-2.268,0.179,Ordbeta,T0-T3,DIST,1,Reactivity,NA
Daucus_carota,-2.268,0.179,Ordbeta,T0-T3,DIST,1,T_generation,1.189773196967312
Daucus_carota,-2.268,0.179,Ordbeta,T0-T3,DIST,1,age_repro,1.431272611901774
Daucus_carota,-2.268,0.179,Ordbeta,T0-T3,DIST,1,percapita_repro,NA
Echium_vulgare,-2.289,0.373,Ordbeta,T0-T3,DIST,1,FirstStepAtt,-1.4808281568478858
Echium_vulgare,-2.289,0.373,Ordbeta,T0-T3,DIST,1,Lambda,1.54759800300862
Echium_vulgare,-2.289,0.373,Ordbeta,T0-T3,DIST,1,Lmax,1.3862943611198906
Echium_vulgare,-2.289,0.373,Ordbeta,T0-T3,DIST,1,Lmean,0.5010758488001458
Echium_vulgare,-2.289,0.373,Ordbeta,T0-T3,DIST,1,R0,1.6034012709220467
Echium_vulgare,-2.289,0.373,Ordbeta,T0-T3,DIST,1,Reactivity,3.2663741200499037
Echium_vulgare,-2.289,0.373,Ordbeta,T0-T3,DIST,1,T_generation,1.287139504575711
Echium_vulgare,-2.289,0.373,Ordbeta,T0-T3,DIST,1,age_repro,1.3132909952863716
Echium_vulgare,-2.289,0.373,Ordbeta,T0-T3,DIST,1,percapita_repro,3.7030781735137492
Elymus_repens,-2.033,0.186,Ordbeta,T0-T3,DIST,1,FirstStepAtt,-19.608981934788076
Elymus_repens,-2.033,0.186,Ordbeta,T0-T3,DIST,1,Lambda,NA
Elymus_repens,-2.033,0.186,Ordbeta,T0-T3,DIST,1,Lmax,0.6931471805599453
Elymus_repens,-2.033,0.186,Ordbeta,T0-T3,DIST,1,Lmean,0.34830572665687204
Elymus_repens,-2.033,0.186,Ordbeta,T0-T3,DIST,1,R0,4.306802628082906
Elymus_repens,-2.033,0.186,Ordbeta,T0-T3,DIST,1,Reactivity,NA
Elymus_repens,-2.033,0.186,Ordbeta,T0-T3,DIST,1,T_generation,0.00771453240913415
Elymus_repens,-2.033,0.186,Ordbeta,T0-T3,DIST,1,age_repro,0
Elymus_repens,-2.033,0.186,Ordbeta,T0-T3,DIST,1,percapita_repro,-5.74205469871386
Erigeron_canadensis,-2.673,0.252,Ordbeta,T0-T3,DIST,1,FirstStepAtt,-2.9940372183428647
Erigeron_canadensis,-2.673,0.252,Ordbeta,T0-T3,DIST,1,Lambda,NA
Erigeron_canadensis,-2.673,0.252,Ordbeta,T0-T3,DIST,1,Lmax,0
Erigeron_canadensis,-2.673,0.252,Ordbeta,T0-T3,DIST,1,Lmean,0
Erigeron_canadensis,-2.673,0.252,Ordbeta,T0-T3,DIST,1,R0,2.750423016465953
Erigeron_canadensis,-2.673,0.252,Ordbeta,T0-T3,DIST,1,Reactivity,3.7256901124743216
Erigeron_canadensis,-2.673,0.252,Ordbeta,T0-T3,DIST,1,T_generation,0.1300250884192771
Erigeron_canadensis,-2.673,0.252,Ordbeta,T0-T3,DIST,1,age_repro,0.9159908368351705
Erigeron_canadensis,-2.673,0.252,Ordbeta,T0-T3,DIST,1,percapita_repro,5.684089841310465
Knautia_arvensis,-2.219,0.281,Ordbeta,T0-T3,DIST,1,FirstStepAtt,-2.956373754274904
Knautia_arvensis,-2.219,0.281,Ordbeta,T0-T3,DIST,1,Lambda,0.30764990872892994
Knautia_arvensis,-2.219,0.281,Ordbeta,T0-T3,DIST,1,Lmax,0.6931471805599453
Knautia_arvensis,-2.219,0.281,Ordbeta,T0-T3,DIST,1,Lmean,0.022139719151234638
Knautia_arvensis,-2.219,0.281,Ordbeta,T0-T3,DIST,1,R0,-9.95071325619903
Knautia_arvensis,-2.219,0.281,Ordbeta,T0-T3,DIST,1,Reactivity,0.35097071858090473
Knautia_arvensis,-2.219,0.281,Ordbeta,T0-T3,DIST,1,T_generation,NA
Knautia_arvensis,-2.219,0.281,Ordbeta,T0-T3,DIST,1,age_repro,0.9322894183877876
Knautia_arvensis,-2.219,0.281,Ordbeta,T0-T3,DIST,1,percapita_repro,-4.367646677748796
Lactuca_serriola,-2.653,0.415,Ordbeta,T0-T3,DIST,1,FirstStepAtt,-2.5276283678174485
Lactuca_serriola,-2.653,0.415,Ordbeta,T0-T3,DIST,1,Lambda,NA
Lactuca_serriola,-2.653,0.415,Ordbeta,T0-T3,DIST,1,Lmax,0
Lactuca_serriola,-2.653,0.415,Ordbeta,T0-T3,DIST,1,Lmean,0
Lactuca_serriola,-2.653,0.415,Ordbeta,T0-T3,DIST,1,R0,2.961708269076509
Lactuca_serriola,-2.653,0.415,Ordbeta,T0-T3,DIST,1,Reactivity,5.096932718325193
Lactuca_serriola,-2.653,0.415,Ordbeta,T0-T3,DIST,1,T_generation,0.08738433516364566
Lactuca_serriola,-2.653,0.415,Ordbeta,T0-T3,DIST,1,age_repro,1.2839753424841123
Lactuca_serriola,-2.653,0.415,Ordbeta,T0-T3,DIST,1,percapita_repro,7.147653680580111
Linum_catharticum,-2.584,0.254,Ordbeta,T0-T3,DIST,1,FirstStepAtt,-3.1953085121694222
Linum_catharticum,-2.584,0.254,Ordbeta,T0-T3,DIST,1,Lambda,NA
Linum_catharticum,-2.584,0.254,Ordbeta,T0-T3,DIST,1,Lmax,2.0794415416798357
Linum_catharticum,-2.584,0.254,Ordbeta,T0-T3,DIST,1,Lmean,0.7715798705141755
Linum_catharticum,-2.584,0.254,Ordbeta,T0-T3,DIST,1,R0,1.7942778474769048
Linum_catharticum,-2.584,0.254,Ordbeta,T0-T3,DIST,1,Reactivity,3.8165083573910685
Linum_catharticum,-2.584,0.254,Ordbeta,T0-T3,DIST,1,T_generation,0.30079171330480015
Linum_catharticum,-2.584,0.254,Ordbeta,T0-T3,DIST,1,age_repro,0.7034715243015948
Linum_catharticum,-2.584,0.254,Ordbeta,T0-T3,DIST,1,percapita_repro,3.0328521355315146
Myosotis_ramosissima,-2.595,0.408,Ordbeta,T0-T3,DIST,1,FirstStepAtt,-3.6870030575668453
Myosotis_ramosissima,-2.595,0.408,Ordbeta,T0-T3,DIST,1,Lambda,1.4558843238144925
Myosotis_ramosissima,-2.595,0.408,Ordbeta,T0-T3,DIST,1,Lmax,0
Myosotis_ramosissima,-2.595,0.408,Ordbeta,T0-T3,DIST,1,Lmean,0
Myosotis_ramosissima,-2.595,0.408,Ordbeta,T0-T3,DIST,1,R0,1.3761933951892638
Myosotis_ramosissima,-2.595,0.408,Ordbeta,T0-T3,DIST,1,Reactivity,0.48764865977290195
Myosotis_ramosissima,-2.595,0.408,Ordbeta,T0-T3,DIST,1,T_generation,0.013734478546359119
Myosotis_ramosissima,-2.595,0.408,Ordbeta,T0-T3,DIST,1,age_repro,0.7154702161542037
Myosotis_ramosissima,-2.595,0.408,Ordbeta,T0-T3,DIST,1,percapita_repro,1.826732983425593
Picris_hieracioides,-1.655,0.202,Ordbeta,T0-T3,DIST,1,FirstStepAtt,-4.012603074068456
Picris_hieracioides,-1.655,0.202,Ordbeta,T0-T3,DIST,1,Lambda,0.8846497432296893
Picris_hieracioides,-1.655,0.202,Ordbeta,T0-T3,DIST,1,Lmax,0.6931471805599453
Picris_hieracioides,-1.655,0.202,Ordbeta,T0-T3,DIST,1,Lmean,0.025497751793431413
Picris_hieracioides,-1.655,0.202,Ordbeta,T0-T3,DIST,1,R0,-0.5012341883972119
Picris_hieracioides,-1.655,0.202,Ordbeta,T0-T3,DIST,1,Reactivity,5.739334580340471
Picris_hieracioides,-1.655,0.202,Ordbeta,T0-T3,DIST,1,T_generation,1.4151934417967624
Picris_hieracioides,-1.655,0.202,Ordbeta,T0-T3,DIST,1,age_repro,1.5430234695350933
Picris_hieracioides,-1.655,0.202,Ordbeta,T0-T3,DIST,1,percapita_repro,5.616771097666572
Pimpinella_saxifraga,-2.499,0.311,Ordbeta,T0-T3,DIST,1,FirstStepAtt,-0.5923077657542147
Pimpinella_saxifraga,-2.499,0.311,Ordbeta,T0-T3,DIST,1,Lambda,0.9547406316474248
Pimpinella_saxifraga,-2.499,0.311,Ordbeta,T0-T3,DIST,1,Lmax,3.2778313935718644
Pimpinella_saxifraga,-2.499,0.311,Ordbeta,T0-T3,DIST,1,Lmean,1.3985454207581605
Pimpinella_saxifraga,-2.499,0.311,Ordbeta,T0-T3,DIST,1,R0,-0.7090626241047243
Pimpinella_saxifraga,-2.499,0.311,Ordbeta,T0-T3,DIST,1,Reactivity,0.9233752615973371
Pimpinella_saxifraga,-2.499,0.311,Ordbeta,T0-T3,DIST,1,T_generation,2.7756138699245225
Pimpinella_saxifraga,-2.499,0.311,Ordbeta,T0-T3,DIST,1,age_repro,1.7819632124517442
Pimpinella_saxifraga,-2.499,0.311,Ordbeta,T0-T3,DIST,1,percapita_repro,-0.1635626778133
Plantago_coronopus,-2.223,0.228,Ordbeta,T0-T3,DIST,1,FirstStepAtt,-1.0607821044920802
Plantago_coronopus,-2.223,0.228,Ordbeta,T0-T3,DIST,1,Lambda,0.8883340096307588
Plantago_coronopus,-2.223,0.228,Ordbeta,T0-T3,DIST,1,Lmax,1.907994489728227
Plantago_coronopus,-2.223,0.228,Ordbeta,T0-T3,DIST,1,Lmean,0.5836315540514999
Plantago_coronopus,-2.223,0.228,Ordbeta,T0-T3,DIST,1,R0,-0.7679497099488539
Plantago_coronopus,-2.223,0.228,Ordbeta,T0-T3,DIST,1,Reactivity,1.2700917455756844
Plantago_coronopus,-2.223,0.228,Ordbeta,T0-T3,DIST,1,T_generation,1.4792349913940708
Plantago_coronopus,-2.223,0.228,Ordbeta,T0-T3,DIST,1,age_repro,0.7227032675127357
Plantago_coronopus,-2.223,0.228,Ordbeta,T0-T3,DIST,1,percapita_repro,-0.16078899600806454
Plantago_media,-2.458,0.301,Ordbeta,T0-T3,DIST,1,FirstStepAtt,-2.5216721506920545
Plantago_media,-2.458,0.301,Ordbeta,T0-T3,DIST,1,Lambda,0.9166479924897526
Plantago_media,-2.458,0.301,Ordbeta,T0-T3,DIST,1,Lmax,1.7178918965462198
Plantago_media,-2.458,0.301,Ordbeta,T0-T3,DIST,1,Lmean,0.240093455091011
Plantago_media,-2.458,0.301,Ordbeta,T0-T3,DIST,1,R0,-3.703632943874186
Plantago_media,-2.458,0.301,Ordbeta,T0-T3,DIST,1,Reactivity,0.9115891884505661
Plantago_media,-2.458,0.301,Ordbeta,T0-T3,DIST,1,T_generation,3.2830740541662764
Plantago_media,-2.458,0.301,Ordbeta,T0-T3,DIST,1,age_repro,2.050568331584061
Plantago_media,-2.458,0.301,Ordbeta,T0-T3,DIST,1,percapita_repro,0.21247852101489456
Poa_alpina,-2.539,0.451,Ordbeta,T0-T3,DIST,1,FirstStepAtt,-0.6821869840767281
Poa_alpina,-2.539,0.451,Ordbeta,T0-T3,DIST,1,Lambda,0.9289514100594022
Poa_alpina,-2.539,0.451,Ordbeta,T0-T3,DIST,1,Lmax,3.3423058638339636
Poa_alpina,-2.539,0.451,Ordbeta,T0-T3,DIST,1,Lmean,1.5320496652234803
Poa_alpina,-2.539,0.451,Ordbeta,T0-T3,DIST,1,R0,-1.2908410925748002
Poa_alpina,-2.539,0.451,Ordbeta,T0-T3,DIST,1,Reactivity,0.721221307788113
Poa_alpina,-2.539,0.451,Ordbeta,T0-T3,DIST,1,T_generation,3.187086237083993
Poa_alpina,-2.539,0.451,Ordbeta,T0-T3,DIST,1,age_repro,0.8494642415925806
Poa_alpina,-2.539,0.451,Ordbeta,T0-T3,DIST,1,percapita_repro,-2.149856471713263
Potentilla_recta,-2.452,0.262,Ordbeta,T0-T3,DIST,1,FirstStepAtt,-1.2072466251783427
Potentilla_recta,-2.452,0.262,Ordbeta,T0-T3,DIST,1,Lambda,1.3233051390988662
Potentilla_recta,-2.452,0.262,Ordbeta,T0-T3,DIST,1,Lmax,2.8995463272302633
Potentilla_recta,-2.452,0.262,Ordbeta,T0-T3,DIST,1,Lmean,1.114174982541197
Potentilla_recta,-2.452,0.262,Ordbeta,T0-T3,DIST,1,R0,-Inf
Potentilla_recta,-2.452,0.262,Ordbeta,T0-T3,DIST,1,Reactivity,2.3355670141886495
Potentilla_recta,-2.452,0.262,Ordbeta,T0-T3,DIST,1,T_generation,1.1285664763465502
Potentilla_recta,-2.452,0.262,Ordbeta,T0-T3,DIST,1,age_repro,1.470241457035962
Potentilla_recta,-2.452,0.262,Ordbeta,T0-T3,DIST,1,percapita_repro,5.184136566294191
Primula_elatior,-2.533,0.374,Ordbeta,T0-T3,DIST,1,FirstStepAtt,-2.5752591198739894
Primula_elatior,-2.533,0.374,Ordbeta,T0-T3,DIST,1,Lambda,1.0243599289476764
Primula_elatior,-2.533,0.374,Ordbeta,T0-T3,DIST,1,Lmax,3.078214221499716
Primula_elatior,-2.533,0.374,Ordbeta,T0-T3,DIST,1,Lmean,0.9348686606054332
Primula_elatior,-2.533,0.374,Ordbeta,T0-T3,DIST,1,R0,-0.1983437887657272
Primula_elatior,-2.533,0.374,Ordbeta,T0-T3,DIST,1,Reactivity,1.2375774274497275
Primula_elatior,-2.533,0.374,Ordbeta,T0-T3,DIST,1,T_generation,2.774342942782747
Primula_elatior,-2.533,0.374,Ordbeta,T0-T3,DIST,1,age_repro,1.5965918444925693
Primula_elatior,-2.533,0.374,Ordbeta,T0-T3,DIST,1,percapita_repro,0.6906312588074858
Primula_veris,-2.603,0.378,Ordbeta,T0-T3,DIST,1,FirstStepAtt,-3.0996415326914413
Primula_veris,-2.603,0.378,Ordbeta,T0-T3,DIST,1,Lambda,0.9177166512186883
Primula_veris,-2.603,0.378,Ordbeta,T0-T3,DIST,1,Lmax,1.777554626801171
Primula_veris,-2.603,0.378,Ordbeta,T0-T3,DIST,1,Lmean,0.34573408996051475
Primula_veris,-2.603,0.378,Ordbeta,T0-T3,DIST,1,R0,-3.531205384831014
Primula_veris,-2.603,0.378,Ordbeta,T0-T3,DIST,1,Reactivity,1.8406103144604358
Primula_veris,-2.603,0.378,Ordbeta,T0-T3,DIST,1,T_generation,3.266151130174338
Primula_veris,-2.603,0.378,Ordbeta,T0-T3,DIST,1,age_repro,2.1007008996065113
Primula_veris,-2.603,0.378,Ordbeta,T0-T3,DIST,1,percapita_repro,1.3057574210790406
Ranunculus_acris,-2.567,0.152,Ordbeta,T0-T3,DIST,1,FirstStepAtt,-2.223673155588096
Ranunculus_acris,-2.567,0.152,Ordbeta,T0-T3,DIST,1,Lambda,1.1474253581153837
Ranunculus_acris,-2.567,0.152,Ordbeta,T0-T3,DIST,1,Lmax,1.791759469228055
Ranunculus_acris,-2.567,0.152,Ordbeta,T0-T3,DIST,1,Lmean,0.2694368352850546
Ranunculus_acris,-2.567,0.152,Ordbeta,T0-T3,DIST,1,R0,0.4291243489821683
Ranunculus_acris,-2.567,0.152,Ordbeta,T0-T3,DIST,1,Reactivity,1.8978523971700296
Ranunculus_acris,-2.567,0.152,Ordbeta,T0-T3,DIST,1,T_generation,1.3335494740785472
Ranunculus_acris,-2.567,0.152,Ordbeta,T0-T3,DIST,1,age_repro,1.1167312512505851
Ranunculus_acris,-2.567,0.152,Ordbeta,T0-T3,DIST,1,percapita_repro,1.9401794743463283
Salsola_kali,-2.585,0.41,Ordbeta,T0-T3,DIST,1,FirstStepAtt,-7.23761455341241
Salsola_kali,-2.585,0.41,Ordbeta,T0-T3,DIST,1,Lambda,0.589687496520467
Salsola_kali,-2.585,0.41,Ordbeta,T0-T3,DIST,1,Lmax,1.0986122886681098
Salsola_kali,-2.585,0.41,Ordbeta,T0-T3,DIST,1,Lmean,0.6329527878317025
Salsola_kali,-2.585,0.41,Ordbeta,T0-T3,DIST,1,R0,-3.1690448866467187
Salsola_kali,-2.585,0.41,Ordbeta,T0-T3,DIST,1,Reactivity,NA
Salsola_kali,-2.585,0.41,Ordbeta,T0-T3,DIST,1,T_generation,1.7917877371801434
Salsola_kali,-2.585,0.41,Ordbeta,T0-T3,DIST,1,age_repro,1.7917761374226397
Salsola_kali,-2.585,0.41,Ordbeta,T0-T3,DIST,1,percapita_repro,NA
Sphaeralcea_coccinea,-2.329,0.334,Ordbeta,T0-T3,DIST,1,FirstStepAtt,-0.021668930362796438
Sphaeralcea_coccinea,-2.329,0.334,Ordbeta,T0-T3,DIST,1,Lambda,0.9140916052986946
Sphaeralcea_coccinea,-2.329,0.334,Ordbeta,T0-T3,DIST,1,Lmax,1.1291966833851346
Sphaeralcea_coccinea,-2.329,0.334,Ordbeta,T0-T3,DIST,1,Lmean,0.18479959171993668
Sphaeralcea_coccinea,-2.329,0.334,Ordbeta,T0-T3,DIST,1,R0,-0.1631566065473073
Sphaeralcea_coccinea,-2.329,0.334,Ordbeta,T0-T3,DIST,1,Reactivity,0.06479482429602482
Sphaeralcea_coccinea,-2.329,0.334,Ordbeta,T0-T3,DIST,1,T_generation,0.24224692726379177
Sphaeralcea_coccinea,-2.329,0.334,Ordbeta,T0-T3,DIST,1,age_repro,0
Sphaeralcea_coccinea,-2.329,0.334,Ordbeta,T0-T3,DIST,1,percapita_repro,-0.347956198267244
Stenaria_nigricans,-2.367,0.357,Ordbeta,T0-T3,DIST,1,FirstStepAtt,-0.001506241946231945
Stenaria_nigricans,-2.367,0.357,Ordbeta,T0-T3,DIST,1,Lambda,0.9901413361648121
Stenaria_nigricans,-2.367,0.357,Ordbeta,T0-T3,DIST,1,Lmax,0.8841014310483891
Stenaria_nigricans,-2.367,0.357,Ordbeta,T0-T3,DIST,1,Lmean,0.1061701762787086
Stenaria_nigricans,-2.367,0.357,Ordbeta,T0-T3,DIST,1,R0,0.21085254589803137
Stenaria_nigricans,-2.367,0.357,Ordbeta,T0-T3,DIST,1,Reactivity,0.009202684809058356
Stenaria_nigricans,-2.367,0.357,Ordbeta,T0-T3,DIST,1,T_generation,0.10216634557653173
Stenaria_nigricans,-2.367,0.357,Ordbeta,T0-T3,DIST,1,age_repro,0
Stenaria_nigricans,-2.367,0.357,Ordbeta,T0-T3,DIST,1,percapita_repro,0.10468236961932272
Taraxacum_campylodes,-2.611,0.391,Ordbeta,T0-T3,DIST,1,FirstStepAtt,-2.3531148413315983
Taraxacum_campylodes,-2.611,0.391,Ordbeta,T0-T3,DIST,1,Lambda,0.08041791145870329
Taraxacum_campylodes,-2.611,0.391,Ordbeta,T0-T3,DIST,1,Lmax,0.5493061443340549
Taraxacum_campylodes,-2.611,0.391,Ordbeta,T0-T3,DIST,1,Lmean,0.06773896227809098
Taraxacum_campylodes,-2.611,0.391,Ordbeta,T0-T3,DIST,1,R0,-Inf
Taraxacum_campylodes,-2.611,0.391,Ordbeta,T0-T3,DIST,1,Reactivity,2.4046693226371185
Taraxacum_campylodes,-2.611,0.391,Ordbeta,T0-T3,DIST,1,T_generation,NA
Taraxacum_campylodes,-2.611,0.391,Ordbeta,T0-T3,DIST,1,age_repro,0
Taraxacum_campylodes,-2.611,0.391,Ordbeta,T0-T3,DIST,1,percapita_repro,-11.213549524439351
Thymus_vulgaris,-2.528,0.327,Ordbeta,T0-T3,DIST,1,FirstStepAtt,-0.005866973847378982
Thymus_vulgaris,-2.528,0.327,Ordbeta,T0-T3,DIST,1,Lambda,0.9926751959162854
Thymus_vulgaris,-2.528,0.327,Ordbeta,T0-T3,DIST,1,Lmax,5.964961904446033
Thymus_vulgaris,-2.528,0.327,Ordbeta,T0-T3,DIST,1,Lmean,4.459892288650257
Thymus_vulgaris,-2.528,0.327,Ordbeta,T0-T3,DIST,1,R0,-1.07189733945768
Thymus_vulgaris,-2.528,0.327,Ordbeta,T0-T3,DIST,1,Reactivity,0.010349758754626258
Thymus_vulgaris,-2.528,0.327,Ordbeta,T0-T3,DIST,1,T_generation,NA
Thymus_vulgaris,-2.528,0.327,Ordbeta,T0-T3,DIST,1,age_repro,NA
Thymus_vulgaris,-2.528,0.327,Ordbeta,T0-T3,DIST,1,percapita_repro,-5.143380039347928
Verbascum_thapsus,-2.271,0.393,Ordbeta,T0-T3,DIST,1,FirstStepAtt,-4.012613096092431
Verbascum_thapsus,-2.271,0.393,Ordbeta,T0-T3,DIST,1,Lambda,NA
Verbascum_thapsus,-2.271,0.393,Ordbeta,T0-T3,DIST,1,Lmax,0.6931471805599453
Verbascum_thapsus,-2.271,0.393,Ordbeta,T0-T3,DIST,1,Lmean,0.05129369438747054
Verbascum_thapsus,-2.271,0.393,Ordbeta,T0-T3,DIST,1,R0,3.381715911075376
Verbascum_thapsus,-2.271,0.393,Ordbeta,T0-T3,DIST,1,Reactivity,NA
Verbascum_thapsus,-2.271,0.393,Ordbeta,T0-T3,DIST,1,T_generation,0.7764348966557838
Verbascum_thapsus,-2.271,0.393,Ordbeta,T0-T3,DIST,1,age_repro,2.5523449856956373
Verbascum_thapsus,-2.271,0.393,Ordbeta,T0-T3,DIST,1,percapita_repro,NA
Veronica_arvensis,-2.784,0.226,Ordbeta,T0-T3,DIST,1,FirstStepAtt,-1.3609972168245543
Veronica_arvensis,-2.784,0.226,Ordbeta,T0-T3,DIST,1,Lambda,1.0575348190993947
Veronica_arvensis,-2.784,0.226,Ordbeta,T0-T3,DIST,1,Lmax,0.12924850454918937
Veronica_arvensis,-2.784,0.226,Ordbeta,T0-T3,DIST,1,Lmean,0.05244694819316372
Veronica_arvensis,-2.784,0.226,Ordbeta,T0-T3,DIST,1,R0,-0.014999404757933873
Veronica_arvensis,-2.784,0.226,Ordbeta,T0-T3,DIST,1,Reactivity,1.7913324339405632
Veronica_arvensis,-2.784,0.226,Ordbeta,T0-T3,DIST,1,T_generation,0.4178504962611216
Veronica_arvensis,-2.784,0.226,Ordbeta,T0-T3,DIST,1,age_repro,0.8907769885320955
Veronica_arvensis,-2.784,0.226,Ordbeta,T0-T3,DIST,1,percapita_repro,1.8152156216155975
Agrimonia_eupatoria,-2.695,0.264,Hurdle_cond,T0-T3,NPK,1,FirstStepAtt,-0.40426778811109665
Agrimonia_eupatoria,-2.695,0.264,Hurdle_cond,T0-T3,NPK,1,Lambda,0.99064442494128635
Agrimonia_eupatoria,-2.695,0.264,Hurdle_cond,T0-T3,NPK,1,Lmax,4.5330412476880015
Agrimonia_eupatoria,-2.695,0.264,Hurdle_cond,T0-T3,NPK,1,Lmean,2.276623485281897
Agrimonia_eupatoria,-2.695,0.264,Hurdle_cond,T0-T3,NPK,1,R0,-0.3812702083300579
Agrimonia_eupatoria,-2.695,0.264,Hurdle_cond,T0-T3,NPK,1,Reactivity,0.19207496843703886
Agrimonia_eupatoria,-2.695,0.264,Hurdle_cond,T0-T3,NPK,1,T_generation,3.6207086258222287
Agrimonia_eupatoria,-2.695,0.264,Hurdle_cond,T0-T3,NPK,1,age_repro,2.087394345070076
Agrimonia_eupatoria,-2.695,0.264,Hurdle_cond,T0-T3,NPK,1,percapita_repro,-1.5661843426366495
Allium_vineale,-2.742,0.451,Hurdle_cond,T0-T3,NPK,1,FirstStepAtt,-2.036030904211625
Allium_vineale,-2.742,0.451,Hurdle_cond,T0-T3,NPK,1,Lambda,1.170906773884173
Allium_vineale,-2.742,0.451,Hurdle_cond,T0-T3,NPK,1,Lmax,1.0986122886681098
Allium_vineale,-2.742,0.451,Hurdle_cond,T0-T3,NPK,1,Lmean,0.16647352389668973
Allium_vineale,-2.742,0.451,Hurdle_cond,T0-T3,NPK,1,R0,0.3408368280021561
Allium_vineale,-2.742,0.451,Hurdle_cond,T0-T3,NPK,1,Reactivity,2.1940830508207325
Allium_vineale,-2.742,0.451,Hurdle_cond,T0-T3,NPK,1,T_generation,0.7635325690826141
Allium_vineale,-2.742,0.451,Hurdle_cond,T0-T3,NPK,1,age_repro,1.2000990079409088
Allium_vineale,-2.742,0.451,Hurdle_cond,T0-T3,NPK,1,percapita_repro,2.3368650630604555
Andropogon_gerardii,-0.51,0.262,Hurdle_cond,T0-T3,NPK,1,FirstStepAtt,-1.1908608264270113
Andropogon_gerardii,-0.51,0.262,Hurdle_cond,T0-T3,NPK,1,Lambda,1.50587325216984
Andropogon_gerardii,-0.51,0.262,Hurdle_cond,T0-T3,NPK,1,Lmax,1.764891121214301
Andropogon_gerardii,-0.51,0.262,Hurdle_cond,T0-T3,NPK,1,Lmean,0.6723210807858808
Andropogon_gerardii,-0.51,0.262,Hurdle_cond,T0-T3,NPK,1,R0,0.8354773555720532
Andropogon_gerardii,-0.51,0.262,Hurdle_cond,T0-T3,NPK,1,Reactivity,1.7926841280473305
Andropogon_gerardii,-0.51,0.262,Hurdle_cond,T0-T3,NPK,1,T_generation,0.7395193223181741
Andropogon_gerardii,-0.51,0.262,Hurdle_cond,T0-T3,NPK,1,age_repro,0.7862530575220442
Andropogon_gerardii,-0.51,0.262,Hurdle_cond,T0-T3,NPK,1,percapita_repro,2.0924307697315556
Arenaria_serpyllifolia,-2.563,0.34,Hurdle_cond,T0-T3,NPK,1,FirstStepAtt,-2.2176497264357233
Arenaria_serpyllifolia,-2.563,0.34,Hurdle_cond,T0-T3,NPK,1,Lambda,0.860684361881849
Arenaria_serpyllifolia,-2.563,0.34,Hurdle_cond,T0-T3,NPK,1,Lmax,0
Arenaria_serpyllifolia,-2.563,0.34,Hurdle_cond,T0-T3,NPK,1,Lmean,0
Arenaria_serpyllifolia,-2.563,0.34,Hurdle_cond,T0-T3,NPK,1,R0,0.13128547046852534
Arenaria_serpyllifolia,-2.563,0.34,Hurdle_cond,T0-T3,NPK,1,Reactivity,2.5929750386335604
Arenaria_serpyllifolia,-2.563,0.34,Hurdle_cond,T0-T3,NPK,1,T_generation,0.16988583066600282
Arenaria_serpyllifolia,-2.563,0.34,Hurdle_cond,T0-T3,NPK,1,age_repro,0.8303384136066279
Arenaria_serpyllifolia,-2.563,0.34,Hurdle_cond,T0-T3,NPK,1,percapita_repro,2.639396025140823
Armeria_maritima,-2.806,0.364,Hurdle_cond,T0-T3,NPK,1,FirstStepAtt,-2.2414258727445255
Armeria_maritima,-2.806,0.364,Hurdle_cond,T0-T3,NPK,1,Lambda,1.458043853064239
Armeria_maritima,-2.806,0.364,Hurdle_cond,T0-T3,NPK,1,Lmax,2.995732273553991
Armeria_maritima,-2.806,0.364,Hurdle_cond,T0-T3,NPK,1,Lmean,0.6122577291406874
Armeria_maritima,-2.806,0.364,Hurdle_cond,T0-T3,NPK,1,R0,4.445083646052526
Armeria_maritima,-2.806,0.364,Hurdle_cond,T0-T3,NPK,1,Reactivity,5.495776723555247
Armeria_maritima,-2.806,0.364,Hurdle_cond,T0-T3,NPK,1,T_generation,2.099604255961898
Armeria_maritima,-2.806,0.364,Hurdle_cond,T0-T3,NPK,1,age_repro,1.5255005163472148
Armeria_maritima,-2.806,0.364,Hurdle_cond,T0-T3,NPK,1,percapita_repro,3.617282020171661
Centaurea_jacea,-2.794,0.265,Hurdle_cond,T0-T3,NPK,1,FirstStepAtt,-0.6368104471974831
Centaurea_jacea,-2.794,0.265,Hurdle_cond,T0-T3,NPK,1,Lambda,0.9157150879324936
Centaurea_jacea,-2.794,0.265,Hurdle_cond,T0-T3,NPK,1,Lmax,2.4003251984703664
Centaurea_jacea,-2.794,0.265,Hurdle_cond,T0-T3,NPK,1,Lmean,1.3722715793325009
Centaurea_jacea,-2.794,0.265,Hurdle_cond,T0-T3,NPK,1,R0,-3.4842742317189583
Centaurea_jacea,-2.794,0.265,Hurdle_cond,T0-T3,NPK,1,Reactivity,0.41685764138114395
Centaurea_jacea,-2.794,0.265,Hurdle_cond,T0-T3,NPK,1,T_generation,2.978872381362829
Centaurea_jacea,-2.794,0.265,Hurdle_cond,T0-T3,NPK,1,age_repro,1.6363011514297372
Centaurea_jacea,-2.794,0.265,Hurdle_cond,T0-T3,NPK,1,percapita_repro,-1.7828083742933423
Cerastium_fontanum,-2.879,0.173,Hurdle_cond,T0-T3,NPK,1,FirstStepAtt,-2.696031853083466
Cerastium_fontanum,-2.879,0.173,Hurdle_cond,T0-T3,NPK,1,Lambda,NA
Cerastium_fontanum,-2.879,0.173,Hurdle_cond,T0-T3,NPK,1,Lmax,0
Cerastium_fontanum,-2.879,0.173,Hurdle_cond,T0-T3,NPK,1,Lmean,0
Cerastium_fontanum,-2.879,0.173,Hurdle_cond,T0-T3,NPK,1,R0,1.5184623246973081
Cerastium_fontanum,-2.879,0.173,Hurdle_cond,T0-T3,NPK,1,Reactivity,3.027270925563423
Cerastium_fontanum,-2.879,0.173,Hurdle_cond,T0-T3,NPK,1,T_generation,0.005048904923272251
Cerastium_fontanum,-2.879,0.173,Hurdle_cond,T0-T3,NPK,1,age_repro,0.8873031950009029
Cerastium_fontanum,-2.879,0.173,Hurdle_cond,T0-T3,NPK,1,percapita_repro,4.522657764413627
Cirsium_arvense,-2.499,0.206,Hurdle_cond,T0-T3,NPK,1,FirstStepAtt,-3.3290015249469986
Cirsium_arvense,-2.499,0.206,Hurdle_cond,T0-T3,NPK,1,Lambda,NA
Cirsium_arvense,-2.499,0.206,Hurdle_cond,T0-T3,NPK,1,Lmax,1.0986122886681098
Cirsium_arvense,-2.499,0.206,Hurdle_cond,T0-T3,NPK,1,Lmean,0.1699960817758222
Cirsium_arvense,-2.499,0.206,Hurdle_cond,T0-T3,NPK,1,R0,3.228914980534981
Cirsium_arvense,-2.499,0.206,Hurdle_cond,T0-T3,NPK,1,Reactivity,4.0664130997692896
Cirsium_arvense,-2.499,0.206,Hurdle_cond,T0-T3,NPK,1,T_generation,0.7703612247372394
Cirsium_arvense,-2.499,0.206,Hurdle_cond,T0-T3,NPK,1,age_repro,1.162546762671639
Cirsium_arvense,-2.499,0.206,Hurdle_cond,T0-T3,NPK,1,percapita_repro,5.427985054670073
Cirsium_palustre,-2.738,0.5,Hurdle_cond,T0-T3,NPK,1,FirstStepAtt,-2.5937654771378247
Cirsium_palustre,-2.738,0.5,Hurdle_cond,T0-T3,NPK,1,Lambda,1.4428002172428838
Cirsium_palustre,-2.738,0.5,Hurdle_cond,T0-T3,NPK,1,Lmax,1.5273118956910914
Cirsium_palustre,-2.738,0.5,Hurdle_cond,T0-T3,NPK,1,Lmean,0.20135107219302092
Cirsium_palustre,-2.738,0.5,Hurdle_cond,T0-T3,NPK,1,R0,1.2807231364002392
Cirsium_palustre,-2.738,0.5,Hurdle_cond,T0-T3,NPK,1,Reactivity,4.898747288058175
Cirsium_palustre,-2.738,0.5,Hurdle_cond,T0-T3,NPK,1,T_generation,1.2255759905166659
Cirsium_palustre,-2.738,0.5,Hurdle_cond,T0-T3,NPK,1,age_repro,1.534647496889771
Cirsium_palustre,-2.738,0.5,Hurdle_cond,T0-T3,NPK,1,percapita_repro,4.957313127808717
Cirsium_vulgare,-2.583,0.389,Hurdle_cond,T0-T3,NPK,1,FirstStepAtt,-3.1910655226282234
Cirsium_vulgare,-2.583,0.389,Hurdle_cond,T0-T3,NPK,1,Lambda,0.7844344795818798
Cirsium_vulgare,-2.583,0.389,Hurdle_cond,T0-T3,NPK,1,Lmax,1.507973248367974
Cirsium_vulgare,-2.583,0.389,Hurdle_cond,T0-T3,NPK,1,Lmean,0.3479988332516422
Cirsium_vulgare,-2.583,0.389,Hurdle_cond,T0-T3,NPK,1,R0,-1.420279247517773
Cirsium_vulgare,-2.583,0.389,Hurdle_cond,T0-T3,NPK,1,Reactivity,2.641485998869525
Cirsium_vulgare,-2.583,0.389,Hurdle_cond,T0-T3,NPK,1,T_generation,1.4828783988333107
Cirsium_vulgare,-2.583,0.389,Hurdle_cond,T0-T3,NPK,1,age_repro,0.9323966804077027
Cirsium_vulgare,-2.583,0.389,Hurdle_cond,T0-T3,NPK,1,percapita_repro,1.89963041219607
Cytisus_scoparius,-2.603,0.511,Hurdle_cond,T0-T3,NPK,1,FirstStepAtt,-1.080580313452844
Cytisus_scoparius,-2.603,0.511,Hurdle_cond,T0-T3,NPK,1,Lambda,1.2132924652538926
Cytisus_scoparius,-2.603,0.511,Hurdle_cond,T0-T3,NPK,1,Lmax,3.4362872742721846
Cytisus_scoparius,-2.603,0.511,Hurdle_cond,T0-T3,NPK,1,Lmean,1.6108317812687711
Cytisus_scoparius,-2.603,0.511,Hurdle_cond,T0-T3,NPK,1,R0,1.2836591821667371
Cytisus_scoparius,-2.603,0.511,Hurdle_cond,T0-T3,NPK,1,Reactivity,7.2558813136686915
Cytisus_scoparius,-2.603,0.511,Hurdle_cond,T0-T3,NPK,1,T_generation,2.5531837176158607
Cytisus_scoparius,-2.603,0.511,Hurdle_cond,T0-T3,NPK,1,age_repro,1.7233105661137673
Cytisus_scoparius,-2.603,0.511,Hurdle_cond,T0-T3,NPK,1,percapita_repro,5.712086717106163
Daucus_carota,-2.548,0.241,Hurdle_cond,T0-T3,NPK,1,FirstStepAtt,-4.040610337013186
Daucus_carota,-2.548,0.241,Hurdle_cond,T0-T3,NPK,1,Lambda,1.7161044748521754
Daucus_carota,-2.548,0.241,Hurdle_cond,T0-T3,NPK,1,Lmax,1.0986122886681098
Daucus_carota,-2.548,0.241,Hurdle_cond,T0-T3,NPK,1,Lmean,0.31834252276646996
Daucus_carota,-2.548,0.241,Hurdle_cond,T0-T3,NPK,1,R0,1.8196701629274532
Daucus_carota,-2.548,0.241,Hurdle_cond,T0-T3,NPK,1,Reactivity,NA
Daucus_carota,-2.548,0.241,Hurdle_cond,T0-T3,NPK,1,T_generation,1.189773196967312
Daucus_carota,-2.548,0.241,Hurdle_cond,T0-T3,NPK,1,age_repro,1.431272611901774
Daucus_carota,-2.548,0.241,Hurdle_cond,T0-T3,NPK,1,percapita_repro,NA
Echium_vulgare,-1.949,0.333,Hurdle_cond,T0-T3,NPK,1,FirstStepAtt,-1.4808281568478858
Echium_vulgare,-1.949,0.333,Hurdle_cond,T0-T3,NPK,1,Lambda,1.54759800300862
Echium_vulgare,-1.949,0.333,Hurdle_cond,T0-T3,NPK,1,Lmax,1.3862943611198906
Echium_vulgare,-1.949,0.333,Hurdle_cond,T0-T3,NPK,1,Lmean,0.5010758488001458
Echium_vulgare,-1.949,0.333,Hurdle_cond,T0-T3,NPK,1,R0,1.6034012709220467
Echium_vulgare,-1.949,0.333,Hurdle_cond,T0-T3,NPK,1,Reactivity,3.2663741200499037
Echium_vulgare,-1.949,0.333,Hurdle_cond,T0-T3,NPK,1,T_generation,1.287139504575711
Echium_vulgare,-1.949,0.333,Hurdle_cond,T0-T3,NPK,1,age_repro,1.3132909952863716
Echium_vulgare,-1.949,0.333,Hurdle_cond,T0-T3,NPK,1,percapita_repro,3.7030781735137492
Elymus_repens,-2.056,0.205,Hurdle_cond,T0-T3,NPK,1,FirstStepAtt,-19.608981934788076
Elymus_repens,-2.056,0.205,Hurdle_cond,T0-T3,NPK,1,Lambda,NA
Elymus_repens,-2.056,0.205,Hurdle_cond,T0-T3,NPK,1,Lmax,0.6931471805599453
Elymus_repens,-2.056,0.205,Hurdle_cond,T0-T3,NPK,1,Lmean,0.34830572665687204
Elymus_repens,-2.056,0.205,Hurdle_cond,T0-T3,NPK,1,R0,4.306802628082906
Elymus_repens,-2.056,0.205,Hurdle_cond,T0-T3,NPK,1,Reactivity,NA
Elymus_repens,-2.056,0.205,Hurdle_cond,T0-T3,NPK,1,T_generation,0.00771453240913415
Elymus_repens,-2.056,0.205,Hurdle_cond,T0-T3,NPK,1,age_repro,0
Elymus_repens,-2.056,0.205,Hurdle_cond,T0-T3,NPK,1,percapita_repro,-5.74205469871386
Erigeron_canadensis,-2.946,0.339,Hurdle_cond,T0-T3,NPK,1,FirstStepAtt,-2.9940372183428647
Erigeron_canadensis,-2.946,0.339,Hurdle_cond,T0-T3,NPK,1,Lambda,NA
Erigeron_canadensis,-2.946,0.339,Hurdle_cond,T0-T3,NPK,1,Lmax,0
Erigeron_canadensis,-2.946,0.339,Hurdle_cond,T0-T3,NPK,1,Lmean,0
Erigeron_canadensis,-2.946,0.339,Hurdle_cond,T0-T3,NPK,1,R0,2.750423016465953
Erigeron_canadensis,-2.946,0.339,Hurdle_cond,T0-T3,NPK,1,Reactivity,3.7256901124743216
Erigeron_canadensis,-2.946,0.339,Hurdle_cond,T0-T3,NPK,1,T_generation,0.1300250884192771
Erigeron_canadensis,-2.946,0.339,Hurdle_cond,T0-T3,NPK,1,age_repro,0.9159908368351705
Erigeron_canadensis,-2.946,0.339,Hurdle_cond,T0-T3,NPK,1,percapita_repro,5.684089841310465
Knautia_arvensis,-2.187,0.314,Hurdle_cond,T0-T3,NPK,1,FirstStepAtt,-2.956373754274904
Knautia_arvensis,-2.187,0.314,Hurdle_cond,T0-T3,NPK,1,Lambda,0.30764990872892994
Knautia_arvensis,-2.187,0.314,Hurdle_cond,T0-T3,NPK,1,Lmax,0.6931471805599453
Knautia_arvensis,-2.187,0.314,Hurdle_cond,T0-T3,NPK,1,Lmean,0.022139719151234638
Knautia_arvensis,-2.187,0.314,Hurdle_cond,T0-T3,NPK,1,R0,-9.95071325619903
Knautia_arvensis,-2.187,0.314,Hurdle_cond,T0-T3,NPK,1,Reactivity,0.35097071858090473
Knautia_arvensis,-2.187,0.314,Hurdle_cond,T0-T3,NPK,1,T_generation,NA
Knautia_arvensis,-2.187,0.314,Hurdle_cond,T0-T3,NPK,1,age_repro,0.9322894183877876
Knautia_arvensis,-2.187,0.314,Hurdle_cond,T0-T3,NPK,1,percapita_repro,-4.367646677748796
Lactuca_serriola,-2.83,0.41,Hurdle_cond,T0-T3,NPK,1,FirstStepAtt,-2.5276283678174485
Lactuca_serriola,-2.83,0.41,Hurdle_cond,T0-T3,NPK,1,Lambda,NA
Lactuca_serriola,-2.83,0.41,Hurdle_cond,T0-T3,NPK,1,Lmax,0
Lactuca_serriola,-2.83,0.41,Hurdle_cond,T0-T3,NPK,1,Lmean,0
Lactuca_serriola,-2.83,0.41,Hurdle_cond,T0-T3,NPK,1,R0,2.961708269076509
Lactuca_serriola,-2.83,0.41,Hurdle_cond,T0-T3,NPK,1,Reactivity,5.096932718325193
Lactuca_serriola,-2.83,0.41,Hurdle_cond,T0-T3,NPK,1,T_generation,0.08738433516364566
Lactuca_serriola,-2.83,0.41,Hurdle_cond,T0-T3,NPK,1,age_repro,1.2839753424841123
Lactuca_serriola,-2.83,0.41,Hurdle_cond,T0-T3,NPK,1,percapita_repro,7.147653680580111
Linum_catharticum,-2.899,0.295,Hurdle_cond,T0-T3,NPK,1,FirstStepAtt,-3.1953085121694222
Linum_catharticum,-2.899,0.295,Hurdle_cond,T0-T3,NPK,1,Lambda,NA
Linum_catharticum,-2.899,0.295,Hurdle_cond,T0-T3,NPK,1,Lmax,2.0794415416798357
Linum_catharticum,-2.899,0.295,Hurdle_cond,T0-T3,NPK,1,Lmean,0.7715798705141755
Linum_catharticum,-2.899,0.295,Hurdle_cond,T0-T3,NPK,1,R0,1.7942778474769048
Linum_catharticum,-2.899,0.295,Hurdle_cond,T0-T3,NPK,1,Reactivity,3.8165083573910685
Linum_catharticum,-2.899,0.295,Hurdle_cond,T0-T3,NPK,1,T_generation,0.30079171330480015
Linum_catharticum,-2.899,0.295,Hurdle_cond,T0-T3,NPK,1,age_repro,0.7034715243015948
Linum_catharticum,-2.899,0.295,Hurdle_cond,T0-T3,NPK,1,percapita_repro,3.0328521355315146
Myosotis_ramosissima,-2.676,0.505,Hurdle_cond,T0-T3,NPK,1,FirstStepAtt,-3.6870030575668453
Myosotis_ramosissima,-2.676,0.505,Hurdle_cond,T0-T3,NPK,1,Lambda,1.4558843238144925
Myosotis_ramosissima,-2.676,0.505,Hurdle_cond,T0-T3,NPK,1,Lmax,0
Myosotis_ramosissima,-2.676,0.505,Hurdle_cond,T0-T3,NPK,1,Lmean,0
Myosotis_ramosissima,-2.676,0.505,Hurdle_cond,T0-T3,NPK,1,R0,1.3761933951892638
Myosotis_ramosissima,-2.676,0.505,Hurdle_cond,T0-T3,NPK,1,Reactivity,0.48764865977290195
Myosotis_ramosissima,-2.676,0.505,Hurdle_cond,T0-T3,NPK,1,T_generation,0.013734478546359119
Myosotis_ramosissima,-2.676,0.505,Hurdle_cond,T0-T3,NPK,1,age_repro,0.7154702161542037
Myosotis_ramosissima,-2.676,0.505,Hurdle_cond,T0-T3,NPK,1,percapita_repro,1.826732983425593
Picris_hieracioides,-2.047,0.233,Hurdle_cond,T0-T3,NPK,1,FirstStepAtt,-4.012603074068456
Picris_hieracioides,-2.047,0.233,Hurdle_cond,T0-T3,NPK,1,Lambda,0.8846497432296893
Picris_hieracioides,-2.047,0.233,Hurdle_cond,T0-T3,NPK,1,Lmax,0.6931471805599453
Picris_hieracioides,-2.047,0.233,Hurdle_cond,T0-T3,NPK,1,Lmean,0.025497751793431413
Picris_hieracioides,-2.047,0.233,Hurdle_cond,T0-T3,NPK,1,R0,-0.5012341883972119
Picris_hieracioides,-2.047,0.233,Hurdle_cond,T0-T3,NPK,1,Reactivity,5.739334580340471
Picris_hieracioides,-2.047,0.233,Hurdle_cond,T0-T3,NPK,1,T_generation,1.4151934417967624
Picris_hieracioides,-2.047,0.233,Hurdle_cond,T0-T3,NPK,1,age_repro,1.5430234695350933
Picris_hieracioides,-2.047,0.233,Hurdle_cond,T0-T3,NPK,1,percapita_repro,5.616771097666572
Pimpinella_saxifraga,-2.463,0.363,Hurdle_cond,T0-T3,NPK,1,FirstStepAtt,-0.5923077657542147
Pimpinella_saxifraga,-2.463,0.363,Hurdle_cond,T0-T3,NPK,1,Lambda,0.9547406316474248
Pimpinella_saxifraga,-2.463,0.363,Hurdle_cond,T0-T3,NPK,1,Lmax,3.2778313935718644
Pimpinella_saxifraga,-2.463,0.363,Hurdle_cond,T0-T3,NPK,1,Lmean,1.3985454207581605
Pimpinella_saxifraga,-2.463,0.363,Hurdle_cond,T0-T3,NPK,1,R0,-0.7090626241047243
Pimpinella_saxifraga,-2.463,0.363,Hurdle_cond,T0-T3,NPK,1,Reactivity,0.9233752615973371
Pimpinella_saxifraga,-2.463,0.363,Hurdle_cond,T0-T3,NPK,1,T_generation,2.7756138699245225
Pimpinella_saxifraga,-2.463,0.363,Hurdle_cond,T0-T3,NPK,1,age_repro,1.7819632124517442
Pimpinella_saxifraga,-2.463,0.363,Hurdle_cond,T0-T3,NPK,1,percapita_repro,-0.1635626778133
Plantago_coronopus,-2.147,0.263,Hurdle_cond,T0-T3,NPK,1,FirstStepAtt,-1.0607821044920802
Plantago_coronopus,-2.147,0.263,Hurdle_cond,T0-T3,NPK,1,Lambda,0.8883340096307588
Plantago_coronopus,-2.147,0.263,Hurdle_cond,T0-T3,NPK,1,Lmax,1.907994489728227
Plantago_coronopus,-2.147,0.263,Hurdle_cond,T0-T3,NPK,1,Lmean,0.5836315540514999
Plantago_coronopus,-2.147,0.263,Hurdle_cond,T0-T3,NPK,1,R0,-0.7679497099488539
Plantago_coronopus,-2.147,0.263,Hurdle_cond,T0-T3,NPK,1,Reactivity,1.2700917455756844
Plantago_coronopus,-2.147,0.263,Hurdle_cond,T0-T3,NPK,1,T_generation,1.4792349913940708
Plantago_coronopus,-2.147,0.263,Hurdle_cond,T0-T3,NPK,1,age_repro,0.7227032675127357
Plantago_coronopus,-2.147,0.263,Hurdle_cond,T0-T3,NPK,1,percapita_repro,-0.16078899600806454
Plantago_media,-2.539,0.353,Hurdle_cond,T0-T3,NPK,1,FirstStepAtt,-2.5216721506920545
Plantago_media,-2.539,0.353,Hurdle_cond,T0-T3,NPK,1,Lambda,0.9166479924897526
Plantago_media,-2.539,0.353,Hurdle_cond,T0-T3,NPK,1,Lmax,1.7178918965462198
Plantago_media,-2.539,0.353,Hurdle_cond,T0-T3,NPK,1,Lmean,0.240093455091011
Plantago_media,-2.539,0.353,Hurdle_cond,T0-T3,NPK,1,R0,-3.703632943874186
Plantago_media,-2.539,0.353,Hurdle_cond,T0-T3,NPK,1,Reactivity,0.9115891884505661
Plantago_media,-2.539,0.353,Hurdle_cond,T0-T3,NPK,1,T_generation,3.2830740541662764
Plantago_media,-2.539,0.353,Hurdle_cond,T0-T3,NPK,1,age_repro,2.050568331584061
Plantago_media,-2.539,0.353,Hurdle_cond,T0-T3,NPK,1,percapita_repro,0.21247852101489456
Potentilla_recta,-2.576,0.355,Hurdle_cond,T0-T3,NPK,1,FirstStepAtt,-1.2072466251783427
Potentilla_recta,-2.576,0.355,Hurdle_cond,T0-T3,NPK,1,Lambda,1.3233051390988662
Potentilla_recta,-2.576,0.355,Hurdle_cond,T0-T3,NPK,1,Lmax,2.8995463272302633
Potentilla_recta,-2.576,0.355,Hurdle_cond,T0-T3,NPK,1,Lmean,1.114174982541197
Potentilla_recta,-2.576,0.355,Hurdle_cond,T0-T3,NPK,1,R0,-Inf
Potentilla_recta,-2.576,0.355,Hurdle_cond,T0-T3,NPK,1,Reactivity,2.3355670141886495
Potentilla_recta,-2.576,0.355,Hurdle_cond,T0-T3,NPK,1,T_generation,1.1285664763465502
Potentilla_recta,-2.576,0.355,Hurdle_cond,T0-T3,NPK,1,age_repro,1.470241457035962
Potentilla_recta,-2.576,0.355,Hurdle_cond,T0-T3,NPK,1,percapita_repro,5.184136566294191
Primula_elatior,-2.602,0.511,Hurdle_cond,T0-T3,NPK,1,FirstStepAtt,-2.5752591198739894
Primula_elatior,-2.602,0.511,Hurdle_cond,T0-T3,NPK,1,Lambda,1.0243599289476764
Primula_elatior,-2.602,0.511,Hurdle_cond,T0-T3,NPK,1,Lmax,3.078214221499716
Primula_elatior,-2.602,0.511,Hurdle_cond,T0-T3,NPK,1,Lmean,0.9348686606054332
Primula_elatior,-2.602,0.511,Hurdle_cond,T0-T3,NPK,1,R0,-0.1983437887657272
Primula_elatior,-2.602,0.511,Hurdle_cond,T0-T3,NPK,1,Reactivity,1.2375774274497275
Primula_elatior,-2.602,0.511,Hurdle_cond,T0-T3,NPK,1,T_generation,2.774342942782747
Primula_elatior,-2.602,0.511,Hurdle_cond,T0-T3,NPK,1,age_repro,1.5965918444925693
Primula_elatior,-2.602,0.511,Hurdle_cond,T0-T3,NPK,1,percapita_repro,0.6906312588074858
Primula_veris,-2.685,0.429,Hurdle_cond,T0-T3,NPK,1,FirstStepAtt,-3.0996415326914413
Primula_veris,-2.685,0.429,Hurdle_cond,T0-T3,NPK,1,Lambda,0.9177166512186883
Primula_veris,-2.685,0.429,Hurdle_cond,T0-T3,NPK,1,Lmax,1.777554626801171
Primula_veris,-2.685,0.429,Hurdle_cond,T0-T3,NPK,1,Lmean,0.34573408996051475
Primula_veris,-2.685,0.429,Hurdle_cond,T0-T3,NPK,1,R0,-3.531205384831014
Primula_veris,-2.685,0.429,Hurdle_cond,T0-T3,NPK,1,Reactivity,1.8406103144604358
Primula_veris,-2.685,0.429,Hurdle_cond,T0-T3,NPK,1,T_generation,3.266151130174338
Primula_veris,-2.685,0.429,Hurdle_cond,T0-T3,NPK,1,age_repro,2.1007008996065113
Primula_veris,-2.685,0.429,Hurdle_cond,T0-T3,NPK,1,percapita_repro,1.3057574210790406
Ranunculus_acris,-2.692,0.169,Hurdle_cond,T0-T3,NPK,1,FirstStepAtt,-2.223673155588096
Ranunculus_acris,-2.692,0.169,Hurdle_cond,T0-T3,NPK,1,Lambda,1.1474253581153837
Ranunculus_acris,-2.692,0.169,Hurdle_cond,T0-T3,NPK,1,Lmax,1.791759469228055
Ranunculus_acris,-2.692,0.169,Hurdle_cond,T0-T3,NPK,1,Lmean,0.2694368352850546
Ranunculus_acris,-2.692,0.169,Hurdle_cond,T0-T3,NPK,1,R0,0.4291243489821683
Ranunculus_acris,-2.692,0.169,Hurdle_cond,T0-T3,NPK,1,Reactivity,1.8978523971700296
Ranunculus_acris,-2.692,0.169,Hurdle_cond,T0-T3,NPK,1,T_generation,1.3335494740785472
Ranunculus_acris,-2.692,0.169,Hurdle_cond,T0-T3,NPK,1,age_repro,1.1167312512505851
Ranunculus_acris,-2.692,0.169,Hurdle_cond,T0-T3,NPK,1,percapita_repro,1.9401794743463283
Sphaeralcea_coccinea,-2.685,0.378,Hurdle_cond,T0-T3,NPK,1,FirstStepAtt,-0.021668930362796438
Sphaeralcea_coccinea,-2.685,0.378,Hurdle_cond,T0-T3,NPK,1,Lambda,0.9140916052986946
Sphaeralcea_coccinea,-2.685,0.378,Hurdle_cond,T0-T3,NPK,1,Lmax,1.1291966833851346
Sphaeralcea_coccinea,-2.685,0.378,Hurdle_cond,T0-T3,NPK,1,Lmean,0.18479959171993668
Sphaeralcea_coccinea,-2.685,0.378,Hurdle_cond,T0-T3,NPK,1,R0,-0.1631566065473073
Sphaeralcea_coccinea,-2.685,0.378,Hurdle_cond,T0-T3,NPK,1,Reactivity,0.06479482429602482
Sphaeralcea_coccinea,-2.685,0.378,Hurdle_cond,T0-T3,NPK,1,T_generation,0.24224692726379177
Sphaeralcea_coccinea,-2.685,0.378,Hurdle_cond,T0-T3,NPK,1,age_repro,0
Sphaeralcea_coccinea,-2.685,0.378,Hurdle_cond,T0-T3,NPK,1,percapita_repro,-0.347956198267244
Stenaria_nigricans,-2.206,0.367,Hurdle_cond,T0-T3,NPK,1,FirstStepAtt,-0.001506241946231945
Stenaria_nigricans,-2.206,0.367,Hurdle_cond,T0-T3,NPK,1,Lambda,0.9901413361648121
Stenaria_nigricans,-2.206,0.367,Hurdle_cond,T0-T3,NPK,1,Lmax,0.8841014310483891
Stenaria_nigricans,-2.206,0.367,Hurdle_cond,T0-T3,NPK,1,Lmean,0.1061701762787086
Stenaria_nigricans,-2.206,0.367,Hurdle_cond,T0-T3,NPK,1,R0,0.21085254589803137
Stenaria_nigricans,-2.206,0.367,Hurdle_cond,T0-T3,NPK,1,Reactivity,0.009202684809058356
Stenaria_nigricans,-2.206,0.367,Hurdle_cond,T0-T3,NPK,1,T_generation,0.10216634557653173
Stenaria_nigricans,-2.206,0.367,Hurdle_cond,T0-T3,NPK,1,age_repro,0
Stenaria_nigricans,-2.206,0.367,Hurdle_cond,T0-T3,NPK,1,percapita_repro,0.10468236961932272
Taraxacum_campylodes,-2.771,0.384,Hurdle_cond,T0-T3,NPK,1,FirstStepAtt,-2.3531148413315983
Taraxacum_campylodes,-2.771,0.384,Hurdle_cond,T0-T3,NPK,1,Lambda,0.08041791145870329
Taraxacum_campylodes,-2.771,0.384,Hurdle_cond,T0-T3,NPK,1,Lmax,0.5493061443340549
Taraxacum_campylodes,-2.771,0.384,Hurdle_cond,T0-T3,NPK,1,Lmean,0.06773896227809098
Taraxacum_campylodes,-2.771,0.384,Hurdle_cond,T0-T3,NPK,1,R0,-Inf
Taraxacum_campylodes,-2.771,0.384,Hurdle_cond,T0-T3,NPK,1,Reactivity,2.4046693226371185
Taraxacum_campylodes,-2.771,0.384,Hurdle_cond,T0-T3,NPK,1,T_generation,NA
Taraxacum_campylodes,-2.771,0.384,Hurdle_cond,T0-T3,NPK,1,age_repro,0
Taraxacum_campylodes,-2.771,0.384,Hurdle_cond,T0-T3,NPK,1,percapita_repro,-11.213549524439351
Thymus_vulgaris,-2.408,0.425,Hurdle_cond,T0-T3,NPK,1,FirstStepAtt,-0.005866973847378982
Thymus_vulgaris,-2.408,0.425,Hurdle_cond,T0-T3,NPK,1,Lambda,0.9926751959162854
Thymus_vulgaris,-2.408,0.425,Hurdle_cond,T0-T3,NPK,1,Lmax,5.964961904446033
Thymus_vulgaris,-2.408,0.425,Hurdle_cond,T0-T3,NPK,1,Lmean,4.459892288650257
Thymus_vulgaris,-2.408,0.425,Hurdle_cond,T0-T3,NPK,1,R0,-1.07189733945768
Thymus_vulgaris,-2.408,0.425,Hurdle_cond,T0-T3,NPK,1,Reactivity,0.010349758754626258
Thymus_vulgaris,-2.408,0.425,Hurdle_cond,T0-T3,NPK,1,T_generation,NA
Thymus_vulgaris,-2.408,0.425,Hurdle_cond,T0-T3,NPK,1,age_repro,NA
Thymus_vulgaris,-2.408,0.425,Hurdle_cond,T0-T3,NPK,1,percapita_repro,-5.143380039347928
Verbascum_thapsus,-2.503,0.464,Hurdle_cond,T0-T3,NPK,1,FirstStepAtt,-4.012613096092431
Verbascum_thapsus,-2.503,0.464,Hurdle_cond,T0-T3,NPK,1,Lambda,NA
Verbascum_thapsus,-2.503,0.464,Hurdle_cond,T0-T3,NPK,1,Lmax,0.6931471805599453
Verbascum_thapsus,-2.503,0.464,Hurdle_cond,T0-T3,NPK,1,Lmean,0.05129369438747054
Verbascum_thapsus,-2.503,0.464,Hurdle_cond,T0-T3,NPK,1,R0,3.381715911075376
Verbascum_thapsus,-2.503,0.464,Hurdle_cond,T0-T3,NPK,1,Reactivity,NA
Verbascum_thapsus,-2.503,0.464,Hurdle_cond,T0-T3,NPK,1,T_generation,0.7764348966557838
Verbascum_thapsus,-2.503,0.464,Hurdle_cond,T0-T3,NPK,1,age_repro,2.5523449856956373
Verbascum_thapsus,-2.503,0.464,Hurdle_cond,T0-T3,NPK,1,percapita_repro,NA
Veronica_arvensis,-2.967,0.24,Hurdle_cond,T0-T3,NPK,1,FirstStepAtt,-1.3609972168245543
Veronica_arvensis,-2.967,0.24,Hurdle_cond,T0-T3,NPK,1,Lambda,1.0575348190993947
Veronica_arvensis,-2.967,0.24,Hurdle_cond,T0-T3,NPK,1,Lmax,0.12924850454918937
Veronica_arvensis,-2.967,0.24,Hurdle_cond,T0-T3,NPK,1,Lmean,0.05244694819316372
Veronica_arvensis,-2.967,0.24,Hurdle_cond,T0-T3,NPK,1,R0,-0.014999404757933873
Veronica_arvensis,-2.967,0.24,Hurdle_cond,T0-T3,NPK,1,Reactivity,1.7913324339405632
Veronica_arvensis,-2.967,0.24,Hurdle_cond,T0-T3,NPK,1,T_generation,0.4178504962611216
Veronica_arvensis,-2.967,0.24,Hurdle_cond,T0-T3,NPK,1,age_repro,0.8907769885320955
Veronica_arvensis,-2.967,0.24,Hurdle_cond,T0-T3,NPK,1,percapita_repro,1.8152156216155975
Agrimonia_eupatoria,-1.96,0.268,Hurdle_zi,T0-T3,NPK,1,FirstStepAtt,-0.40426778811109665
Agrimonia_eupatoria,-1.96,0.268,Hurdle_zi,T0-T3,NPK,1,Lambda,0.99064442494128635
Agrimonia_eupatoria,-1.96,0.268,Hurdle_zi,T0-T3,NPK,1,Lmax,4.5330412476880015
Agrimonia_eupatoria,-1.96,0.268,Hurdle_zi,T0-T3,NPK,1,Lmean,2.276623485281897
Agrimonia_eupatoria,-1.96,0.268,Hurdle_zi,T0-T3,NPK,1,R0,-0.3812702083300579
Agrimonia_eupatoria,-1.96,0.268,Hurdle_zi,T0-T3,NPK,1,Reactivity,0.19207496843703886
Agrimonia_eupatoria,-1.96,0.268,Hurdle_zi,T0-T3,NPK,1,T_generation,3.6207086258222287
Agrimonia_eupatoria,-1.96,0.268,Hurdle_zi,T0-T3,NPK,1,age_repro,2.087394345070076
Agrimonia_eupatoria,-1.96,0.268,Hurdle_zi,T0-T3,NPK,1,percapita_repro,-1.5661843426366495
Allium_vineale,-2.007,0.453,Hurdle_zi,T0-T3,NPK,1,FirstStepAtt,-2.036030904211625
Allium_vineale,-2.007,0.453,Hurdle_zi,T0-T3,NPK,1,Lambda,1.170906773884173
Allium_vineale,-2.007,0.453,Hurdle_zi,T0-T3,NPK,1,Lmax,1.0986122886681098
Allium_vineale,-2.007,0.453,Hurdle_zi,T0-T3,NPK,1,Lmean,0.16647352389668973
Allium_vineale,-2.007,0.453,Hurdle_zi,T0-T3,NPK,1,R0,0.3408368280021561
Allium_vineale,-2.007,0.453,Hurdle_zi,T0-T3,NPK,1,Reactivity,2.1940830508207325
Allium_vineale,-2.007,0.453,Hurdle_zi,T0-T3,NPK,1,T_generation,0.7635325690826141
Allium_vineale,-2.007,0.453,Hurdle_zi,T0-T3,NPK,1,age_repro,1.2000990079409088
Allium_vineale,-2.007,0.453,Hurdle_zi,T0-T3,NPK,1,percapita_repro,2.3368650630604555
Andropogon_gerardii,0.225,0.266,Hurdle_zi,T0-T3,NPK,1,FirstStepAtt,-1.1908608264270113
Andropogon_gerardii,0.225,0.266,Hurdle_zi,T0-T3,NPK,1,Lambda,1.50587325216984
Andropogon_gerardii,0.225,0.266,Hurdle_zi,T0-T3,NPK,1,Lmax,1.764891121214301
Andropogon_gerardii,0.225,0.266,Hurdle_zi,T0-T3,NPK,1,Lmean,0.6723210807858808
Andropogon_gerardii,0.225,0.266,Hurdle_zi,T0-T3,NPK,1,R0,0.8354773555720532
Andropogon_gerardii,0.225,0.266,Hurdle_zi,T0-T3,NPK,1,Reactivity,1.7926841280473305
Andropogon_gerardii,0.225,0.266,Hurdle_zi,T0-T3,NPK,1,T_generation,0.7395193223181741
Andropogon_gerardii,0.225,0.266,Hurdle_zi,T0-T3,NPK,1,age_repro,0.7862530575220442
Andropogon_gerardii,0.225,0.266,Hurdle_zi,T0-T3,NPK,1,percapita_repro,2.0924307697315556
Arenaria_serpyllifolia,-1.828,0.343,Hurdle_zi,T0-T3,NPK,1,FirstStepAtt,-2.2176497264357233
Arenaria_serpyllifolia,-1.828,0.343,Hurdle_zi,T0-T3,NPK,1,Lambda,0.860684361881849
Arenaria_serpyllifolia,-1.828,0.343,Hurdle_zi,T0-T3,NPK,1,Lmax,0
Arenaria_serpyllifolia,-1.828,0.343,Hurdle_zi,T0-T3,NPK,1,Lmean,0
Arenaria_serpyllifolia,-1.828,0.343,Hurdle_zi,T0-T3,NPK,1,R0,0.13128547046852534
Arenaria_serpyllifolia,-1.828,0.343,Hurdle_zi,T0-T3,NPK,1,Reactivity,2.5929750386335604
Arenaria_serpyllifolia,-1.828,0.343,Hurdle_zi,T0-T3,NPK,1,T_generation,0.16988583066600282
Arenaria_serpyllifolia,-1.828,0.343,Hurdle_zi,T0-T3,NPK,1,age_repro,0.8303384136066279
Arenaria_serpyllifolia,-1.828,0.343,Hurdle_zi,T0-T3,NPK,1,percapita_repro,2.639396025140823
Armeria_maritima,-2.071,0.367,Hurdle_zi,T0-T3,NPK,1,FirstStepAtt,-2.2414258727445255
Armeria_maritima,-2.071,0.367,Hurdle_zi,T0-T3,NPK,1,Lambda,1.458043853064239
Armeria_maritima,-2.071,0.367,Hurdle_zi,T0-T3,NPK,1,Lmax,2.995732273553991
Armeria_maritima,-2.071,0.367,Hurdle_zi,T0-T3,NPK,1,Lmean,0.6122577291406874
Armeria_maritima,-2.071,0.367,Hurdle_zi,T0-T3,NPK,1,R0,4.445083646052526
Armeria_maritima,-2.071,0.367,Hurdle_zi,T0-T3,NPK,1,Reactivity,5.495776723555247
Armeria_maritima,-2.071,0.367,Hurdle_zi,T0-T3,NPK,1,T_generation,2.099604255961898
Armeria_maritima,-2.071,0.367,Hurdle_zi,T0-T3,NPK,1,age_repro,1.5255005163472148
Armeria_maritima,-2.071,0.367,Hurdle_zi,T0-T3,NPK,1,percapita_repro,3.617282020171661
Centaurea_jacea,-2.059,0.269,Hurdle_zi,T0-T3,NPK,1,FirstStepAtt,-0.6368104471974831
Centaurea_jacea,-2.059,0.269,Hurdle_zi,T0-T3,NPK,1,Lambda,0.9157150879324936
Centaurea_jacea,-2.059,0.269,Hurdle_zi,T0-T3,NPK,1,Lmax,2.4003251984703664
Centaurea_jacea,-2.059,0.269,Hurdle_zi,T0-T3,NPK,1,Lmean,1.3722715793325009
Centaurea_jacea,-2.059,0.269,Hurdle_zi,T0-T3,NPK,1,R0,-3.4842742317189583
Centaurea_jacea,-2.059,0.269,Hurdle_zi,T0-T3,NPK,1,Reactivity,0.41685764138114395
Centaurea_jacea,-2.059,0.269,Hurdle_zi,T0-T3,NPK,1,T_generation,2.978872381362829
Centaurea_jacea,-2.059,0.269,Hurdle_zi,T0-T3,NPK,1,age_repro,1.6363011514297372
Centaurea_jacea,-2.059,0.269,Hurdle_zi,T0-T3,NPK,1,percapita_repro,-1.7828083742933423
Cerastium_fontanum,-2.144,0.179,Hurdle_zi,T0-T3,NPK,1,FirstStepAtt,-2.696031853083466
Cerastium_fontanum,-2.144,0.179,Hurdle_zi,T0-T3,NPK,1,Lambda,NA
Cerastium_fontanum,-2.144,0.179,Hurdle_zi,T0-T3,NPK,1,Lmax,0
Cerastium_fontanum,-2.144,0.179,Hurdle_zi,T0-T3,NPK,1,Lmean,0
Cerastium_fontanum,-2.144,0.179,Hurdle_zi,T0-T3,NPK,1,R0,1.5184623246973081
Cerastium_fontanum,-2.144,0.179,Hurdle_zi,T0-T3,NPK,1,Reactivity,3.027270925563423
Cerastium_fontanum,-2.144,0.179,Hurdle_zi,T0-T3,NPK,1,T_generation,0.005048904923272251
Cerastium_fontanum,-2.144,0.179,Hurdle_zi,T0-T3,NPK,1,age_repro,0.8873031950009029
Cerastium_fontanum,-2.144,0.179,Hurdle_zi,T0-T3,NPK,1,percapita_repro,4.522657764413627
Cirsium_arvense,-1.764,0.21,Hurdle_zi,T0-T3,NPK,1,FirstStepAtt,-3.3290015249469986
Cirsium_arvense,-1.764,0.21,Hurdle_zi,T0-T3,NPK,1,Lambda,NA
Cirsium_arvense,-1.764,0.21,Hurdle_zi,T0-T3,NPK,1,Lmax,1.0986122886681098
Cirsium_arvense,-1.764,0.21,Hurdle_zi,T0-T3,NPK,1,Lmean,0.1699960817758222
Cirsium_arvense,-1.764,0.21,Hurdle_zi,T0-T3,NPK,1,R0,3.228914980534981
Cirsium_arvense,-1.764,0.21,Hurdle_zi,T0-T3,NPK,1,Reactivity,4.0664130997692896
Cirsium_arvense,-1.764,0.21,Hurdle_zi,T0-T3,NPK,1,T_generation,0.7703612247372394
Cirsium_arvense,-1.764,0.21,Hurdle_zi,T0-T3,NPK,1,age_repro,1.162546762671639
Cirsium_arvense,-1.764,0.21,Hurdle_zi,T0-T3,NPK,1,percapita_repro,5.427985054670073
Cirsium_palustre,-2.003,0.502,Hurdle_zi,T0-T3,NPK,1,FirstStepAtt,-2.5937654771378247
Cirsium_palustre,-2.003,0.502,Hurdle_zi,T0-T3,NPK,1,Lambda,1.4428002172428838
Cirsium_palustre,-2.003,0.502,Hurdle_zi,T0-T3,NPK,1,Lmax,1.5273118956910914
Cirsium_palustre,-2.003,0.502,Hurdle_zi,T0-T3,NPK,1,Lmean,0.20135107219302092
Cirsium_palustre,-2.003,0.502,Hurdle_zi,T0-T3,NPK,1,R0,1.2807231364002392
Cirsium_palustre,-2.003,0.502,Hurdle_zi,T0-T3,NPK,1,Reactivity,4.898747288058175
Cirsium_palustre,-2.003,0.502,Hurdle_zi,T0-T3,NPK,1,T_generation,1.2255759905166659
Cirsium_palustre,-2.003,0.502,Hurdle_zi,T0-T3,NPK,1,age_repro,1.534647496889771
Cirsium_palustre,-2.003,0.502,Hurdle_zi,T0-T3,NPK,1,percapita_repro,4.957313127808717
Cirsium_vulgare,-1.848,0.391,Hurdle_zi,T0-T3,NPK,1,FirstStepAtt,-3.1910655226282234
Cirsium_vulgare,-1.848,0.391,Hurdle_zi,T0-T3,NPK,1,Lambda,0.7844344795818798
Cirsium_vulgare,-1.848,0.391,Hurdle_zi,T0-T3,NPK,1,Lmax,1.507973248367974
Cirsium_vulgare,-1.848,0.391,Hurdle_zi,T0-T3,NPK,1,Lmean,0.3479988332516422
Cirsium_vulgare,-1.848,0.391,Hurdle_zi,T0-T3,NPK,1,R0,-1.420279247517773
Cirsium_vulgare,-1.848,0.391,Hurdle_zi,T0-T3,NPK,1,Reactivity,2.641485998869525
Cirsium_vulgare,-1.848,0.391,Hurdle_zi,T0-T3,NPK,1,T_generation,1.4828783988333107
Cirsium_vulgare,-1.848,0.391,Hurdle_zi,T0-T3,NPK,1,age_repro,0.9323966804077027
Cirsium_vulgare,-1.848,0.391,Hurdle_zi,T0-T3,NPK,1,percapita_repro,1.89963041219607
Cytisus_scoparius,-1.868,0.513,Hurdle_zi,T0-T3,NPK,1,FirstStepAtt,-1.080580313452844
Cytisus_scoparius,-1.868,0.513,Hurdle_zi,T0-T3,NPK,1,Lambda,1.2132924652538926
Cytisus_scoparius,-1.868,0.513,Hurdle_zi,T0-T3,NPK,1,Lmax,3.4362872742721846
Cytisus_scoparius,-1.868,0.513,Hurdle_zi,T0-T3,NPK,1,Lmean,1.6108317812687711
Cytisus_scoparius,-1.868,0.513,Hurdle_zi,T0-T3,NPK,1,R0,1.2836591821667371
Cytisus_scoparius,-1.868,0.513,Hurdle_zi,T0-T3,NPK,1,Reactivity,7.2558813136686915
Cytisus_scoparius,-1.868,0.513,Hurdle_zi,T0-T3,NPK,1,T_generation,2.5531837176158607
Cytisus_scoparius,-1.868,0.513,Hurdle_zi,T0-T3,NPK,1,age_repro,1.7233105661137673
Cytisus_scoparius,-1.868,0.513,Hurdle_zi,T0-T3,NPK,1,percapita_repro,5.712086717106163
Daucus_carota,-1.813,0.245,Hurdle_zi,T0-T3,NPK,1,FirstStepAtt,-4.040610337013186
Daucus_carota,-1.813,0.245,Hurdle_zi,T0-T3,NPK,1,Lambda,1.7161044748521754
Daucus_carota,-1.813,0.245,Hurdle_zi,T0-T3,NPK,1,Lmax,1.0986122886681098
Daucus_carota,-1.813,0.245,Hurdle_zi,T0-T3,NPK,1,Lmean,0.31834252276646996
Daucus_carota,-1.813,0.245,Hurdle_zi,T0-T3,NPK,1,R0,1.8196701629274532
Daucus_carota,-1.813,0.245,Hurdle_zi,T0-T3,NPK,1,Reactivity,NA
Daucus_carota,-1.813,0.245,Hurdle_zi,T0-T3,NPK,1,T_generation,1.189773196967312
Daucus_carota,-1.813,0.245,Hurdle_zi,T0-T3,NPK,1,age_repro,1.431272611901774
Daucus_carota,-1.813,0.245,Hurdle_zi,T0-T3,NPK,1,percapita_repro,NA
Echium_vulgare,-1.214,0.336,Hurdle_zi,T0-T3,NPK,1,FirstStepAtt,-1.4808281568478858
Echium_vulgare,-1.214,0.336,Hurdle_zi,T0-T3,NPK,1,Lambda,1.54759800300862
Echium_vulgare,-1.214,0.336,Hurdle_zi,T0-T3,NPK,1,Lmax,1.3862943611198906
Echium_vulgare,-1.214,0.336,Hurdle_zi,T0-T3,NPK,1,Lmean,0.5010758488001458
Echium_vulgare,-1.214,0.336,Hurdle_zi,T0-T3,NPK,1,R0,1.6034012709220467
Echium_vulgare,-1.214,0.336,Hurdle_zi,T0-T3,NPK,1,Reactivity,3.2663741200499037
Echium_vulgare,-1.214,0.336,Hurdle_zi,T0-T3,NPK,1,T_generation,1.287139504575711
Echium_vulgare,-1.214,0.336,Hurdle_zi,T0-T3,NPK,1,age_repro,1.3132909952863716
Echium_vulgare,-1.214,0.336,Hurdle_zi,T0-T3,NPK,1,percapita_repro,3.7030781735137492
Elymus_repens,-1.321,0.209,Hurdle_zi,T0-T3,NPK,1,FirstStepAtt,-19.608981934788076
Elymus_repens,-1.321,0.209,Hurdle_zi,T0-T3,NPK,1,Lambda,NA
Elymus_repens,-1.321,0.209,Hurdle_zi,T0-T3,NPK,1,Lmax,0.6931471805599453
Elymus_repens,-1.321,0.209,Hurdle_zi,T0-T3,NPK,1,Lmean,0.34830572665687204
Elymus_repens,-1.321,0.209,Hurdle_zi,T0-T3,NPK,1,R0,4.306802628082906
Elymus_repens,-1.321,0.209,Hurdle_zi,T0-T3,NPK,1,Reactivity,NA
Elymus_repens,-1.321,0.209,Hurdle_zi,T0-T3,NPK,1,T_generation,0.00771453240913415
Elymus_repens,-1.321,0.209,Hurdle_zi,T0-T3,NPK,1,age_repro,0
Elymus_repens,-1.321,0.209,Hurdle_zi,T0-T3,NPK,1,percapita_repro,-5.74205469871386
Erigeron_canadensis,-2.211,0.342,Hurdle_zi,T0-T3,NPK,1,FirstStepAtt,-2.9940372183428647
Erigeron_canadensis,-2.211,0.342,Hurdle_zi,T0-T3,NPK,1,Lambda,NA
Erigeron_canadensis,-2.211,0.342,Hurdle_zi,T0-T3,NPK,1,Lmax,0
Erigeron_canadensis,-2.211,0.342,Hurdle_zi,T0-T3,NPK,1,Lmean,0
Erigeron_canadensis,-2.211,0.342,Hurdle_zi,T0-T3,NPK,1,R0,2.750423016465953
Erigeron_canadensis,-2.211,0.342,Hurdle_zi,T0-T3,NPK,1,Reactivity,3.7256901124743216
Erigeron_canadensis,-2.211,0.342,Hurdle_zi,T0-T3,NPK,1,T_generation,0.1300250884192771
Erigeron_canadensis,-2.211,0.342,Hurdle_zi,T0-T3,NPK,1,age_repro,0.9159908368351705
Erigeron_canadensis,-2.211,0.342,Hurdle_zi,T0-T3,NPK,1,percapita_repro,5.684089841310465
Knautia_arvensis,-1.452,0.318,Hurdle_zi,T0-T3,NPK,1,FirstStepAtt,-2.956373754274904
Knautia_arvensis,-1.452,0.318,Hurdle_zi,T0-T3,NPK,1,Lambda,0.30764990872892994
Knautia_arvensis,-1.452,0.318,Hurdle_zi,T0-T3,NPK,1,Lmax,0.6931471805599453
Knautia_arvensis,-1.452,0.318,Hurdle_zi,T0-T3,NPK,1,Lmean,0.022139719151234638
Knautia_arvensis,-1.452,0.318,Hurdle_zi,T0-T3,NPK,1,R0,-9.95071325619903
Knautia_arvensis,-1.452,0.318,Hurdle_zi,T0-T3,NPK,1,Reactivity,0.35097071858090473
Knautia_arvensis,-1.452,0.318,Hurdle_zi,T0-T3,NPK,1,T_generation,NA
Knautia_arvensis,-1.452,0.318,Hurdle_zi,T0-T3,NPK,1,age_repro,0.9322894183877876
Knautia_arvensis,-1.452,0.318,Hurdle_zi,T0-T3,NPK,1,percapita_repro,-4.367646677748796
Lactuca_serriola,-2.095,0.412,Hurdle_zi,T0-T3,NPK,1,FirstStepAtt,-2.5276283678174485
Lactuca_serriola,-2.095,0.412,Hurdle_zi,T0-T3,NPK,1,Lambda,NA
Lactuca_serriola,-2.095,0.412,Hurdle_zi,T0-T3,NPK,1,Lmax,0
Lactuca_serriola,-2.095,0.412,Hurdle_zi,T0-T3,NPK,1,Lmean,0
Lactuca_serriola,-2.095,0.412,Hurdle_zi,T0-T3,NPK,1,R0,2.961708269076509
Lactuca_serriola,-2.095,0.412,Hurdle_zi,T0-T3,NPK,1,Reactivity,5.096932718325193
Lactuca_serriola,-2.095,0.412,Hurdle_zi,T0-T3,NPK,1,T_generation,0.08738433516364566
Lactuca_serriola,-2.095,0.412,Hurdle_zi,T0-T3,NPK,1,age_repro,1.2839753424841123
Lactuca_serriola,-2.095,0.412,Hurdle_zi,T0-T3,NPK,1,percapita_repro,7.147653680580111
Linum_catharticum,-2.164,0.299,Hurdle_zi,T0-T3,NPK,1,FirstStepAtt,-3.1953085121694222
Linum_catharticum,-2.164,0.299,Hurdle_zi,T0-T3,NPK,1,Lambda,NA
Linum_catharticum,-2.164,0.299,Hurdle_zi,T0-T3,NPK,1,Lmax,2.0794415416798357
Linum_catharticum,-2.164,0.299,Hurdle_zi,T0-T3,NPK,1,Lmean,0.7715798705141755
Linum_catharticum,-2.164,0.299,Hurdle_zi,T0-T3,NPK,1,R0,1.7942778474769048
Linum_catharticum,-2.164,0.299,Hurdle_zi,T0-T3,NPK,1,Reactivity,3.8165083573910685
Linum_catharticum,-2.164,0.299,Hurdle_zi,T0-T3,NPK,1,T_generation,0.30079171330480015
Linum_catharticum,-2.164,0.299,Hurdle_zi,T0-T3,NPK,1,age_repro,0.7034715243015948
Linum_catharticum,-2.164,0.299,Hurdle_zi,T0-T3,NPK,1,percapita_repro,3.0328521355315146
Myosotis_ramosissima,-1.941,0.507,Hurdle_zi,T0-T3,NPK,1,FirstStepAtt,-3.6870030575668453
Myosotis_ramosissima,-1.941,0.507,Hurdle_zi,T0-T3,NPK,1,Lambda,1.4558843238144925
Myosotis_ramosissima,-1.941,0.507,Hurdle_zi,T0-T3,NPK,1,Lmax,0
Myosotis_ramosissima,-1.941,0.507,Hurdle_zi,T0-T3,NPK,1,Lmean,0
Myosotis_ramosissima,-1.941,0.507,Hurdle_zi,T0-T3,NPK,1,R0,1.3761933951892638
Myosotis_ramosissima,-1.941,0.507,Hurdle_zi,T0-T3,NPK,1,Reactivity,0.48764865977290195
Myosotis_ramosissima,-1.941,0.507,Hurdle_zi,T0-T3,NPK,1,T_generation,0.013734478546359119
Myosotis_ramosissima,-1.941,0.507,Hurdle_zi,T0-T3,NPK,1,age_repro,0.7154702161542037
Myosotis_ramosissima,-1.941,0.507,Hurdle_zi,T0-T3,NPK,1,percapita_repro,1.826732983425593
Picris_hieracioides,-1.312,0.237,Hurdle_zi,T0-T3,NPK,1,FirstStepAtt,-4.012603074068456
Picris_hieracioides,-1.312,0.237,Hurdle_zi,T0-T3,NPK,1,Lambda,0.8846497432296893
Picris_hieracioides,-1.312,0.237,Hurdle_zi,T0-T3,NPK,1,Lmax,0.6931471805599453
Picris_hieracioides,-1.312,0.237,Hurdle_zi,T0-T3,NPK,1,Lmean,0.025497751793431413
Picris_hieracioides,-1.312,0.237,Hurdle_zi,T0-T3,NPK,1,R0,-0.5012341883972119
Picris_hieracioides,-1.312,0.237,Hurdle_zi,T0-T3,NPK,1,Reactivity,5.739334580340471
Picris_hieracioides,-1.312,0.237,Hurdle_zi,T0-T3,NPK,1,T_generation,1.4151934417967624
Picris_hieracioides,-1.312,0.237,Hurdle_zi,T0-T3,NPK,1,age_repro,1.5430234695350933
Picris_hieracioides,-1.312,0.237,Hurdle_zi,T0-T3,NPK,1,percapita_repro,5.616771097666572
Pimpinella_saxifraga,-1.728,0.366,Hurdle_zi,T0-T3,NPK,1,FirstStepAtt,-0.5923077657542147
Pimpinella_saxifraga,-1.728,0.366,Hurdle_zi,T0-T3,NPK,1,Lambda,0.9547406316474248
Pimpinella_saxifraga,-1.728,0.366,Hurdle_zi,T0-T3,NPK,1,Lmax,3.2778313935718644
Pimpinella_saxifraga,-1.728,0.366,Hurdle_zi,T0-T3,NPK,1,Lmean,1.3985454207581605
Pimpinella_saxifraga,-1.728,0.366,Hurdle_zi,T0-T3,NPK,1,R0,-0.7090626241047243
Pimpinella_saxifraga,-1.728,0.366,Hurdle_zi,T0-T3,NPK,1,Reactivity,0.9233752615973371
Pimpinella_saxifraga,-1.728,0.366,Hurdle_zi,T0-T3,NPK,1,T_generation,2.7756138699245225
Pimpinella_saxifraga,-1.728,0.366,Hurdle_zi,T0-T3,NPK,1,age_repro,1.7819632124517442
Pimpinella_saxifraga,-1.728,0.366,Hurdle_zi,T0-T3,NPK,1,percapita_repro,-0.1635626778133
Plantago_coronopus,-1.412,0.267,Hurdle_zi,T0-T3,NPK,1,FirstStepAtt,-1.0607821044920802
Plantago_coronopus,-1.412,0.267,Hurdle_zi,T0-T3,NPK,1,Lambda,0.8883340096307588
Plantago_coronopus,-1.412,0.267,Hurdle_zi,T0-T3,NPK,1,Lmax,1.907994489728227
Plantago_coronopus,-1.412,0.267,Hurdle_zi,T0-T3,NPK,1,Lmean,0.5836315540514999
Plantago_coronopus,-1.412,0.267,Hurdle_zi,T0-T3,NPK,1,R0,-0.7679497099488539
Plantago_coronopus,-1.412,0.267,Hurdle_zi,T0-T3,NPK,1,Reactivity,1.2700917455756844
Plantago_coronopus,-1.412,0.267,Hurdle_zi,T0-T3,NPK,1,T_generation,1.4792349913940708
Plantago_coronopus,-1.412,0.267,Hurdle_zi,T0-T3,NPK,1,age_repro,0.7227032675127357
Plantago_coronopus,-1.412,0.267,Hurdle_zi,T0-T3,NPK,1,percapita_repro,-0.16078899600806454
Plantago_media,-1.804,0.356,Hurdle_zi,T0-T3,NPK,1,FirstStepAtt,-2.5216721506920545
Plantago_media,-1.804,0.356,Hurdle_zi,T0-T3,NPK,1,Lambda,0.9166479924897526
Plantago_media,-1.804,0.356,Hurdle_zi,T0-T3,NPK,1,Lmax,1.7178918965462198
Plantago_media,-1.804,0.356,Hurdle_zi,T0-T3,NPK,1,Lmean,0.240093455091011
Plantago_media,-1.804,0.356,Hurdle_zi,T0-T3,NPK,1,R0,-3.703632943874186
Plantago_media,-1.804,0.356,Hurdle_zi,T0-T3,NPK,1,Reactivity,0.9115891884505661
Plantago_media,-1.804,0.356,Hurdle_zi,T0-T3,NPK,1,T_generation,3.2830740541662764
Plantago_media,-1.804,0.356,Hurdle_zi,T0-T3,NPK,1,age_repro,2.050568331584061
Plantago_media,-1.804,0.356,Hurdle_zi,T0-T3,NPK,1,percapita_repro,0.21247852101489456
Potentilla_recta,-1.841,0.358,Hurdle_zi,T0-T3,NPK,1,FirstStepAtt,-1.2072466251783427
Potentilla_recta,-1.841,0.358,Hurdle_zi,T0-T3,NPK,1,Lambda,1.3233051390988662
Potentilla_recta,-1.841,0.358,Hurdle_zi,T0-T3,NPK,1,Lmax,2.8995463272302633
Potentilla_recta,-1.841,0.358,Hurdle_zi,T0-T3,NPK,1,Lmean,1.114174982541197
Potentilla_recta,-1.841,0.358,Hurdle_zi,T0-T3,NPK,1,R0,-Inf
Potentilla_recta,-1.841,0.358,Hurdle_zi,T0-T3,NPK,1,Reactivity,2.3355670141886495
Potentilla_recta,-1.841,0.358,Hurdle_zi,T0-T3,NPK,1,T_generation,1.1285664763465502
Potentilla_recta,-1.841,0.358,Hurdle_zi,T0-T3,NPK,1,age_repro,1.470241457035962
Potentilla_recta,-1.841,0.358,Hurdle_zi,T0-T3,NPK,1,percapita_repro,5.184136566294191
Primula_elatior,-1.867,0.513,Hurdle_zi,T0-T3,NPK,1,FirstStepAtt,-2.5752591198739894
Primula_elatior,-1.867,0.513,Hurdle_zi,T0-T3,NPK,1,Lambda,1.0243599289476764
Primula_elatior,-1.867,0.513,Hurdle_zi,T0-T3,NPK,1,Lmax,3.078214221499716
Primula_elatior,-1.867,0.513,Hurdle_zi,T0-T3,NPK,1,Lmean,0.9348686606054332
Primula_elatior,-1.867,0.513,Hurdle_zi,T0-T3,NPK,1,R0,-0.1983437887657272
Primula_elatior,-1.867,0.513,Hurdle_zi,T0-T3,NPK,1,Reactivity,1.2375774274497275
Primula_elatior,-1.867,0.513,Hurdle_zi,T0-T3,NPK,1,T_generation,2.774342942782747
Primula_elatior,-1.867,0.513,Hurdle_zi,T0-T3,NPK,1,age_repro,1.5965918444925693
Primula_elatior,-1.867,0.513,Hurdle_zi,T0-T3,NPK,1,percapita_repro,0.6906312588074858
Primula_veris,-1.95,0.431,Hurdle_zi,T0-T3,NPK,1,FirstStepAtt,-3.0996415326914413
Primula_veris,-1.95,0.431,Hurdle_zi,T0-T3,NPK,1,Lambda,0.9177166512186883
Primula_veris,-1.95,0.431,Hurdle_zi,T0-T3,NPK,1,Lmax,1.777554626801171
Primula_veris,-1.95,0.431,Hurdle_zi,T0-T3,NPK,1,Lmean,0.34573408996051475
Primula_veris,-1.95,0.431,Hurdle_zi,T0-T3,NPK,1,R0,-3.531205384831014
Primula_veris,-1.95,0.431,Hurdle_zi,T0-T3,NPK,1,Reactivity,1.8406103144604358
Primula_veris,-1.95,0.431,Hurdle_zi,T0-T3,NPK,1,T_generation,3.266151130174338
Primula_veris,-1.95,0.431,Hurdle_zi,T0-T3,NPK,1,age_repro,2.1007008996065113
Primula_veris,-1.95,0.431,Hurdle_zi,T0-T3,NPK,1,percapita_repro,1.3057574210790406
Ranunculus_acris,-1.957,0.175,Hurdle_zi,T0-T3,NPK,1,FirstStepAtt,-2.223673155588096
Ranunculus_acris,-1.957,0.175,Hurdle_zi,T0-T3,NPK,1,Lambda,1.1474253581153837
Ranunculus_acris,-1.957,0.175,Hurdle_zi,T0-T3,NPK,1,Lmax,1.791759469228055
Ranunculus_acris,-1.957,0.175,Hurdle_zi,T0-T3,NPK,1,Lmean,0.2694368352850546
Ranunculus_acris,-1.957,0.175,Hurdle_zi,T0-T3,NPK,1,R0,0.4291243489821683
Ranunculus_acris,-1.957,0.175,Hurdle_zi,T0-T3,NPK,1,Reactivity,1.8978523971700296
Ranunculus_acris,-1.957,0.175,Hurdle_zi,T0-T3,NPK,1,T_generation,1.3335494740785472
Ranunculus_acris,-1.957,0.175,Hurdle_zi,T0-T3,NPK,1,age_repro,1.1167312512505851
Ranunculus_acris,-1.957,0.175,Hurdle_zi,T0-T3,NPK,1,percapita_repro,1.9401794743463283
Sphaeralcea_coccinea,-1.95,0.381,Hurdle_zi,T0-T3,NPK,1,FirstStepAtt,-0.021668930362796438
Sphaeralcea_coccinea,-1.95,0.381,Hurdle_zi,T0-T3,NPK,1,Lambda,0.9140916052986946
Sphaeralcea_coccinea,-1.95,0.381,Hurdle_zi,T0-T3,NPK,1,Lmax,1.1291966833851346
Sphaeralcea_coccinea,-1.95,0.381,Hurdle_zi,T0-T3,NPK,1,Lmean,0.18479959171993668
Sphaeralcea_coccinea,-1.95,0.381,Hurdle_zi,T0-T3,NPK,1,R0,-0.1631566065473073
Sphaeralcea_coccinea,-1.95,0.381,Hurdle_zi,T0-T3,NPK,1,Reactivity,0.06479482429602482
Sphaeralcea_coccinea,-1.95,0.381,Hurdle_zi,T0-T3,NPK,1,T_generation,0.24224692726379177
Sphaeralcea_coccinea,-1.95,0.381,Hurdle_zi,T0-T3,NPK,1,age_repro,0
Sphaeralcea_coccinea,-1.95,0.381,Hurdle_zi,T0-T3,NPK,1,percapita_repro,-0.347956198267244
Stenaria_nigricans,-1.471,0.37,Hurdle_zi,T0-T3,NPK,1,FirstStepAtt,-0.001506241946231945
Stenaria_nigricans,-1.471,0.37,Hurdle_zi,T0-T3,NPK,1,Lambda,0.9901413361648121
Stenaria_nigricans,-1.471,0.37,Hurdle_zi,T0-T3,NPK,1,Lmax,0.8841014310483891
Stenaria_nigricans,-1.471,0.37,Hurdle_zi,T0-T3,NPK,1,Lmean,0.1061701762787086
Stenaria_nigricans,-1.471,0.37,Hurdle_zi,T0-T3,NPK,1,R0,0.21085254589803137
Stenaria_nigricans,-1.471,0.37,Hurdle_zi,T0-T3,NPK,1,Reactivity,0.009202684809058356
Stenaria_nigricans,-1.471,0.37,Hurdle_zi,T0-T3,NPK,1,T_generation,0.10216634557653173
Stenaria_nigricans,-1.471,0.37,Hurdle_zi,T0-T3,NPK,1,age_repro,0
Stenaria_nigricans,-1.471,0.37,Hurdle_zi,T0-T3,NPK,1,percapita_repro,0.10468236961932272
Taraxacum_campylodes,-2.036,0.387,Hurdle_zi,T0-T3,NPK,1,FirstStepAtt,-2.3531148413315983
Taraxacum_campylodes,-2.036,0.387,Hurdle_zi,T0-T3,NPK,1,Lambda,0.08041791145870329
Taraxacum_campylodes,-2.036,0.387,Hurdle_zi,T0-T3,NPK,1,Lmax,0.5493061443340549
Taraxacum_campylodes,-2.036,0.387,Hurdle_zi,T0-T3,NPK,1,Lmean,0.06773896227809098
Taraxacum_campylodes,-2.036,0.387,Hurdle_zi,T0-T3,NPK,1,R0,-Inf
Taraxacum_campylodes,-2.036,0.387,Hurdle_zi,T0-T3,NPK,1,Reactivity,2.4046693226371185
Taraxacum_campylodes,-2.036,0.387,Hurdle_zi,T0-T3,NPK,1,T_generation,NA
Taraxacum_campylodes,-2.036,0.387,Hurdle_zi,T0-T3,NPK,1,age_repro,0
Taraxacum_campylodes,-2.036,0.387,Hurdle_zi,T0-T3,NPK,1,percapita_repro,-11.213549524439351
Thymus_vulgaris,-1.673,0.427,Hurdle_zi,T0-T3,NPK,1,FirstStepAtt,-0.005866973847378982
Thymus_vulgaris,-1.673,0.427,Hurdle_zi,T0-T3,NPK,1,Lambda,0.9926751959162854
Thymus_vulgaris,-1.673,0.427,Hurdle_zi,T0-T3,NPK,1,Lmax,5.964961904446033
Thymus_vulgaris,-1.673,0.427,Hurdle_zi,T0-T3,NPK,1,Lmean,4.459892288650257
Thymus_vulgaris,-1.673,0.427,Hurdle_zi,T0-T3,NPK,1,R0,-1.07189733945768
Thymus_vulgaris,-1.673,0.427,Hurdle_zi,T0-T3,NPK,1,Reactivity,0.010349758754626258
Thymus_vulgaris,-1.673,0.427,Hurdle_zi,T0-T3,NPK,1,T_generation,NA
Thymus_vulgaris,-1.673,0.427,Hurdle_zi,T0-T3,NPK,1,age_repro,NA
Thymus_vulgaris,-1.673,0.427,Hurdle_zi,T0-T3,NPK,1,percapita_repro,-5.143380039347928
Verbascum_thapsus,-1.768,0.466,Hurdle_zi,T0-T3,NPK,1,FirstStepAtt,-4.012613096092431
Verbascum_thapsus,-1.768,0.466,Hurdle_zi,T0-T3,NPK,1,Lambda,NA
Verbascum_thapsus,-1.768,0.466,Hurdle_zi,T0-T3,NPK,1,Lmax,0.6931471805599453
Verbascum_thapsus,-1.768,0.466,Hurdle_zi,T0-T3,NPK,1,Lmean,0.05129369438747054
Verbascum_thapsus,-1.768,0.466,Hurdle_zi,T0-T3,NPK,1,R0,3.381715911075376
Verbascum_thapsus,-1.768,0.466,Hurdle_zi,T0-T3,NPK,1,Reactivity,NA
Verbascum_thapsus,-1.768,0.466,Hurdle_zi,T0-T3,NPK,1,T_generation,0.7764348966557838
Verbascum_thapsus,-1.768,0.466,Hurdle_zi,T0-T3,NPK,1,age_repro,2.5523449856956373
Verbascum_thapsus,-1.768,0.466,Hurdle_zi,T0-T3,NPK,1,percapita_repro,NA
Veronica_arvensis,-2.232,0.244,Hurdle_zi,T0-T3,NPK,1,FirstStepAtt,-1.3609972168245543
Veronica_arvensis,-2.232,0.244,Hurdle_zi,T0-T3,NPK,1,Lambda,1.0575348190993947
Veronica_arvensis,-2.232,0.244,Hurdle_zi,T0-T3,NPK,1,Lmax,0.12924850454918937
Veronica_arvensis,-2.232,0.244,Hurdle_zi,T0-T3,NPK,1,Lmean,0.05244694819316372
Veronica_arvensis,-2.232,0.244,Hurdle_zi,T0-T3,NPK,1,R0,-0.014999404757933873
Veronica_arvensis,-2.232,0.244,Hurdle_zi,T0-T3,NPK,1,Reactivity,1.7913324339405632
Veronica_arvensis,-2.232,0.244,Hurdle_zi,T0-T3,NPK,1,T_generation,0.4178504962611216
Veronica_arvensis,-2.232,0.244,Hurdle_zi,T0-T3,NPK,1,age_repro,0.8907769885320955
Veronica_arvensis,-2.232,0.244,Hurdle_zi,T0-T3,NPK,1,percapita_repro,1.8152156216155975
Agrimonia_eupatoria,-2.478,0.245,Ordbeta,T0-T3,NPK,1,FirstStepAtt,-0.40426778811109665
Agrimonia_eupatoria,-2.478,0.245,Ordbeta,T0-T3,NPK,1,Lambda,0.99064442494128635
Agrimonia_eupatoria,-2.478,0.245,Ordbeta,T0-T3,NPK,1,Lmax,4.5330412476880015
Agrimonia_eupatoria,-2.478,0.245,Ordbeta,T0-T3,NPK,1,Lmean,2.276623485281897
Agrimonia_eupatoria,-2.478,0.245,Ordbeta,T0-T3,NPK,1,R0,-0.3812702083300579
Agrimonia_eupatoria,-2.478,0.245,Ordbeta,T0-T3,NPK,1,Reactivity,0.19207496843703886
Agrimonia_eupatoria,-2.478,0.245,Ordbeta,T0-T3,NPK,1,T_generation,3.6207086258222287
Agrimonia_eupatoria,-2.478,0.245,Ordbeta,T0-T3,NPK,1,age_repro,2.087394345070076
Agrimonia_eupatoria,-2.478,0.245,Ordbeta,T0-T3,NPK,1,percapita_repro,-1.5661843426366495
Allium_vineale,-2.631,0.431,Ordbeta,T0-T3,NPK,1,FirstStepAtt,-2.036030904211625
Allium_vineale,-2.631,0.431,Ordbeta,T0-T3,NPK,1,Lambda,1.170906773884173
Allium_vineale,-2.631,0.431,Ordbeta,T0-T3,NPK,1,Lmax,1.0986122886681098
Allium_vineale,-2.631,0.431,Ordbeta,T0-T3,NPK,1,Lmean,0.16647352389668973
Allium_vineale,-2.631,0.431,Ordbeta,T0-T3,NPK,1,R0,0.3408368280021561
Allium_vineale,-2.631,0.431,Ordbeta,T0-T3,NPK,1,Reactivity,2.1940830508207325
Allium_vineale,-2.631,0.431,Ordbeta,T0-T3,NPK,1,T_generation,0.7635325690826141
Allium_vineale,-2.631,0.431,Ordbeta,T0-T3,NPK,1,age_repro,1.2000990079409088
Allium_vineale,-2.631,0.431,Ordbeta,T0-T3,NPK,1,percapita_repro,2.3368650630604555
Andropogon_gerardii,-0.387,0.256,Ordbeta,T0-T3,NPK,1,FirstStepAtt,-1.1908608264270113
Andropogon_gerardii,-0.387,0.256,Ordbeta,T0-T3,NPK,1,Lambda,1.50587325216984
Andropogon_gerardii,-0.387,0.256,Ordbeta,T0-T3,NPK,1,Lmax,1.764891121214301
Andropogon_gerardii,-0.387,0.256,Ordbeta,T0-T3,NPK,1,Lmean,0.6723210807858808
Andropogon_gerardii,-0.387,0.256,Ordbeta,T0-T3,NPK,1,R0,0.8354773555720532
Andropogon_gerardii,-0.387,0.256,Ordbeta,T0-T3,NPK,1,Reactivity,1.7926841280473305
Andropogon_gerardii,-0.387,0.256,Ordbeta,T0-T3,NPK,1,T_generation,0.7395193223181741
Andropogon_gerardii,-0.387,0.256,Ordbeta,T0-T3,NPK,1,age_repro,0.7862530575220442
Andropogon_gerardii,-0.387,0.256,Ordbeta,T0-T3,NPK,1,percapita_repro,2.0924307697315556
Arenaria_serpyllifolia,-2.483,0.322,Ordbeta,T0-T3,NPK,1,FirstStepAtt,-2.2176497264357233
Arenaria_serpyllifolia,-2.483,0.322,Ordbeta,T0-T3,NPK,1,Lambda,0.860684361881849
Arenaria_serpyllifolia,-2.483,0.322,Ordbeta,T0-T3,NPK,1,Lmax,0
Arenaria_serpyllifolia,-2.483,0.322,Ordbeta,T0-T3,NPK,1,Lmean,0
Arenaria_serpyllifolia,-2.483,0.322,Ordbeta,T0-T3,NPK,1,R0,0.13128547046852534
Arenaria_serpyllifolia,-2.483,0.322,Ordbeta,T0-T3,NPK,1,Reactivity,2.5929750386335604
Arenaria_serpyllifolia,-2.483,0.322,Ordbeta,T0-T3,NPK,1,T_generation,0.16988583066600282
Arenaria_serpyllifolia,-2.483,0.322,Ordbeta,T0-T3,NPK,1,age_repro,0.8303384136066279
Arenaria_serpyllifolia,-2.483,0.322,Ordbeta,T0-T3,NPK,1,percapita_repro,2.639396025140823
Armeria_maritima,-2.883,0.348,Ordbeta,T0-T3,NPK,1,FirstStepAtt,-2.2414258727445255
Armeria_maritima,-2.883,0.348,Ordbeta,T0-T3,NPK,1,Lambda,1.458043853064239
Armeria_maritima,-2.883,0.348,Ordbeta,T0-T3,NPK,1,Lmax,2.995732273553991
Armeria_maritima,-2.883,0.348,Ordbeta,T0-T3,NPK,1,Lmean,0.6122577291406874
Armeria_maritima,-2.883,0.348,Ordbeta,T0-T3,NPK,1,R0,4.445083646052526
Armeria_maritima,-2.883,0.348,Ordbeta,T0-T3,NPK,1,Reactivity,5.495776723555247
Armeria_maritima,-2.883,0.348,Ordbeta,T0-T3,NPK,1,T_generation,2.099604255961898
Armeria_maritima,-2.883,0.348,Ordbeta,T0-T3,NPK,1,age_repro,1.5255005163472148
Armeria_maritima,-2.883,0.348,Ordbeta,T0-T3,NPK,1,percapita_repro,3.617282020171661
Centaurea_jacea,-2.734,0.25,Ordbeta,T0-T3,NPK,1,FirstStepAtt,-0.6368104471974831
Centaurea_jacea,-2.734,0.25,Ordbeta,T0-T3,NPK,1,Lambda,0.9157150879324936
Centaurea_jacea,-2.734,0.25,Ordbeta,T0-T3,NPK,1,Lmax,2.4003251984703664
Centaurea_jacea,-2.734,0.25,Ordbeta,T0-T3,NPK,1,Lmean,1.3722715793325009
Centaurea_jacea,-2.734,0.25,Ordbeta,T0-T3,NPK,1,R0,-3.4842742317189583
Centaurea_jacea,-2.734,0.25,Ordbeta,T0-T3,NPK,1,Reactivity,0.41685764138114395
Centaurea_jacea,-2.734,0.25,Ordbeta,T0-T3,NPK,1,T_generation,2.978872381362829
Centaurea_jacea,-2.734,0.25,Ordbeta,T0-T3,NPK,1,age_repro,1.6363011514297372
Centaurea_jacea,-2.734,0.25,Ordbeta,T0-T3,NPK,1,percapita_repro,-1.7828083742933423
Cerastium_fontanum,-2.721,0.159,Ordbeta,T0-T3,NPK,1,FirstStepAtt,-2.696031853083466
Cerastium_fontanum,-2.721,0.159,Ordbeta,T0-T3,NPK,1,Lambda,NA
Cerastium_fontanum,-2.721,0.159,Ordbeta,T0-T3,NPK,1,Lmax,0
Cerastium_fontanum,-2.721,0.159,Ordbeta,T0-T3,NPK,1,Lmean,0
Cerastium_fontanum,-2.721,0.159,Ordbeta,T0-T3,NPK,1,R0,1.5184623246973081
Cerastium_fontanum,-2.721,0.159,Ordbeta,T0-T3,NPK,1,Reactivity,3.027270925563423
Cerastium_fontanum,-2.721,0.159,Ordbeta,T0-T3,NPK,1,T_generation,0.005048904923272251
Cerastium_fontanum,-2.721,0.159,Ordbeta,T0-T3,NPK,1,age_repro,0.8873031950009029
Cerastium_fontanum,-2.721,0.159,Ordbeta,T0-T3,NPK,1,percapita_repro,4.522657764413627
Cirsium_arvense,-2.366,0.189,Ordbeta,T0-T3,NPK,1,FirstStepAtt,-3.3290015249469986
Cirsium_arvense,-2.366,0.189,Ordbeta,T0-T3,NPK,1,Lambda,NA
Cirsium_arvense,-2.366,0.189,Ordbeta,T0-T3,NPK,1,Lmax,1.0986122886681098
Cirsium_arvense,-2.366,0.189,Ordbeta,T0-T3,NPK,1,Lmean,0.1699960817758222
Cirsium_arvense,-2.366,0.189,Ordbeta,T0-T3,NPK,1,R0,3.228914980534981
Cirsium_arvense,-2.366,0.189,Ordbeta,T0-T3,NPK,1,Reactivity,4.0664130997692896
Cirsium_arvense,-2.366,0.189,Ordbeta,T0-T3,NPK,1,T_generation,0.7703612247372394
Cirsium_arvense,-2.366,0.189,Ordbeta,T0-T3,NPK,1,age_repro,1.162546762671639
Cirsium_arvense,-2.366,0.189,Ordbeta,T0-T3,NPK,1,percapita_repro,5.427985054670073
Cirsium_palustre,-2.649,0.485,Ordbeta,T0-T3,NPK,1,FirstStepAtt,-2.5937654771378247
Cirsium_palustre,-2.649,0.485,Ordbeta,T0-T3,NPK,1,Lambda,1.4428002172428838
Cirsium_palustre,-2.649,0.485,Ordbeta,T0-T3,NPK,1,Lmax,1.5273118956910914
Cirsium_palustre,-2.649,0.485,Ordbeta,T0-T3,NPK,1,Lmean,0.20135107219302092
Cirsium_palustre,-2.649,0.485,Ordbeta,T0-T3,NPK,1,R0,1.2807231364002392
Cirsium_palustre,-2.649,0.485,Ordbeta,T0-T3,NPK,1,Reactivity,4.898747288058175
Cirsium_palustre,-2.649,0.485,Ordbeta,T0-T3,NPK,1,T_generation,1.2255759905166659
Cirsium_palustre,-2.649,0.485,Ordbeta,T0-T3,NPK,1,age_repro,1.534647496889771
Cirsium_palustre,-2.649,0.485,Ordbeta,T0-T3,NPK,1,percapita_repro,4.957313127808717
Cirsium_vulgare,-2.6,0.378,Ordbeta,T0-T3,NPK,1,FirstStepAtt,-3.1910655226282234
Cirsium_vulgare,-2.6,0.378,Ordbeta,T0-T3,NPK,1,Lambda,0.7844344795818798
Cirsium_vulgare,-2.6,0.378,Ordbeta,T0-T3,NPK,1,Lmax,1.507973248367974
Cirsium_vulgare,-2.6,0.378,Ordbeta,T0-T3,NPK,1,Lmean,0.3479988332516422
Cirsium_vulgare,-2.6,0.378,Ordbeta,T0-T3,NPK,1,R0,-1.420279247517773
Cirsium_vulgare,-2.6,0.378,Ordbeta,T0-T3,NPK,1,Reactivity,2.641485998869525
Cirsium_vulgare,-2.6,0.378,Ordbeta,T0-T3,NPK,1,T_generation,1.4828783988333107
Cirsium_vulgare,-2.6,0.378,Ordbeta,T0-T3,NPK,1,age_repro,0.9323966804077027
Cirsium_vulgare,-2.6,0.378,Ordbeta,T0-T3,NPK,1,percapita_repro,1.89963041219607
Cytisus_scoparius,-2.479,0.5,Ordbeta,T0-T3,NPK,1,FirstStepAtt,-1.080580313452844
Cytisus_scoparius,-2.479,0.5,Ordbeta,T0-T3,NPK,1,Lambda,1.2132924652538926
Cytisus_scoparius,-2.479,0.5,Ordbeta,T0-T3,NPK,1,Lmax,3.4362872742721846
Cytisus_scoparius,-2.479,0.5,Ordbeta,T0-T3,NPK,1,Lmean,1.6108317812687711
Cytisus_scoparius,-2.479,0.5,Ordbeta,T0-T3,NPK,1,R0,1.2836591821667371
Cytisus_scoparius,-2.479,0.5,Ordbeta,T0-T3,NPK,1,Reactivity,7.2558813136686915
Cytisus_scoparius,-2.479,0.5,Ordbeta,T0-T3,NPK,1,T_generation,2.5531837176158607
Cytisus_scoparius,-2.479,0.5,Ordbeta,T0-T3,NPK,1,age_repro,1.7233105661137673
Cytisus_scoparius,-2.479,0.5,Ordbeta,T0-T3,NPK,1,percapita_repro,5.712086717106163
Daucus_carota,-2.428,0.227,Ordbeta,T0-T3,NPK,1,FirstStepAtt,-4.040610337013186
Daucus_carota,-2.428,0.227,Ordbeta,T0-T3,NPK,1,Lambda,1.7161044748521754
Daucus_carota,-2.428,0.227,Ordbeta,T0-T3,NPK,1,Lmax,1.0986122886681098
Daucus_carota,-2.428,0.227,Ordbeta,T0-T3,NPK,1,Lmean,0.31834252276646996
Daucus_carota,-2.428,0.227,Ordbeta,T0-T3,NPK,1,R0,1.8196701629274532
Daucus_carota,-2.428,0.227,Ordbeta,T0-T3,NPK,1,Reactivity,NA
Daucus_carota,-2.428,0.227,Ordbeta,T0-T3,NPK,1,T_generation,1.189773196967312
Daucus_carota,-2.428,0.227,Ordbeta,T0-T3,NPK,1,age_repro,1.431272611901774
Daucus_carota,-2.428,0.227,Ordbeta,T0-T3,NPK,1,percapita_repro,NA
Echium_vulgare,-1.965,0.332,Ordbeta,T0-T3,NPK,1,FirstStepAtt,-1.4808281568478858
Echium_vulgare,-1.965,0.332,Ordbeta,T0-T3,NPK,1,Lambda,1.54759800300862
Echium_vulgare,-1.965,0.332,Ordbeta,T0-T3,NPK,1,Lmax,1.3862943611198906
Echium_vulgare,-1.965,0.332,Ordbeta,T0-T3,NPK,1,Lmean,0.5010758488001458
Echium_vulgare,-1.965,0.332,Ordbeta,T0-T3,NPK,1,R0,1.6034012709220467
Echium_vulgare,-1.965,0.332,Ordbeta,T0-T3,NPK,1,Reactivity,3.2663741200499037
Echium_vulgare,-1.965,0.332,Ordbeta,T0-T3,NPK,1,T_generation,1.287139504575711
Echium_vulgare,-1.965,0.332,Ordbeta,T0-T3,NPK,1,age_repro,1.3132909952863716
Echium_vulgare,-1.965,0.332,Ordbeta,T0-T3,NPK,1,percapita_repro,3.7030781735137492
Elymus_repens,-2.016,0.196,Ordbeta,T0-T3,NPK,1,FirstStepAtt,-19.608981934788076
Elymus_repens,-2.016,0.196,Ordbeta,T0-T3,NPK,1,Lambda,NA
Elymus_repens,-2.016,0.196,Ordbeta,T0-T3,NPK,1,Lmax,0.6931471805599453
Elymus_repens,-2.016,0.196,Ordbeta,T0-T3,NPK,1,Lmean,0.34830572665687204
Elymus_repens,-2.016,0.196,Ordbeta,T0-T3,NPK,1,R0,4.306802628082906
Elymus_repens,-2.016,0.196,Ordbeta,T0-T3,NPK,1,Reactivity,NA
Elymus_repens,-2.016,0.196,Ordbeta,T0-T3,NPK,1,T_generation,0.00771453240913415
Elymus_repens,-2.016,0.196,Ordbeta,T0-T3,NPK,1,age_repro,0
Elymus_repens,-2.016,0.196,Ordbeta,T0-T3,NPK,1,percapita_repro,-5.74205469871386
Erigeron_canadensis,-2.839,0.314,Ordbeta,T0-T3,NPK,1,FirstStepAtt,-2.9940372183428647
Erigeron_canadensis,-2.839,0.314,Ordbeta,T0-T3,NPK,1,Lambda,NA
Erigeron_canadensis,-2.839,0.314,Ordbeta,T0-T3,NPK,1,Lmax,0
Erigeron_canadensis,-2.839,0.314,Ordbeta,T0-T3,NPK,1,Lmean,0
Erigeron_canadensis,-2.839,0.314,Ordbeta,T0-T3,NPK,1,R0,2.750423016465953
Erigeron_canadensis,-2.839,0.314,Ordbeta,T0-T3,NPK,1,Reactivity,3.7256901124743216
Erigeron_canadensis,-2.839,0.314,Ordbeta,T0-T3,NPK,1,T_generation,0.1300250884192771
Erigeron_canadensis,-2.839,0.314,Ordbeta,T0-T3,NPK,1,age_repro,0.9159908368351705
Erigeron_canadensis,-2.839,0.314,Ordbeta,T0-T3,NPK,1,percapita_repro,5.684089841310465
Knautia_arvensis,-2.254,0.316,Ordbeta,T0-T3,NPK,1,FirstStepAtt,-2.956373754274904
Knautia_arvensis,-2.254,0.316,Ordbeta,T0-T3,NPK,1,Lambda,0.30764990872892994
Knautia_arvensis,-2.254,0.316,Ordbeta,T0-T3,NPK,1,Lmax,0.6931471805599453
Knautia_arvensis,-2.254,0.316,Ordbeta,T0-T3,NPK,1,Lmean,0.022139719151234638
Knautia_arvensis,-2.254,0.316,Ordbeta,T0-T3,NPK,1,R0,-9.95071325619903
Knautia_arvensis,-2.254,0.316,Ordbeta,T0-T3,NPK,1,Reactivity,0.35097071858090473
Knautia_arvensis,-2.254,0.316,Ordbeta,T0-T3,NPK,1,T_generation,NA
Knautia_arvensis,-2.254,0.316,Ordbeta,T0-T3,NPK,1,age_repro,0.9322894183877876
Knautia_arvensis,-2.254,0.316,Ordbeta,T0-T3,NPK,1,percapita_repro,-4.367646677748796
Lactuca_serriola,-2.888,0.403,Ordbeta,T0-T3,NPK,1,FirstStepAtt,-2.5276283678174485
Lactuca_serriola,-2.888,0.403,Ordbeta,T0-T3,NPK,1,Lambda,NA
Lactuca_serriola,-2.888,0.403,Ordbeta,T0-T3,NPK,1,Lmax,0
Lactuca_serriola,-2.888,0.403,Ordbeta,T0-T3,NPK,1,Lmean,0
Lactuca_serriola,-2.888,0.403,Ordbeta,T0-T3,NPK,1,R0,2.961708269076509
Lactuca_serriola,-2.888,0.403,Ordbeta,T0-T3,NPK,1,Reactivity,5.096932718325193
Lactuca_serriola,-2.888,0.403,Ordbeta,T0-T3,NPK,1,T_generation,0.08738433516364566
Lactuca_serriola,-2.888,0.403,Ordbeta,T0-T3,NPK,1,age_repro,1.2839753424841123
Lactuca_serriola,-2.888,0.403,Ordbeta,T0-T3,NPK,1,percapita_repro,7.147653680580111
Linum_catharticum,-2.826,0.281,Ordbeta,T0-T3,NPK,1,FirstStepAtt,-3.1953085121694222
Linum_catharticum,-2.826,0.281,Ordbeta,T0-T3,NPK,1,Lambda,NA
Linum_catharticum,-2.826,0.281,Ordbeta,T0-T3,NPK,1,Lmax,2.0794415416798357
Linum_catharticum,-2.826,0.281,Ordbeta,T0-T3,NPK,1,Lmean,0.7715798705141755
Linum_catharticum,-2.826,0.281,Ordbeta,T0-T3,NPK,1,R0,1.7942778474769048
Linum_catharticum,-2.826,0.281,Ordbeta,T0-T3,NPK,1,Reactivity,3.8165083573910685
Linum_catharticum,-2.826,0.281,Ordbeta,T0-T3,NPK,1,T_generation,0.30079171330480015
Linum_catharticum,-2.826,0.281,Ordbeta,T0-T3,NPK,1,age_repro,0.7034715243015948
Linum_catharticum,-2.826,0.281,Ordbeta,T0-T3,NPK,1,percapita_repro,3.0328521355315146
Myosotis_ramosissima,-2.548,0.494,Ordbeta,T0-T3,NPK,1,FirstStepAtt,-3.6870030575668453
Myosotis_ramosissima,-2.548,0.494,Ordbeta,T0-T3,NPK,1,Lambda,1.4558843238144925
Myosotis_ramosissima,-2.548,0.494,Ordbeta,T0-T3,NPK,1,Lmax,0
Myosotis_ramosissima,-2.548,0.494,Ordbeta,T0-T3,NPK,1,Lmean,0
Myosotis_ramosissima,-2.548,0.494,Ordbeta,T0-T3,NPK,1,R0,1.3761933951892638
Myosotis_ramosissima,-2.548,0.494,Ordbeta,T0-T3,NPK,1,Reactivity,0.48764865977290195
Myosotis_ramosissima,-2.548,0.494,Ordbeta,T0-T3,NPK,1,T_generation,0.013734478546359119
Myosotis_ramosissima,-2.548,0.494,Ordbeta,T0-T3,NPK,1,age_repro,0.7154702161542037
Myosotis_ramosissima,-2.548,0.494,Ordbeta,T0-T3,NPK,1,percapita_repro,1.826732983425593
Picris_hieracioides,-1.879,0.222,Ordbeta,T0-T3,NPK,1,FirstStepAtt,-4.012603074068456
Picris_hieracioides,-1.879,0.222,Ordbeta,T0-T3,NPK,1,Lambda,0.8846497432296893
Picris_hieracioides,-1.879,0.222,Ordbeta,T0-T3,NPK,1,Lmax,0.6931471805599453
Picris_hieracioides,-1.879,0.222,Ordbeta,T0-T3,NPK,1,Lmean,0.025497751793431413
Picris_hieracioides,-1.879,0.222,Ordbeta,T0-T3,NPK,1,R0,-0.5012341883972119
Picris_hieracioides,-1.879,0.222,Ordbeta,T0-T3,NPK,1,Reactivity,5.739334580340471
Picris_hieracioides,-1.879,0.222,Ordbeta,T0-T3,NPK,1,T_generation,1.4151934417967624
Picris_hieracioides,-1.879,0.222,Ordbeta,T0-T3,NPK,1,age_repro,1.5430234695350933
Picris_hieracioides,-1.879,0.222,Ordbeta,T0-T3,NPK,1,percapita_repro,5.616771097666572
Pimpinella_saxifraga,-2.603,0.356,Ordbeta,T0-T3,NPK,1,FirstStepAtt,-0.5923077657542147
Pimpinella_saxifraga,-2.603,0.356,Ordbeta,T0-T3,NPK,1,Lambda,0.9547406316474248
Pimpinella_saxifraga,-2.603,0.356,Ordbeta,T0-T3,NPK,1,Lmax,3.2778313935718644
Pimpinella_saxifraga,-2.603,0.356,Ordbeta,T0-T3,NPK,1,Lmean,1.3985454207581605
Pimpinella_saxifraga,-2.603,0.356,Ordbeta,T0-T3,NPK,1,R0,-0.7090626241047243
Pimpinella_saxifraga,-2.603,0.356,Ordbeta,T0-T3,NPK,1,Reactivity,0.9233752615973371
Pimpinella_saxifraga,-2.603,0.356,Ordbeta,T0-T3,NPK,1,T_generation,2.7756138699245225
Pimpinella_saxifraga,-2.603,0.356,Ordbeta,T0-T3,NPK,1,age_repro,1.7819632124517442
Pimpinella_saxifraga,-2.603,0.356,Ordbeta,T0-T3,NPK,1,percapita_repro,-0.1635626778133
Plantago_coronopus,-2.123,0.255,Ordbeta,T0-T3,NPK,1,FirstStepAtt,-1.0607821044920802
Plantago_coronopus,-2.123,0.255,Ordbeta,T0-T3,NPK,1,Lambda,0.8883340096307588
Plantago_coronopus,-2.123,0.255,Ordbeta,T0-T3,NPK,1,Lmax,1.907994489728227
Plantago_coronopus,-2.123,0.255,Ordbeta,T0-T3,NPK,1,Lmean,0.5836315540514999
Plantago_coronopus,-2.123,0.255,Ordbeta,T0-T3,NPK,1,R0,-0.7679497099488539
Plantago_coronopus,-2.123,0.255,Ordbeta,T0-T3,NPK,1,Reactivity,1.2700917455756844
Plantago_coronopus,-2.123,0.255,Ordbeta,T0-T3,NPK,1,T_generation,1.4792349913940708
Plantago_coronopus,-2.123,0.255,Ordbeta,T0-T3,NPK,1,age_repro,0.7227032675127357
Plantago_coronopus,-2.123,0.255,Ordbeta,T0-T3,NPK,1,percapita_repro,-0.16078899600806454
Plantago_media,-2.532,0.341,Ordbeta,T0-T3,NPK,1,FirstStepAtt,-2.5216721506920545
Plantago_media,-2.532,0.341,Ordbeta,T0-T3,NPK,1,Lambda,0.9166479924897526
Plantago_media,-2.532,0.341,Ordbeta,T0-T3,NPK,1,Lmax,1.7178918965462198
Plantago_media,-2.532,0.341,Ordbeta,T0-T3,NPK,1,Lmean,0.240093455091011
Plantago_media,-2.532,0.341,Ordbeta,T0-T3,NPK,1,R0,-3.703632943874186
Plantago_media,-2.532,0.341,Ordbeta,T0-T3,NPK,1,Reactivity,0.9115891884505661
Plantago_media,-2.532,0.341,Ordbeta,T0-T3,NPK,1,T_generation,3.2830740541662764
Plantago_media,-2.532,0.341,Ordbeta,T0-T3,NPK,1,age_repro,2.050568331584061
Plantago_media,-2.532,0.341,Ordbeta,T0-T3,NPK,1,percapita_repro,0.21247852101489456
Potentilla_recta,-2.455,0.333,Ordbeta,T0-T3,NPK,1,FirstStepAtt,-1.2072466251783427
Potentilla_recta,-2.455,0.333,Ordbeta,T0-T3,NPK,1,Lambda,1.3233051390988662
Potentilla_recta,-2.455,0.333,Ordbeta,T0-T3,NPK,1,Lmax,2.8995463272302633
Potentilla_recta,-2.455,0.333,Ordbeta,T0-T3,NPK,1,Lmean,1.114174982541197
Potentilla_recta,-2.455,0.333,Ordbeta,T0-T3,NPK,1,R0,-Inf
Potentilla_recta,-2.455,0.333,Ordbeta,T0-T3,NPK,1,Reactivity,2.3355670141886495
Potentilla_recta,-2.455,0.333,Ordbeta,T0-T3,NPK,1,T_generation,1.1285664763465502
Potentilla_recta,-2.455,0.333,Ordbeta,T0-T3,NPK,1,age_repro,1.470241457035962
Potentilla_recta,-2.455,0.333,Ordbeta,T0-T3,NPK,1,percapita_repro,5.184136566294191
Primula_elatior,-2.515,0.497,Ordbeta,T0-T3,NPK,1,FirstStepAtt,-2.5752591198739894
Primula_elatior,-2.515,0.497,Ordbeta,T0-T3,NPK,1,Lambda,1.0243599289476764
Primula_elatior,-2.515,0.497,Ordbeta,T0-T3,NPK,1,Lmax,3.078214221499716
Primula_elatior,-2.515,0.497,Ordbeta,T0-T3,NPK,1,Lmean,0.9348686606054332
Primula_elatior,-2.515,0.497,Ordbeta,T0-T3,NPK,1,R0,-0.1983437887657272
Primula_elatior,-2.515,0.497,Ordbeta,T0-T3,NPK,1,Reactivity,1.2375774274497275
Primula_elatior,-2.515,0.497,Ordbeta,T0-T3,NPK,1,T_generation,2.774342942782747
Primula_elatior,-2.515,0.497,Ordbeta,T0-T3,NPK,1,age_repro,1.5965918444925693
Primula_elatior,-2.515,0.497,Ordbeta,T0-T3,NPK,1,percapita_repro,0.6906312588074858
Primula_veris,-2.647,0.411,Ordbeta,T0-T3,NPK,1,FirstStepAtt,-3.0996415326914413
Primula_veris,-2.647,0.411,Ordbeta,T0-T3,NPK,1,Lambda,0.9177166512186883
Primula_veris,-2.647,0.411,Ordbeta,T0-T3,NPK,1,Lmax,1.777554626801171
Primula_veris,-2.647,0.411,Ordbeta,T0-T3,NPK,1,Lmean,0.34573408996051475
Primula_veris,-2.647,0.411,Ordbeta,T0-T3,NPK,1,R0,-3.531205384831014
Primula_veris,-2.647,0.411,Ordbeta,T0-T3,NPK,1,Reactivity,1.8406103144604358
Primula_veris,-2.647,0.411,Ordbeta,T0-T3,NPK,1,T_generation,3.266151130174338
Primula_veris,-2.647,0.411,Ordbeta,T0-T3,NPK,1,age_repro,2.1007008996065113
Primula_veris,-2.647,0.411,Ordbeta,T0-T3,NPK,1,percapita_repro,1.3057574210790406
Ranunculus_acris,-2.625,0.158,Ordbeta,T0-T3,NPK,1,FirstStepAtt,-2.223673155588096
Ranunculus_acris,-2.625,0.158,Ordbeta,T0-T3,NPK,1,Lambda,1.1474253581153837
Ranunculus_acris,-2.625,0.158,Ordbeta,T0-T3,NPK,1,Lmax,1.791759469228055
Ranunculus_acris,-2.625,0.158,Ordbeta,T0-T3,NPK,1,Lmean,0.2694368352850546
Ranunculus_acris,-2.625,0.158,Ordbeta,T0-T3,NPK,1,R0,0.4291243489821683
Ranunculus_acris,-2.625,0.158,Ordbeta,T0-T3,NPK,1,Reactivity,1.8978523971700296
Ranunculus_acris,-2.625,0.158,Ordbeta,T0-T3,NPK,1,T_generation,1.3335494740785472
Ranunculus_acris,-2.625,0.158,Ordbeta,T0-T3,NPK,1,age_repro,1.1167312512505851
Ranunculus_acris,-2.625,0.158,Ordbeta,T0-T3,NPK,1,percapita_repro,1.9401794743463283
Sphaeralcea_coccinea,-2.559,0.355,Ordbeta,T0-T3,NPK,1,FirstStepAtt,-0.021668930362796438
Sphaeralcea_coccinea,-2.559,0.355,Ordbeta,T0-T3,NPK,1,Lambda,0.9140916052986946
Sphaeralcea_coccinea,-2.559,0.355,Ordbeta,T0-T3,NPK,1,Lmax,1.1291966833851346
Sphaeralcea_coccinea,-2.559,0.355,Ordbeta,T0-T3,NPK,1,Lmean,0.18479959171993668
Sphaeralcea_coccinea,-2.559,0.355,Ordbeta,T0-T3,NPK,1,R0,-0.1631566065473073
Sphaeralcea_coccinea,-2.559,0.355,Ordbeta,T0-T3,NPK,1,Reactivity,0.06479482429602482
Sphaeralcea_coccinea,-2.559,0.355,Ordbeta,T0-T3,NPK,1,T_generation,0.24224692726379177
Sphaeralcea_coccinea,-2.559,0.355,Ordbeta,T0-T3,NPK,1,age_repro,0
Sphaeralcea_coccinea,-2.559,0.355,Ordbeta,T0-T3,NPK,1,percapita_repro,-0.347956198267244
Stenaria_nigricans,-2.563,0.377,Ordbeta,T0-T3,NPK,1,FirstStepAtt,-0.001506241946231945
Stenaria_nigricans,-2.563,0.377,Ordbeta,T0-T3,NPK,1,Lambda,0.9901413361648121
Stenaria_nigricans,-2.563,0.377,Ordbeta,T0-T3,NPK,1,Lmax,0.8841014310483891
Stenaria_nigricans,-2.563,0.377,Ordbeta,T0-T3,NPK,1,Lmean,0.1061701762787086
Stenaria_nigricans,-2.563,0.377,Ordbeta,T0-T3,NPK,1,R0,0.21085254589803137
Stenaria_nigricans,-2.563,0.377,Ordbeta,T0-T3,NPK,1,Reactivity,0.009202684809058356
Stenaria_nigricans,-2.563,0.377,Ordbeta,T0-T3,NPK,1,T_generation,0.10216634557653173
Stenaria_nigricans,-2.563,0.377,Ordbeta,T0-T3,NPK,1,age_repro,0
Stenaria_nigricans,-2.563,0.377,Ordbeta,T0-T3,NPK,1,percapita_repro,0.10468236961932272
Taraxacum_campylodes,-2.956,0.371,Ordbeta,T0-T3,NPK,1,FirstStepAtt,-2.3531148413315983
Taraxacum_campylodes,-2.956,0.371,Ordbeta,T0-T3,NPK,1,Lambda,0.08041791145870329
Taraxacum_campylodes,-2.956,0.371,Ordbeta,T0-T3,NPK,1,Lmax,0.5493061443340549
Taraxacum_campylodes,-2.956,0.371,Ordbeta,T0-T3,NPK,1,Lmean,0.06773896227809098
Taraxacum_campylodes,-2.956,0.371,Ordbeta,T0-T3,NPK,1,R0,-Inf
Taraxacum_campylodes,-2.956,0.371,Ordbeta,T0-T3,NPK,1,Reactivity,2.4046693226371185
Taraxacum_campylodes,-2.956,0.371,Ordbeta,T0-T3,NPK,1,T_generation,NA
Taraxacum_campylodes,-2.956,0.371,Ordbeta,T0-T3,NPK,1,age_repro,0
Taraxacum_campylodes,-2.956,0.371,Ordbeta,T0-T3,NPK,1,percapita_repro,-11.213549524439351
Thymus_vulgaris,-2.308,0.405,Ordbeta,T0-T3,NPK,1,FirstStepAtt,-0.005866973847378982
Thymus_vulgaris,-2.308,0.405,Ordbeta,T0-T3,NPK,1,Lambda,0.9926751959162854
Thymus_vulgaris,-2.308,0.405,Ordbeta,T0-T3,NPK,1,Lmax,5.964961904446033
Thymus_vulgaris,-2.308,0.405,Ordbeta,T0-T3,NPK,1,Lmean,4.459892288650257
Thymus_vulgaris,-2.308,0.405,Ordbeta,T0-T3,NPK,1,R0,-1.07189733945768
Thymus_vulgaris,-2.308,0.405,Ordbeta,T0-T3,NPK,1,Reactivity,0.010349758754626258
Thymus_vulgaris,-2.308,0.405,Ordbeta,T0-T3,NPK,1,T_generation,NA
Thymus_vulgaris,-2.308,0.405,Ordbeta,T0-T3,NPK,1,age_repro,NA
Thymus_vulgaris,-2.308,0.405,Ordbeta,T0-T3,NPK,1,percapita_repro,-5.143380039347928
Verbascum_thapsus,-2.408,0.445,Ordbeta,T0-T3,NPK,1,FirstStepAtt,-4.012613096092431
Verbascum_thapsus,-2.408,0.445,Ordbeta,T0-T3,NPK,1,Lambda,NA
Verbascum_thapsus,-2.408,0.445,Ordbeta,T0-T3,NPK,1,Lmax,0.6931471805599453
Verbascum_thapsus,-2.408,0.445,Ordbeta,T0-T3,NPK,1,Lmean,0.05129369438747054
Verbascum_thapsus,-2.408,0.445,Ordbeta,T0-T3,NPK,1,R0,3.381715911075376
Verbascum_thapsus,-2.408,0.445,Ordbeta,T0-T3,NPK,1,Reactivity,NA
Verbascum_thapsus,-2.408,0.445,Ordbeta,T0-T3,NPK,1,T_generation,0.7764348966557838
Verbascum_thapsus,-2.408,0.445,Ordbeta,T0-T3,NPK,1,age_repro,2.5523449856956373
Verbascum_thapsus,-2.408,0.445,Ordbeta,T0-T3,NPK,1,percapita_repro,NA
Veronica_arvensis,-2.818,0.222,Ordbeta,T0-T3,NPK,1,FirstStepAtt,-1.3609972168245543
Veronica_arvensis,-2.818,0.222,Ordbeta,T0-T3,NPK,1,Lambda,1.0575348190993947
Veronica_arvensis,-2.818,0.222,Ordbeta,T0-T3,NPK,1,Lmax,0.12924850454918937
Veronica_arvensis,-2.818,0.222,Ordbeta,T0-T3,NPK,1,Lmean,0.05244694819316372
Veronica_arvensis,-2.818,0.222,Ordbeta,T0-T3,NPK,1,R0,-0.014999404757933873
Veronica_arvensis,-2.818,0.222,Ordbeta,T0-T3,NPK,1,Reactivity,1.7913324339405632
Veronica_arvensis,-2.818,0.222,Ordbeta,T0-T3,NPK,1,T_generation,0.4178504962611216
Veronica_arvensis,-2.818,0.222,Ordbeta,T0-T3,NPK,1,age_repro,0.8907769885320955
Veronica_arvensis,-2.818,0.222,Ordbeta,T0-T3,NPK,1,percapita_repro,1.8152156216155975
Agrimonia_eupatoria,-2.621,0.251,Hurdle_cond,T0-T3,INTER,1,FirstStepAtt,-0.40426778811109665
Agrimonia_eupatoria,-2.621,0.251,Hurdle_cond,T0-T3,INTER,1,Lambda,0.99064442494128635
Agrimonia_eupatoria,-2.621,0.251,Hurdle_cond,T0-T3,INTER,1,Lmax,4.5330412476880015
Agrimonia_eupatoria,-2.621,0.251,Hurdle_cond,T0-T3,INTER,1,Lmean,2.276623485281897
Agrimonia_eupatoria,-2.621,0.251,Hurdle_cond,T0-T3,INTER,1,R0,-0.3812702083300579
Agrimonia_eupatoria,-2.621,0.251,Hurdle_cond,T0-T3,INTER,1,Reactivity,0.19207496843703886
Agrimonia_eupatoria,-2.621,0.251,Hurdle_cond,T0-T3,INTER,1,T_generation,3.6207086258222287
Agrimonia_eupatoria,-2.621,0.251,Hurdle_cond,T0-T3,INTER,1,age_repro,2.087394345070076
Agrimonia_eupatoria,-2.621,0.251,Hurdle_cond,T0-T3,INTER,1,percapita_repro,-1.5661843426366495
Allium_vineale,-2.67,0.433,Hurdle_cond,T0-T3,INTER,1,FirstStepAtt,-2.036030904211625
Allium_vineale,-2.67,0.433,Hurdle_cond,T0-T3,INTER,1,Lambda,1.170906773884173
Allium_vineale,-2.67,0.433,Hurdle_cond,T0-T3,INTER,1,Lmax,1.0986122886681098
Allium_vineale,-2.67,0.433,Hurdle_cond,T0-T3,INTER,1,Lmean,0.16647352389668973
Allium_vineale,-2.67,0.433,Hurdle_cond,T0-T3,INTER,1,R0,0.3408368280021561
Allium_vineale,-2.67,0.433,Hurdle_cond,T0-T3,INTER,1,Reactivity,2.1940830508207325
Allium_vineale,-2.67,0.433,Hurdle_cond,T0-T3,INTER,1,T_generation,0.7635325690826141
Allium_vineale,-2.67,0.433,Hurdle_cond,T0-T3,INTER,1,age_repro,1.2000990079409088
Allium_vineale,-2.67,0.433,Hurdle_cond,T0-T3,INTER,1,percapita_repro,2.3368650630604555
Andropogon_gerardii,-0.554,0.209,Hurdle_cond,T0-T3,INTER,1,FirstStepAtt,-1.1908608264270113
Andropogon_gerardii,-0.554,0.209,Hurdle_cond,T0-T3,INTER,1,Lambda,1.50587325216984
Andropogon_gerardii,-0.554,0.209,Hurdle_cond,T0-T3,INTER,1,Lmax,1.764891121214301
Andropogon_gerardii,-0.554,0.209,Hurdle_cond,T0-T3,INTER,1,Lmean,0.6723210807858808
Andropogon_gerardii,-0.554,0.209,Hurdle_cond,T0-T3,INTER,1,R0,0.8354773555720532
Andropogon_gerardii,-0.554,0.209,Hurdle_cond,T0-T3,INTER,1,Reactivity,1.7926841280473305
Andropogon_gerardii,-0.554,0.209,Hurdle_cond,T0-T3,INTER,1,T_generation,0.7395193223181741
Andropogon_gerardii,-0.554,0.209,Hurdle_cond,T0-T3,INTER,1,age_repro,0.7862530575220442
Andropogon_gerardii,-0.554,0.209,Hurdle_cond,T0-T3,INTER,1,percapita_repro,2.0924307697315556
Arenaria_serpyllifolia,-2.538,0.285,Hurdle_cond,T0-T3,INTER,1,FirstStepAtt,-2.2176497264357233
Arenaria_serpyllifolia,-2.538,0.285,Hurdle_cond,T0-T3,INTER,1,Lambda,0.860684361881849
Arenaria_serpyllifolia,-2.538,0.285,Hurdle_cond,T0-T3,INTER,1,Lmax,0
Arenaria_serpyllifolia,-2.538,0.285,Hurdle_cond,T0-T3,INTER,1,Lmean,0
Arenaria_serpyllifolia,-2.538,0.285,Hurdle_cond,T0-T3,INTER,1,R0,0.13128547046852534
Arenaria_serpyllifolia,-2.538,0.285,Hurdle_cond,T0-T3,INTER,1,Reactivity,2.5929750386335604
Arenaria_serpyllifolia,-2.538,0.285,Hurdle_cond,T0-T3,INTER,1,T_generation,0.16988583066600282
Arenaria_serpyllifolia,-2.538,0.285,Hurdle_cond,T0-T3,INTER,1,age_repro,0.8303384136066279
Arenaria_serpyllifolia,-2.538,0.285,Hurdle_cond,T0-T3,INTER,1,percapita_repro,2.639396025140823
Armeria_maritima,-2.788,0.336,Hurdle_cond,T0-T3,INTER,1,FirstStepAtt,-2.2414258727445255
Armeria_maritima,-2.788,0.336,Hurdle_cond,T0-T3,INTER,1,Lambda,1.458043853064239
Armeria_maritima,-2.788,0.336,Hurdle_cond,T0-T3,INTER,1,Lmax,2.995732273553991
Armeria_maritima,-2.788,0.336,Hurdle_cond,T0-T3,INTER,1,Lmean,0.6122577291406874
Armeria_maritima,-2.788,0.336,Hurdle_cond,T0-T3,INTER,1,R0,4.445083646052526
Armeria_maritima,-2.788,0.336,Hurdle_cond,T0-T3,INTER,1,Reactivity,5.495776723555247
Armeria_maritima,-2.788,0.336,Hurdle_cond,T0-T3,INTER,1,T_generation,2.099604255961898
Armeria_maritima,-2.788,0.336,Hurdle_cond,T0-T3,INTER,1,age_repro,1.5255005163472148
Armeria_maritima,-2.788,0.336,Hurdle_cond,T0-T3,INTER,1,percapita_repro,3.617282020171661
Centaurea_jacea,-2.607,0.263,Hurdle_cond,T0-T3,INTER,1,FirstStepAtt,-0.6368104471974831
Centaurea_jacea,-2.607,0.263,Hurdle_cond,T0-T3,INTER,1,Lambda,0.9157150879324936
Centaurea_jacea,-2.607,0.263,Hurdle_cond,T0-T3,INTER,1,Lmax,2.4003251984703664
Centaurea_jacea,-2.607,0.263,Hurdle_cond,T0-T3,INTER,1,Lmean,1.3722715793325009
Centaurea_jacea,-2.607,0.263,Hurdle_cond,T0-T3,INTER,1,R0,-3.4842742317189583
Centaurea_jacea,-2.607,0.263,Hurdle_cond,T0-T3,INTER,1,Reactivity,0.41685764138114395
Centaurea_jacea,-2.607,0.263,Hurdle_cond,T0-T3,INTER,1,T_generation,2.978872381362829
Centaurea_jacea,-2.607,0.263,Hurdle_cond,T0-T3,INTER,1,age_repro,1.6363011514297372
Centaurea_jacea,-2.607,0.263,Hurdle_cond,T0-T3,INTER,1,percapita_repro,-1.7828083742933423
Cerastium_fontanum,-2.696,0.163,Hurdle_cond,T0-T3,INTER,1,FirstStepAtt,-2.696031853083466
Cerastium_fontanum,-2.696,0.163,Hurdle_cond,T0-T3,INTER,1,Lambda,NA
Cerastium_fontanum,-2.696,0.163,Hurdle_cond,T0-T3,INTER,1,Lmax,0
Cerastium_fontanum,-2.696,0.163,Hurdle_cond,T0-T3,INTER,1,Lmean,0
Cerastium_fontanum,-2.696,0.163,Hurdle_cond,T0-T3,INTER,1,R0,1.5184623246973081
Cerastium_fontanum,-2.696,0.163,Hurdle_cond,T0-T3,INTER,1,Reactivity,3.027270925563423
Cerastium_fontanum,-2.696,0.163,Hurdle_cond,T0-T3,INTER,1,T_generation,0.005048904923272251
Cerastium_fontanum,-2.696,0.163,Hurdle_cond,T0-T3,INTER,1,age_repro,0.8873031950009029
Cerastium_fontanum,-2.696,0.163,Hurdle_cond,T0-T3,INTER,1,percapita_repro,4.522657764413627
Cirsium_arvense,-2.311,0.202,Hurdle_cond,T0-T3,INTER,1,FirstStepAtt,-3.3290015249469986
Cirsium_arvense,-2.311,0.202,Hurdle_cond,T0-T3,INTER,1,Lambda,NA
Cirsium_arvense,-2.311,0.202,Hurdle_cond,T0-T3,INTER,1,Lmax,1.0986122886681098
Cirsium_arvense,-2.311,0.202,Hurdle_cond,T0-T3,INTER,1,Lmean,0.1699960817758222
Cirsium_arvense,-2.311,0.202,Hurdle_cond,T0-T3,INTER,1,R0,3.228914980534981
Cirsium_arvense,-2.311,0.202,Hurdle_cond,T0-T3,INTER,1,Reactivity,4.0664130997692896
Cirsium_arvense,-2.311,0.202,Hurdle_cond,T0-T3,INTER,1,T_generation,0.7703612247372394
Cirsium_arvense,-2.311,0.202,Hurdle_cond,T0-T3,INTER,1,age_repro,1.162546762671639
Cirsium_arvense,-2.311,0.202,Hurdle_cond,T0-T3,INTER,1,percapita_repro,5.427985054670073
Cirsium_palustre,-2.663,0.479,Hurdle_cond,T0-T3,INTER,1,FirstStepAtt,-2.5937654771378247
Cirsium_palustre,-2.663,0.479,Hurdle_cond,T0-T3,INTER,1,Lambda,1.4428002172428838
Cirsium_palustre,-2.663,0.479,Hurdle_cond,T0-T3,INTER,1,Lmax,1.5273118956910914
Cirsium_palustre,-2.663,0.479,Hurdle_cond,T0-T3,INTER,1,Lmean,0.20135107219302092
Cirsium_palustre,-2.663,0.479,Hurdle_cond,T0-T3,INTER,1,R0,1.2807231364002392
Cirsium_palustre,-2.663,0.479,Hurdle_cond,T0-T3,INTER,1,Reactivity,4.898747288058175
Cirsium_palustre,-2.663,0.479,Hurdle_cond,T0-T3,INTER,1,T_generation,1.2255759905166659
Cirsium_palustre,-2.663,0.479,Hurdle_cond,T0-T3,INTER,1,age_repro,1.534647496889771
Cirsium_palustre,-2.663,0.479,Hurdle_cond,T0-T3,INTER,1,percapita_repro,4.957313127808717
Cirsium_vulgare,-2.628,0.325,Hurdle_cond,T0-T3,INTER,1,FirstStepAtt,-3.1910655226282234
Cirsium_vulgare,-2.628,0.325,Hurdle_cond,T0-T3,INTER,1,Lambda,0.7844344795818798
Cirsium_vulgare,-2.628,0.325,Hurdle_cond,T0-T3,INTER,1,Lmax,1.507973248367974
Cirsium_vulgare,-2.628,0.325,Hurdle_cond,T0-T3,INTER,1,Lmean,0.3479988332516422
Cirsium_vulgare,-2.628,0.325,Hurdle_cond,T0-T3,INTER,1,R0,-1.420279247517773
Cirsium_vulgare,-2.628,0.325,Hurdle_cond,T0-T3,INTER,1,Reactivity,2.641485998869525
Cirsium_vulgare,-2.628,0.325,Hurdle_cond,T0-T3,INTER,1,T_generation,1.4828783988333107
Cirsium_vulgare,-2.628,0.325,Hurdle_cond,T0-T3,INTER,1,age_repro,0.9323966804077027
Cirsium_vulgare,-2.628,0.325,Hurdle_cond,T0-T3,INTER,1,percapita_repro,1.89963041219607
Cytisus_scoparius,-2.528,0.491,Hurdle_cond,T0-T3,INTER,1,FirstStepAtt,-1.080580313452844
Cytisus_scoparius,-2.528,0.491,Hurdle_cond,T0-T3,INTER,1,Lambda,1.2132924652538926
Cytisus_scoparius,-2.528,0.491,Hurdle_cond,T0-T3,INTER,1,Lmax,3.4362872742721846
Cytisus_scoparius,-2.528,0.491,Hurdle_cond,T0-T3,INTER,1,Lmean,1.6108317812687711
Cytisus_scoparius,-2.528,0.491,Hurdle_cond,T0-T3,INTER,1,R0,1.2836591821667371
Cytisus_scoparius,-2.528,0.491,Hurdle_cond,T0-T3,INTER,1,Reactivity,7.2558813136686915
Cytisus_scoparius,-2.528,0.491,Hurdle_cond,T0-T3,INTER,1,T_generation,2.5531837176158607
Cytisus_scoparius,-2.528,0.491,Hurdle_cond,T0-T3,INTER,1,age_repro,1.7233105661137673
Cytisus_scoparius,-2.528,0.491,Hurdle_cond,T0-T3,INTER,1,percapita_repro,5.712086717106163
Daucus_carota,-2.354,0.222,Hurdle_cond,T0-T3,INTER,1,FirstStepAtt,-4.040610337013186
Daucus_carota,-2.354,0.222,Hurdle_cond,T0-T3,INTER,1,Lambda,1.7161044748521754
Daucus_carota,-2.354,0.222,Hurdle_cond,T0-T3,INTER,1,Lmax,1.0986122886681098
Daucus_carota,-2.354,0.222,Hurdle_cond,T0-T3,INTER,1,Lmean,0.31834252276646996
Daucus_carota,-2.354,0.222,Hurdle_cond,T0-T3,INTER,1,R0,1.8196701629274532
Daucus_carota,-2.354,0.222,Hurdle_cond,T0-T3,INTER,1,Reactivity,NA
Daucus_carota,-2.354,0.222,Hurdle_cond,T0-T3,INTER,1,T_generation,1.189773196967312
Daucus_carota,-2.354,0.222,Hurdle_cond,T0-T3,INTER,1,age_repro,1.431272611901774
Daucus_carota,-2.354,0.222,Hurdle_cond,T0-T3,INTER,1,percapita_repro,NA
Echium_vulgare,-1.307,0.377,Hurdle_cond,T0-T3,INTER,1,FirstStepAtt,-1.4808281568478858
Echium_vulgare,-1.307,0.377,Hurdle_cond,T0-T3,INTER,1,Lambda,1.54759800300862
Echium_vulgare,-1.307,0.377,Hurdle_cond,T0-T3,INTER,1,Lmax,1.3862943611198906
Echium_vulgare,-1.307,0.377,Hurdle_cond,T0-T3,INTER,1,Lmean,0.5010758488001458
Echium_vulgare,-1.307,0.377,Hurdle_cond,T0-T3,INTER,1,R0,1.6034012709220467
Echium_vulgare,-1.307,0.377,Hurdle_cond,T0-T3,INTER,1,Reactivity,3.2663741200499037
Echium_vulgare,-1.307,0.377,Hurdle_cond,T0-T3,INTER,1,T_generation,1.287139504575711
Echium_vulgare,-1.307,0.377,Hurdle_cond,T0-T3,INTER,1,age_repro,1.3132909952863716
Echium_vulgare,-1.307,0.377,Hurdle_cond,T0-T3,INTER,1,percapita_repro,3.7030781735137492
Elymus_repens,-1.918,0.204,Hurdle_cond,T0-T3,INTER,1,FirstStepAtt,-19.608981934788076
Elymus_repens,-1.918,0.204,Hurdle_cond,T0-T3,INTER,1,Lambda,NA
Elymus_repens,-1.918,0.204,Hurdle_cond,T0-T3,INTER,1,Lmax,0.6931471805599453
Elymus_repens,-1.918,0.204,Hurdle_cond,T0-T3,INTER,1,Lmean,0.34830572665687204
Elymus_repens,-1.918,0.204,Hurdle_cond,T0-T3,INTER,1,R0,4.306802628082906
Elymus_repens,-1.918,0.204,Hurdle_cond,T0-T3,INTER,1,Reactivity,NA
Elymus_repens,-1.918,0.204,Hurdle_cond,T0-T3,INTER,1,T_generation,0.00771453240913415
Elymus_repens,-1.918,0.204,Hurdle_cond,T0-T3,INTER,1,age_repro,0
Elymus_repens,-1.918,0.204,Hurdle_cond,T0-T3,INTER,1,percapita_repro,-5.74205469871386
Erigeron_canadensis,-3.038,0.277,Hurdle_cond,T0-T3,INTER,1,FirstStepAtt,-2.9940372183428647
Erigeron_canadensis,-3.038,0.277,Hurdle_cond,T0-T3,INTER,1,Lambda,NA
Erigeron_canadensis,-3.038,0.277,Hurdle_cond,T0-T3,INTER,1,Lmax,0
Erigeron_canadensis,-3.038,0.277,Hurdle_cond,T0-T3,INTER,1,Lmean,0
Erigeron_canadensis,-3.038,0.277,Hurdle_cond,T0-T3,INTER,1,R0,2.750423016465953
Erigeron_canadensis,-3.038,0.277,Hurdle_cond,T0-T3,INTER,1,Reactivity,3.7256901124743216
Erigeron_canadensis,-3.038,0.277,Hurdle_cond,T0-T3,INTER,1,T_generation,0.1300250884192771
Erigeron_canadensis,-3.038,0.277,Hurdle_cond,T0-T3,INTER,1,age_repro,0.9159908368351705
Erigeron_canadensis,-3.038,0.277,Hurdle_cond,T0-T3,INTER,1,percapita_repro,5.684089841310465
Knautia_arvensis,-2.261,0.311,Hurdle_cond,T0-T3,INTER,1,FirstStepAtt,-2.956373754274904
Knautia_arvensis,-2.261,0.311,Hurdle_cond,T0-T3,INTER,1,Lambda,0.30764990872892994
Knautia_arvensis,-2.261,0.311,Hurdle_cond,T0-T3,INTER,1,Lmax,0.6931471805599453
Knautia_arvensis,-2.261,0.311,Hurdle_cond,T0-T3,INTER,1,Lmean,0.022139719151234638
Knautia_arvensis,-2.261,0.311,Hurdle_cond,T0-T3,INTER,1,R0,-9.95071325619903
Knautia_arvensis,-2.261,0.311,Hurdle_cond,T0-T3,INTER,1,Reactivity,0.35097071858090473
Knautia_arvensis,-2.261,0.311,Hurdle_cond,T0-T3,INTER,1,T_generation,NA
Knautia_arvensis,-2.261,0.311,Hurdle_cond,T0-T3,INTER,1,age_repro,0.9322894183877876
Knautia_arvensis,-2.261,0.311,Hurdle_cond,T0-T3,INTER,1,percapita_repro,-4.367646677748796
Lactuca_serriola,-2.723,0.331,Hurdle_cond,T0-T3,INTER,1,FirstStepAtt,-2.5276283678174485
Lactuca_serriola,-2.723,0.331,Hurdle_cond,T0-T3,INTER,1,Lambda,NA
Lactuca_serriola,-2.723,0.331,Hurdle_cond,T0-T3,INTER,1,Lmax,0
Lactuca_serriola,-2.723,0.331,Hurdle_cond,T0-T3,INTER,1,Lmean,0
Lactuca_serriola,-2.723,0.331,Hurdle_cond,T0-T3,INTER,1,R0,2.961708269076509
Lactuca_serriola,-2.723,0.331,Hurdle_cond,T0-T3,INTER,1,Reactivity,5.096932718325193
Lactuca_serriola,-2.723,0.331,Hurdle_cond,T0-T3,INTER,1,T_generation,0.08738433516364566
Lactuca_serriola,-2.723,0.331,Hurdle_cond,T0-T3,INTER,1,age_repro,1.2839753424841123
Lactuca_serriola,-2.723,0.331,Hurdle_cond,T0-T3,INTER,1,percapita_repro,7.147653680580111
Linum_catharticum,-2.773,0.289,Hurdle_cond,T0-T3,INTER,1,FirstStepAtt,-3.1953085121694222
Linum_catharticum,-2.773,0.289,Hurdle_cond,T0-T3,INTER,1,Lambda,NA
Linum_catharticum,-2.773,0.289,Hurdle_cond,T0-T3,INTER,1,Lmax,2.0794415416798357
Linum_catharticum,-2.773,0.289,Hurdle_cond,T0-T3,INTER,1,Lmean,0.7715798705141755
Linum_catharticum,-2.773,0.289,Hurdle_cond,T0-T3,INTER,1,R0,1.7942778474769048
Linum_catharticum,-2.773,0.289,Hurdle_cond,T0-T3,INTER,1,Reactivity,3.8165083573910685
Linum_catharticum,-2.773,0.289,Hurdle_cond,T0-T3,INTER,1,T_generation,0.30079171330480015
Linum_catharticum,-2.773,0.289,Hurdle_cond,T0-T3,INTER,1,age_repro,0.7034715243015948
Linum_catharticum,-2.773,0.289,Hurdle_cond,T0-T3,INTER,1,percapita_repro,3.0328521355315146
Myosotis_ramosissima,-2.785,0.334,Hurdle_cond,T0-T3,INTER,1,FirstStepAtt,-3.6870030575668453
Myosotis_ramosissima,-2.785,0.334,Hurdle_cond,T0-T3,INTER,1,Lambda,1.4558843238144925
Myosotis_ramosissima,-2.785,0.334,Hurdle_cond,T0-T3,INTER,1,Lmax,0
Myosotis_ramosissima,-2.785,0.334,Hurdle_cond,T0-T3,INTER,1,Lmean,0
Myosotis_ramosissima,-2.785,0.334,Hurdle_cond,T0-T3,INTER,1,R0,1.3761933951892638
Myosotis_ramosissima,-2.785,0.334,Hurdle_cond,T0-T3,INTER,1,Reactivity,0.48764865977290195
Myosotis_ramosissima,-2.785,0.334,Hurdle_cond,T0-T3,INTER,1,T_generation,0.013734478546359119
Myosotis_ramosissima,-2.785,0.334,Hurdle_cond,T0-T3,INTER,1,age_repro,0.7154702161542037
Myosotis_ramosissima,-2.785,0.334,Hurdle_cond,T0-T3,INTER,1,percapita_repro,1.826732983425593
Picris_hieracioides,-1.939,0.212,Hurdle_cond,T0-T3,INTER,1,FirstStepAtt,-4.012603074068456
Picris_hieracioides,-1.939,0.212,Hurdle_cond,T0-T3,INTER,1,Lambda,0.8846497432296893
Picris_hieracioides,-1.939,0.212,Hurdle_cond,T0-T3,INTER,1,Lmax,0.6931471805599453
Picris_hieracioides,-1.939,0.212,Hurdle_cond,T0-T3,INTER,1,Lmean,0.025497751793431413
Picris_hieracioides,-1.939,0.212,Hurdle_cond,T0-T3,INTER,1,R0,-0.5012341883972119
Picris_hieracioides,-1.939,0.212,Hurdle_cond,T0-T3,INTER,1,Reactivity,5.739334580340471
Picris_hieracioides,-1.939,0.212,Hurdle_cond,T0-T3,INTER,1,T_generation,1.4151934417967624
Picris_hieracioides,-1.939,0.212,Hurdle_cond,T0-T3,INTER,1,age_repro,1.5430234695350933
Picris_hieracioides,-1.939,0.212,Hurdle_cond,T0-T3,INTER,1,percapita_repro,5.616771097666572
Pimpinella_saxifraga,-2.225,0.349,Hurdle_cond,T0-T3,INTER,1,FirstStepAtt,-0.5923077657542147
Pimpinella_saxifraga,-2.225,0.349,Hurdle_cond,T0-T3,INTER,1,Lambda,0.9547406316474248
Pimpinella_saxifraga,-2.225,0.349,Hurdle_cond,T0-T3,INTER,1,Lmax,3.2778313935718644
Pimpinella_saxifraga,-2.225,0.349,Hurdle_cond,T0-T3,INTER,1,Lmean,1.3985454207581605
Pimpinella_saxifraga,-2.225,0.349,Hurdle_cond,T0-T3,INTER,1,R0,-0.7090626241047243
Pimpinella_saxifraga,-2.225,0.349,Hurdle_cond,T0-T3,INTER,1,Reactivity,0.9233752615973371
Pimpinella_saxifraga,-2.225,0.349,Hurdle_cond,T0-T3,INTER,1,T_generation,2.7756138699245225
Pimpinella_saxifraga,-2.225,0.349,Hurdle_cond,T0-T3,INTER,1,age_repro,1.7819632124517442
Pimpinella_saxifraga,-2.225,0.349,Hurdle_cond,T0-T3,INTER,1,percapita_repro,-0.1635626778133
Plantago_coronopus,-2.217,0.253,Hurdle_cond,T0-T3,INTER,1,FirstStepAtt,-1.0607821044920802
Plantago_coronopus,-2.217,0.253,Hurdle_cond,T0-T3,INTER,1,Lambda,0.8883340096307588
Plantago_coronopus,-2.217,0.253,Hurdle_cond,T0-T3,INTER,1,Lmax,1.907994489728227
Plantago_coronopus,-2.217,0.253,Hurdle_cond,T0-T3,INTER,1,Lmean,0.5836315540514999
Plantago_coronopus,-2.217,0.253,Hurdle_cond,T0-T3,INTER,1,R0,-0.7679497099488539
Plantago_coronopus,-2.217,0.253,Hurdle_cond,T0-T3,INTER,1,Reactivity,1.2700917455756844
Plantago_coronopus,-2.217,0.253,Hurdle_cond,T0-T3,INTER,1,T_generation,1.4792349913940708
Plantago_coronopus,-2.217,0.253,Hurdle_cond,T0-T3,INTER,1,age_repro,0.7227032675127357
Plantago_coronopus,-2.217,0.253,Hurdle_cond,T0-T3,INTER,1,percapita_repro,-0.16078899600806454
Plantago_media,-2.505,0.347,Hurdle_cond,T0-T3,INTER,1,FirstStepAtt,-2.5216721506920545
Plantago_media,-2.505,0.347,Hurdle_cond,T0-T3,INTER,1,Lambda,0.9166479924897526
Plantago_media,-2.505,0.347,Hurdle_cond,T0-T3,INTER,1,Lmax,1.7178918965462198
Plantago_media,-2.505,0.347,Hurdle_cond,T0-T3,INTER,1,Lmean,0.240093455091011
Plantago_media,-2.505,0.347,Hurdle_cond,T0-T3,INTER,1,R0,-3.703632943874186
Plantago_media,-2.505,0.347,Hurdle_cond,T0-T3,INTER,1,Reactivity,0.9115891884505661
Plantago_media,-2.505,0.347,Hurdle_cond,T0-T3,INTER,1,T_generation,3.2830740541662764
Plantago_media,-2.505,0.347,Hurdle_cond,T0-T3,INTER,1,age_repro,2.050568331584061
Plantago_media,-2.505,0.347,Hurdle_cond,T0-T3,INTER,1,percapita_repro,0.21247852101489456
Potentilla_recta,-2.471,0.363,Hurdle_cond,T0-T3,INTER,1,FirstStepAtt,-1.2072466251783427
Potentilla_recta,-2.471,0.363,Hurdle_cond,T0-T3,INTER,1,Lambda,1.3233051390988662
Potentilla_recta,-2.471,0.363,Hurdle_cond,T0-T3,INTER,1,Lmax,2.8995463272302633
Potentilla_recta,-2.471,0.363,Hurdle_cond,T0-T3,INTER,1,Lmean,1.114174982541197
Potentilla_recta,-2.471,0.363,Hurdle_cond,T0-T3,INTER,1,R0,-Inf
Potentilla_recta,-2.471,0.363,Hurdle_cond,T0-T3,INTER,1,Reactivity,2.3355670141886495
Potentilla_recta,-2.471,0.363,Hurdle_cond,T0-T3,INTER,1,T_generation,1.1285664763465502
Potentilla_recta,-2.471,0.363,Hurdle_cond,T0-T3,INTER,1,age_repro,1.470241457035962
Potentilla_recta,-2.471,0.363,Hurdle_cond,T0-T3,INTER,1,percapita_repro,5.184136566294191
Primula_elatior,-2.531,0.491,Hurdle_cond,T0-T3,INTER,1,FirstStepAtt,-2.5752591198739894
Primula_elatior,-2.531,0.491,Hurdle_cond,T0-T3,INTER,1,Lambda,1.0243599289476764
Primula_elatior,-2.531,0.491,Hurdle_cond,T0-T3,INTER,1,Lmax,3.078214221499716
Primula_elatior,-2.531,0.491,Hurdle_cond,T0-T3,INTER,1,Lmean,0.9348686606054332
Primula_elatior,-2.531,0.491,Hurdle_cond,T0-T3,INTER,1,R0,-0.1983437887657272
Primula_elatior,-2.531,0.491,Hurdle_cond,T0-T3,INTER,1,Reactivity,1.2375774274497275
Primula_elatior,-2.531,0.491,Hurdle_cond,T0-T3,INTER,1,T_generation,2.774342942782747
Primula_elatior,-2.531,0.491,Hurdle_cond,T0-T3,INTER,1,age_repro,1.5965918444925693
Primula_elatior,-2.531,0.491,Hurdle_cond,T0-T3,INTER,1,percapita_repro,0.6906312588074858
Primula_veris,-2.571,0.38,Hurdle_cond,T0-T3,INTER,1,FirstStepAtt,-3.0996415326914413
Primula_veris,-2.571,0.38,Hurdle_cond,T0-T3,INTER,1,Lambda,0.9177166512186883
Primula_veris,-2.571,0.38,Hurdle_cond,T0-T3,INTER,1,Lmax,1.777554626801171
Primula_veris,-2.571,0.38,Hurdle_cond,T0-T3,INTER,1,Lmean,0.34573408996051475
Primula_veris,-2.571,0.38,Hurdle_cond,T0-T3,INTER,1,R0,-3.531205384831014
Primula_veris,-2.571,0.38,Hurdle_cond,T0-T3,INTER,1,Reactivity,1.8406103144604358
Primula_veris,-2.571,0.38,Hurdle_cond,T0-T3,INTER,1,T_generation,3.266151130174338
Primula_veris,-2.571,0.38,Hurdle_cond,T0-T3,INTER,1,age_repro,2.1007008996065113
Primula_veris,-2.571,0.38,Hurdle_cond,T0-T3,INTER,1,percapita_repro,1.3057574210790406
Ranunculus_acris,-2.599,0.167,Hurdle_cond,T0-T3,INTER,1,FirstStepAtt,-2.223673155588096
Ranunculus_acris,-2.599,0.167,Hurdle_cond,T0-T3,INTER,1,Lambda,1.1474253581153837
Ranunculus_acris,-2.599,0.167,Hurdle_cond,T0-T3,INTER,1,Lmax,1.791759469228055
Ranunculus_acris,-2.599,0.167,Hurdle_cond,T0-T3,INTER,1,Lmean,0.2694368352850546
Ranunculus_acris,-2.599,0.167,Hurdle_cond,T0-T3,INTER,1,R0,0.4291243489821683
Ranunculus_acris,-2.599,0.167,Hurdle_cond,T0-T3,INTER,1,Reactivity,1.8978523971700296
Ranunculus_acris,-2.599,0.167,Hurdle_cond,T0-T3,INTER,1,T_generation,1.3335494740785472
Ranunculus_acris,-2.599,0.167,Hurdle_cond,T0-T3,INTER,1,age_repro,1.1167312512505851
Ranunculus_acris,-2.599,0.167,Hurdle_cond,T0-T3,INTER,1,percapita_repro,1.9401794743463283
Ratibida_columnifera,-2.607,0.483,Hurdle_cond,T0-T3,INTER,1,FirstStepAtt,-0.002056079496990296
Ratibida_columnifera,-2.607,0.483,Hurdle_cond,T0-T3,INTER,1,Lambda,0.7243603858174655
Ratibida_columnifera,-2.607,0.483,Hurdle_cond,T0-T3,INTER,1,Lmax,0.8751993382067543
Ratibida_columnifera,-2.607,0.483,Hurdle_cond,T0-T3,INTER,1,Lmean,0.15118484663816348
Ratibida_columnifera,-2.607,0.483,Hurdle_cond,T0-T3,INTER,1,R0,-0.18377717828257087
Ratibida_columnifera,-2.607,0.483,Hurdle_cond,T0-T3,INTER,1,Reactivity,0.0047432640012664016
Ratibida_columnifera,-2.607,0.483,Hurdle_cond,T0-T3,INTER,1,T_generation,0.18788835999659365
Ratibida_columnifera,-2.607,0.483,Hurdle_cond,T0-T3,INTER,1,age_repro,0
Ratibida_columnifera,-2.607,0.483,Hurdle_cond,T0-T3,INTER,1,percapita_repro,-0.3349620249207343
Scabiosa_columbaria,-2.536,0.49,Hurdle_cond,T0-T3,INTER,1,FirstStepAtt,-0.25733963460191384
Scabiosa_columbaria,-2.536,0.49,Hurdle_cond,T0-T3,INTER,1,Lambda,1.0296135539128584
Scabiosa_columbaria,-2.536,0.49,Hurdle_cond,T0-T3,INTER,1,Lmax,3.1354942159291497
Scabiosa_columbaria,-2.536,0.49,Hurdle_cond,T0-T3,INTER,1,Lmean,1.6713567260626774
Scabiosa_columbaria,-2.536,0.49,Hurdle_cond,T0-T3,INTER,1,R0,0.20533632722506642
Scabiosa_columbaria,-2.536,0.49,Hurdle_cond,T0-T3,INTER,1,Reactivity,1.8699344460843945
Scabiosa_columbaria,-2.536,0.49,Hurdle_cond,T0-T3,INTER,1,T_generation,1.9091809950068628
Scabiosa_columbaria,-2.536,0.49,Hurdle_cond,T0-T3,INTER,1,age_repro,1.8510989090143637
Scabiosa_columbaria,-2.536,0.49,Hurdle_cond,T0-T3,INTER,1,percapita_repro,1.7867469274045107
Sphaeralcea_coccinea,-2.608,0.346,Hurdle_cond,T0-T3,INTER,1,FirstStepAtt,-0.021668930362796438
Sphaeralcea_coccinea,-2.608,0.346,Hurdle_cond,T0-T3,INTER,1,Lambda,0.9140916052986946
Sphaeralcea_coccinea,-2.608,0.346,Hurdle_cond,T0-T3,INTER,1,Lmax,1.1291966833851346
Sphaeralcea_coccinea,-2.608,0.346,Hurdle_cond,T0-T3,INTER,1,Lmean,0.18479959171993668
Sphaeralcea_coccinea,-2.608,0.346,Hurdle_cond,T0-T3,INTER,1,R0,-0.1631566065473073
Sphaeralcea_coccinea,-2.608,0.346,Hurdle_cond,T0-T3,INTER,1,Reactivity,0.06479482429602482
Sphaeralcea_coccinea,-2.608,0.346,Hurdle_cond,T0-T3,INTER,1,T_generation,0.24224692726379177
Sphaeralcea_coccinea,-2.608,0.346,Hurdle_cond,T0-T3,INTER,1,age_repro,0
Sphaeralcea_coccinea,-2.608,0.346,Hurdle_cond,T0-T3,INTER,1,percapita_repro,-0.347956198267244
Stenaria_nigricans,-2.284,0.359,Hurdle_cond,T0-T3,INTER,1,FirstStepAtt,-0.001506241946231945
Stenaria_nigricans,-2.284,0.359,Hurdle_cond,T0-T3,INTER,1,Lambda,0.9901413361648121
Stenaria_nigricans,-2.284,0.359,Hurdle_cond,T0-T3,INTER,1,Lmax,0.8841014310483891
Stenaria_nigricans,-2.284,0.359,Hurdle_cond,T0-T3,INTER,1,Lmean,0.1061701762787086
Stenaria_nigricans,-2.284,0.359,Hurdle_cond,T0-T3,INTER,1,R0,0.21085254589803137
Stenaria_nigricans,-2.284,0.359,Hurdle_cond,T0-T3,INTER,1,Reactivity,0.009202684809058356
Stenaria_nigricans,-2.284,0.359,Hurdle_cond,T0-T3,INTER,1,T_generation,0.10216634557653173
Stenaria_nigricans,-2.284,0.359,Hurdle_cond,T0-T3,INTER,1,age_repro,0
Stenaria_nigricans,-2.284,0.359,Hurdle_cond,T0-T3,INTER,1,percapita_repro,0.10468236961932272
Taraxacum_campylodes,-2.686,0.355,Hurdle_cond,T0-T3,INTER,1,FirstStepAtt,-2.3531148413315983
Taraxacum_campylodes,-2.686,0.355,Hurdle_cond,T0-T3,INTER,1,Lambda,0.08041791145870329
Taraxacum_campylodes,-2.686,0.355,Hurdle_cond,T0-T3,INTER,1,Lmax,0.5493061443340549
Taraxacum_campylodes,-2.686,0.355,Hurdle_cond,T0-T3,INTER,1,Lmean,0.06773896227809098
Taraxacum_campylodes,-2.686,0.355,Hurdle_cond,T0-T3,INTER,1,R0,-Inf
Taraxacum_campylodes,-2.686,0.355,Hurdle_cond,T0-T3,INTER,1,Reactivity,2.4046693226371185
Taraxacum_campylodes,-2.686,0.355,Hurdle_cond,T0-T3,INTER,1,T_generation,NA
Taraxacum_campylodes,-2.686,0.355,Hurdle_cond,T0-T3,INTER,1,age_repro,0
Taraxacum_campylodes,-2.686,0.355,Hurdle_cond,T0-T3,INTER,1,percapita_repro,-11.213549524439351
Thymus_vulgaris,-2.527,0.389,Hurdle_cond,T0-T3,INTER,1,FirstStepAtt,-0.005866973847378982
Thymus_vulgaris,-2.527,0.389,Hurdle_cond,T0-T3,INTER,1,Lambda,0.9926751959162854
Thymus_vulgaris,-2.527,0.389,Hurdle_cond,T0-T3,INTER,1,Lmax,5.964961904446033
Thymus_vulgaris,-2.527,0.389,Hurdle_cond,T0-T3,INTER,1,Lmean,4.459892288650257
Thymus_vulgaris,-2.527,0.389,Hurdle_cond,T0-T3,INTER,1,R0,-1.07189733945768
Thymus_vulgaris,-2.527,0.389,Hurdle_cond,T0-T3,INTER,1,Reactivity,0.010349758754626258
Thymus_vulgaris,-2.527,0.389,Hurdle_cond,T0-T3,INTER,1,T_generation,NA
Thymus_vulgaris,-2.527,0.389,Hurdle_cond,T0-T3,INTER,1,age_repro,NA
Thymus_vulgaris,-2.527,0.389,Hurdle_cond,T0-T3,INTER,1,percapita_repro,-5.143380039347928
Verbascum_thapsus,-1.85,0.37,Hurdle_cond,T0-T3,INTER,1,FirstStepAtt,-4.012613096092431
Verbascum_thapsus,-1.85,0.37,Hurdle_cond,T0-T3,INTER,1,Lambda,NA
Verbascum_thapsus,-1.85,0.37,Hurdle_cond,T0-T3,INTER,1,Lmax,0.6931471805599453
Verbascum_thapsus,-1.85,0.37,Hurdle_cond,T0-T3,INTER,1,Lmean,0.05129369438747054
Verbascum_thapsus,-1.85,0.37,Hurdle_cond,T0-T3,INTER,1,R0,3.381715911075376
Verbascum_thapsus,-1.85,0.37,Hurdle_cond,T0-T3,INTER,1,Reactivity,NA
Verbascum_thapsus,-1.85,0.37,Hurdle_cond,T0-T3,INTER,1,T_generation,0.7764348966557838
Verbascum_thapsus,-1.85,0.37,Hurdle_cond,T0-T3,INTER,1,age_repro,2.5523449856956373
Verbascum_thapsus,-1.85,0.37,Hurdle_cond,T0-T3,INTER,1,percapita_repro,NA
Veronica_arvensis,-2.914,0.238,Hurdle_cond,T0-T3,INTER,1,FirstStepAtt,-1.3609972168245543
Veronica_arvensis,-2.914,0.238,Hurdle_cond,T0-T3,INTER,1,Lambda,1.0575348190993947
Veronica_arvensis,-2.914,0.238,Hurdle_cond,T0-T3,INTER,1,Lmax,0.12924850454918937
Veronica_arvensis,-2.914,0.238,Hurdle_cond,T0-T3,INTER,1,Lmean,0.05244694819316372
Veronica_arvensis,-2.914,0.238,Hurdle_cond,T0-T3,INTER,1,R0,-0.014999404757933873
Veronica_arvensis,-2.914,0.238,Hurdle_cond,T0-T3,INTER,1,Reactivity,1.7913324339405632
Veronica_arvensis,-2.914,0.238,Hurdle_cond,T0-T3,INTER,1,T_generation,0.4178504962611216
Veronica_arvensis,-2.914,0.238,Hurdle_cond,T0-T3,INTER,1,age_repro,0.8907769885320955
Veronica_arvensis,-2.914,0.238,Hurdle_cond,T0-T3,INTER,1,percapita_repro,1.8152156216155975
Agrimonia_eupatoria,-1.963,0.255,Hurdle_zi,T0-T3,INTER,1,FirstStepAtt,-0.40426778811109665
Agrimonia_eupatoria,-1.963,0.255,Hurdle_zi,T0-T3,INTER,1,Lambda,0.99064442494128635
Agrimonia_eupatoria,-1.963,0.255,Hurdle_zi,T0-T3,INTER,1,Lmax,4.5330412476880015
Agrimonia_eupatoria,-1.963,0.255,Hurdle_zi,T0-T3,INTER,1,Lmean,2.276623485281897
Agrimonia_eupatoria,-1.963,0.255,Hurdle_zi,T0-T3,INTER,1,R0,-0.3812702083300579
Agrimonia_eupatoria,-1.963,0.255,Hurdle_zi,T0-T3,INTER,1,Reactivity,0.19207496843703886
Agrimonia_eupatoria,-1.963,0.255,Hurdle_zi,T0-T3,INTER,1,T_generation,3.6207086258222287
Agrimonia_eupatoria,-1.963,0.255,Hurdle_zi,T0-T3,INTER,1,age_repro,2.087394345070076
Agrimonia_eupatoria,-1.963,0.255,Hurdle_zi,T0-T3,INTER,1,percapita_repro,-1.5661843426366495
Allium_vineale,-2.012,0.435,Hurdle_zi,T0-T3,INTER,1,FirstStepAtt,-2.036030904211625
Allium_vineale,-2.012,0.435,Hurdle_zi,T0-T3,INTER,1,Lambda,1.170906773884173
Allium_vineale,-2.012,0.435,Hurdle_zi,T0-T3,INTER,1,Lmax,1.0986122886681098
Allium_vineale,-2.012,0.435,Hurdle_zi,T0-T3,INTER,1,Lmean,0.16647352389668973
Allium_vineale,-2.012,0.435,Hurdle_zi,T0-T3,INTER,1,R0,0.3408368280021561
Allium_vineale,-2.012,0.435,Hurdle_zi,T0-T3,INTER,1,Reactivity,2.1940830508207325
Allium_vineale,-2.012,0.435,Hurdle_zi,T0-T3,INTER,1,T_generation,0.7635325690826141
Allium_vineale,-2.012,0.435,Hurdle_zi,T0-T3,INTER,1,age_repro,1.2000990079409088
Allium_vineale,-2.012,0.435,Hurdle_zi,T0-T3,INTER,1,percapita_repro,2.3368650630604555
Andropogon_gerardii,0.104,0.214,Hurdle_zi,T0-T3,INTER,1,FirstStepAtt,-1.1908608264270113
Andropogon_gerardii,0.104,0.214,Hurdle_zi,T0-T3,INTER,1,Lambda,1.50587325216984
Andropogon_gerardii,0.104,0.214,Hurdle_zi,T0-T3,INTER,1,Lmax,1.764891121214301
Andropogon_gerardii,0.104,0.214,Hurdle_zi,T0-T3,INTER,1,Lmean,0.6723210807858808
Andropogon_gerardii,0.104,0.214,Hurdle_zi,T0-T3,INTER,1,R0,0.8354773555720532
Andropogon_gerardii,0.104,0.214,Hurdle_zi,T0-T3,INTER,1,Reactivity,1.7926841280473305
Andropogon_gerardii,0.104,0.214,Hurdle_zi,T0-T3,INTER,1,T_generation,0.7395193223181741
Andropogon_gerardii,0.104,0.214,Hurdle_zi,T0-T3,INTER,1,age_repro,0.7862530575220442
Andropogon_gerardii,0.104,0.214,Hurdle_zi,T0-T3,INTER,1,percapita_repro,2.0924307697315556
Arenaria_serpyllifolia,-1.88,0.288,Hurdle_zi,T0-T3,INTER,1,FirstStepAtt,-2.2176497264357233
Arenaria_serpyllifolia,-1.88,0.288,Hurdle_zi,T0-T3,INTER,1,Lambda,0.860684361881849
Arenaria_serpyllifolia,-1.88,0.288,Hurdle_zi,T0-T3,INTER,1,Lmax,0
Arenaria_serpyllifolia,-1.88,0.288,Hurdle_zi,T0-T3,INTER,1,Lmean,0
Arenaria_serpyllifolia,-1.88,0.288,Hurdle_zi,T0-T3,INTER,1,R0,0.13128547046852534
Arenaria_serpyllifolia,-1.88,0.288,Hurdle_zi,T0-T3,INTER,1,Reactivity,2.5929750386335604
Arenaria_serpyllifolia,-1.88,0.288,Hurdle_zi,T0-T3,INTER,1,T_generation,0.16988583066600282
Arenaria_serpyllifolia,-1.88,0.288,Hurdle_zi,T0-T3,INTER,1,age_repro,0.8303384136066279
Arenaria_serpyllifolia,-1.88,0.288,Hurdle_zi,T0-T3,INTER,1,percapita_repro,2.639396025140823
Armeria_maritima,-2.13,0.339,Hurdle_zi,T0-T3,INTER,1,FirstStepAtt,-2.2414258727445255
Armeria_maritima,-2.13,0.339,Hurdle_zi,T0-T3,INTER,1,Lambda,1.458043853064239
Armeria_maritima,-2.13,0.339,Hurdle_zi,T0-T3,INTER,1,Lmax,2.995732273553991
Armeria_maritima,-2.13,0.339,Hurdle_zi,T0-T3,INTER,1,Lmean,0.6122577291406874
Armeria_maritima,-2.13,0.339,Hurdle_zi,T0-T3,INTER,1,R0,4.445083646052526
Armeria_maritima,-2.13,0.339,Hurdle_zi,T0-T3,INTER,1,Reactivity,5.495776723555247
Armeria_maritima,-2.13,0.339,Hurdle_zi,T0-T3,INTER,1,T_generation,2.099604255961898
Armeria_maritima,-2.13,0.339,Hurdle_zi,T0-T3,INTER,1,age_repro,1.5255005163472148
Armeria_maritima,-2.13,0.339,Hurdle_zi,T0-T3,INTER,1,percapita_repro,3.617282020171661
Centaurea_jacea,-1.949,0.267,Hurdle_zi,T0-T3,INTER,1,FirstStepAtt,-0.6368104471974831
Centaurea_jacea,-1.949,0.267,Hurdle_zi,T0-T3,INTER,1,Lambda,0.9157150879324936
Centaurea_jacea,-1.949,0.267,Hurdle_zi,T0-T3,INTER,1,Lmax,2.4003251984703664
Centaurea_jacea,-1.949,0.267,Hurdle_zi,T0-T3,INTER,1,Lmean,1.3722715793325009
Centaurea_jacea,-1.949,0.267,Hurdle_zi,T0-T3,INTER,1,R0,-3.4842742317189583
Centaurea_jacea,-1.949,0.267,Hurdle_zi,T0-T3,INTER,1,Reactivity,0.41685764138114395
Centaurea_jacea,-1.949,0.267,Hurdle_zi,T0-T3,INTER,1,T_generation,2.978872381362829
Centaurea_jacea,-1.949,0.267,Hurdle_zi,T0-T3,INTER,1,age_repro,1.6363011514297372
Centaurea_jacea,-1.949,0.267,Hurdle_zi,T0-T3,INTER,1,percapita_repro,-1.7828083742933423
Cerastium_fontanum,-2.038,0.169,Hurdle_zi,T0-T3,INTER,1,FirstStepAtt,-2.696031853083466
Cerastium_fontanum,-2.038,0.169,Hurdle_zi,T0-T3,INTER,1,Lambda,NA
Cerastium_fontanum,-2.038,0.169,Hurdle_zi,T0-T3,INTER,1,Lmax,0
Cerastium_fontanum,-2.038,0.169,Hurdle_zi,T0-T3,INTER,1,Lmean,0
Cerastium_fontanum,-2.038,0.169,Hurdle_zi,T0-T3,INTER,1,R0,1.5184623246973081
Cerastium_fontanum,-2.038,0.169,Hurdle_zi,T0-T3,INTER,1,Reactivity,3.027270925563423
Cerastium_fontanum,-2.038,0.169,Hurdle_zi,T0-T3,INTER,1,T_generation,0.005048904923272251
Cerastium_fontanum,-2.038,0.169,Hurdle_zi,T0-T3,INTER,1,age_repro,0.8873031950009029
Cerastium_fontanum,-2.038,0.169,Hurdle_zi,T0-T3,INTER,1,percapita_repro,4.522657764413627
Cirsium_arvense,-1.653,0.207,Hurdle_zi,T0-T3,INTER,1,FirstStepAtt,-3.3290015249469986
Cirsium_arvense,-1.653,0.207,Hurdle_zi,T0-T3,INTER,1,Lambda,NA
Cirsium_arvense,-1.653,0.207,Hurdle_zi,T0-T3,INTER,1,Lmax,1.0986122886681098
Cirsium_arvense,-1.653,0.207,Hurdle_zi,T0-T3,INTER,1,Lmean,0.1699960817758222
Cirsium_arvense,-1.653,0.207,Hurdle_zi,T0-T3,INTER,1,R0,3.228914980534981
Cirsium_arvense,-1.653,0.207,Hurdle_zi,T0-T3,INTER,1,Reactivity,4.0664130997692896
Cirsium_arvense,-1.653,0.207,Hurdle_zi,T0-T3,INTER,1,T_generation,0.7703612247372394
Cirsium_arvense,-1.653,0.207,Hurdle_zi,T0-T3,INTER,1,age_repro,1.162546762671639
Cirsium_arvense,-1.653,0.207,Hurdle_zi,T0-T3,INTER,1,percapita_repro,5.427985054670073
Cirsium_palustre,-2.005,0.481,Hurdle_zi,T0-T3,INTER,1,FirstStepAtt,-2.5937654771378247
Cirsium_palustre,-2.005,0.481,Hurdle_zi,T0-T3,INTER,1,Lambda,1.4428002172428838
Cirsium_palustre,-2.005,0.481,Hurdle_zi,T0-T3,INTER,1,Lmax,1.5273118956910914
Cirsium_palustre,-2.005,0.481,Hurdle_zi,T0-T3,INTER,1,Lmean,0.20135107219302092
Cirsium_palustre,-2.005,0.481,Hurdle_zi,T0-T3,INTER,1,R0,1.2807231364002392
Cirsium_palustre,-2.005,0.481,Hurdle_zi,T0-T3,INTER,1,Reactivity,4.898747288058175
Cirsium_palustre,-2.005,0.481,Hurdle_zi,T0-T3,INTER,1,T_generation,1.2255759905166659
Cirsium_palustre,-2.005,0.481,Hurdle_zi,T0-T3,INTER,1,age_repro,1.534647496889771
Cirsium_palustre,-2.005,0.481,Hurdle_zi,T0-T3,INTER,1,percapita_repro,4.957313127808717
Cirsium_vulgare,-1.97,0.328,Hurdle_zi,T0-T3,INTER,1,FirstStepAtt,-3.1910655226282234
Cirsium_vulgare,-1.97,0.328,Hurdle_zi,T0-T3,INTER,1,Lambda,0.7844344795818798
Cirsium_vulgare,-1.97,0.328,Hurdle_zi,T0-T3,INTER,1,Lmax,1.507973248367974
Cirsium_vulgare,-1.97,0.328,Hurdle_zi,T0-T3,INTER,1,Lmean,0.3479988332516422
Cirsium_vulgare,-1.97,0.328,Hurdle_zi,T0-T3,INTER,1,R0,-1.420279247517773
Cirsium_vulgare,-1.97,0.328,Hurdle_zi,T0-T3,INTER,1,Reactivity,2.641485998869525
Cirsium_vulgare,-1.97,0.328,Hurdle_zi,T0-T3,INTER,1,T_generation,1.4828783988333107
Cirsium_vulgare,-1.97,0.328,Hurdle_zi,T0-T3,INTER,1,age_repro,0.9323966804077027
Cirsium_vulgare,-1.97,0.328,Hurdle_zi,T0-T3,INTER,1,percapita_repro,1.89963041219607
Cytisus_scoparius,-1.87,0.494,Hurdle_zi,T0-T3,INTER,1,FirstStepAtt,-1.080580313452844
Cytisus_scoparius,-1.87,0.494,Hurdle_zi,T0-T3,INTER,1,Lambda,1.2132924652538926
Cytisus_scoparius,-1.87,0.494,Hurdle_zi,T0-T3,INTER,1,Lmax,3.4362872742721846
Cytisus_scoparius,-1.87,0.494,Hurdle_zi,T0-T3,INTER,1,Lmean,1.6108317812687711
Cytisus_scoparius,-1.87,0.494,Hurdle_zi,T0-T3,INTER,1,R0,1.2836591821667371
Cytisus_scoparius,-1.87,0.494,Hurdle_zi,T0-T3,INTER,1,Reactivity,7.2558813136686915
Cytisus_scoparius,-1.87,0.494,Hurdle_zi,T0-T3,INTER,1,T_generation,2.5531837176158607
Cytisus_scoparius,-1.87,0.494,Hurdle_zi,T0-T3,INTER,1,age_repro,1.7233105661137673
Cytisus_scoparius,-1.87,0.494,Hurdle_zi,T0-T3,INTER,1,percapita_repro,5.712086717106163
Daucus_carota,-1.696,0.227,Hurdle_zi,T0-T3,INTER,1,FirstStepAtt,-4.040610337013186
Daucus_carota,-1.696,0.227,Hurdle_zi,T0-T3,INTER,1,Lambda,1.7161044748521754
Daucus_carota,-1.696,0.227,Hurdle_zi,T0-T3,INTER,1,Lmax,1.0986122886681098
Daucus_carota,-1.696,0.227,Hurdle_zi,T0-T3,INTER,1,Lmean,0.31834252276646996
Daucus_carota,-1.696,0.227,Hurdle_zi,T0-T3,INTER,1,R0,1.8196701629274532
Daucus_carota,-1.696,0.227,Hurdle_zi,T0-T3,INTER,1,Reactivity,NA
Daucus_carota,-1.696,0.227,Hurdle_zi,T0-T3,INTER,1,T_generation,1.189773196967312
Daucus_carota,-1.696,0.227,Hurdle_zi,T0-T3,INTER,1,age_repro,1.431272611901774
Daucus_carota,-1.696,0.227,Hurdle_zi,T0-T3,INTER,1,percapita_repro,NA
Echium_vulgare,-0.649,0.38,Hurdle_zi,T0-T3,INTER,1,FirstStepAtt,-1.4808281568478858
Echium_vulgare,-0.649,0.38,Hurdle_zi,T0-T3,INTER,1,Lambda,1.54759800300862
Echium_vulgare,-0.649,0.38,Hurdle_zi,T0-T3,INTER,1,Lmax,1.3862943611198906
Echium_vulgare,-0.649,0.38,Hurdle_zi,T0-T3,INTER,1,Lmean,0.5010758488001458
Echium_vulgare,-0.649,0.38,Hurdle_zi,T0-T3,INTER,1,R0,1.6034012709220467
Echium_vulgare,-0.649,0.38,Hurdle_zi,T0-T3,INTER,1,Reactivity,3.2663741200499037
Echium_vulgare,-0.649,0.38,Hurdle_zi,T0-T3,INTER,1,T_generation,1.287139504575711
Echium_vulgare,-0.649,0.38,Hurdle_zi,T0-T3,INTER,1,age_repro,1.3132909952863716
Echium_vulgare,-0.649,0.38,Hurdle_zi,T0-T3,INTER,1,percapita_repro,3.7030781735137492
Elymus_repens,-1.26,0.209,Hurdle_zi,T0-T3,INTER,1,FirstStepAtt,-19.608981934788076
Elymus_repens,-1.26,0.209,Hurdle_zi,T0-T3,INTER,1,Lambda,NA
Elymus_repens,-1.26,0.209,Hurdle_zi,T0-T3,INTER,1,Lmax,0.6931471805599453
Elymus_repens,-1.26,0.209,Hurdle_zi,T0-T3,INTER,1,Lmean,0.34830572665687204
Elymus_repens,-1.26,0.209,Hurdle_zi,T0-T3,INTER,1,R0,4.306802628082906
Elymus_repens,-1.26,0.209,Hurdle_zi,T0-T3,INTER,1,Reactivity,NA
Elymus_repens,-1.26,0.209,Hurdle_zi,T0-T3,INTER,1,T_generation,0.00771453240913415
Elymus_repens,-1.26,0.209,Hurdle_zi,T0-T3,INTER,1,age_repro,0
Elymus_repens,-1.26,0.209,Hurdle_zi,T0-T3,INTER,1,percapita_repro,-5.74205469871386
Erigeron_canadensis,-2.38,0.28,Hurdle_zi,T0-T3,INTER,1,FirstStepAtt,-2.9940372183428647
Erigeron_canadensis,-2.38,0.28,Hurdle_zi,T0-T3,INTER,1,Lambda,NA
Erigeron_canadensis,-2.38,0.28,Hurdle_zi,T0-T3,INTER,1,Lmax,0
Erigeron_canadensis,-2.38,0.28,Hurdle_zi,T0-T3,INTER,1,Lmean,0
Erigeron_canadensis,-2.38,0.28,Hurdle_zi,T0-T3,INTER,1,R0,2.750423016465953
Erigeron_canadensis,-2.38,0.28,Hurdle_zi,T0-T3,INTER,1,Reactivity,3.7256901124743216
Erigeron_canadensis,-2.38,0.28,Hurdle_zi,T0-T3,INTER,1,T_generation,0.1300250884192771
Erigeron_canadensis,-2.38,0.28,Hurdle_zi,T0-T3,INTER,1,age_repro,0.9159908368351705
Erigeron_canadensis,-2.38,0.28,Hurdle_zi,T0-T3,INTER,1,percapita_repro,5.684089841310465
Knautia_arvensis,-1.603,0.315,Hurdle_zi,T0-T3,INTER,1,FirstStepAtt,-2.956373754274904
Knautia_arvensis,-1.603,0.315,Hurdle_zi,T0-T3,INTER,1,Lambda,0.30764990872892994
Knautia_arvensis,-1.603,0.315,Hurdle_zi,T0-T3,INTER,1,Lmax,0.6931471805599453
Knautia_arvensis,-1.603,0.315,Hurdle_zi,T0-T3,INTER,1,Lmean,0.022139719151234638
Knautia_arvensis,-1.603,0.315,Hurdle_zi,T0-T3,INTER,1,R0,-9.95071325619903
Knautia_arvensis,-1.603,0.315,Hurdle_zi,T0-T3,INTER,1,Reactivity,0.35097071858090473
Knautia_arvensis,-1.603,0.315,Hurdle_zi,T0-T3,INTER,1,T_generation,NA
Knautia_arvensis,-1.603,0.315,Hurdle_zi,T0-T3,INTER,1,age_repro,0.9322894183877876
Knautia_arvensis,-1.603,0.315,Hurdle_zi,T0-T3,INTER,1,percapita_repro,-4.367646677748796
Lactuca_serriola,-2.065,0.334,Hurdle_zi,T0-T3,INTER,1,FirstStepAtt,-2.5276283678174485
Lactuca_serriola,-2.065,0.334,Hurdle_zi,T0-T3,INTER,1,Lambda,NA
Lactuca_serriola,-2.065,0.334,Hurdle_zi,T0-T3,INTER,1,Lmax,0
Lactuca_serriola,-2.065,0.334,Hurdle_zi,T0-T3,INTER,1,Lmean,0
Lactuca_serriola,-2.065,0.334,Hurdle_zi,T0-T3,INTER,1,R0,2.961708269076509
Lactuca_serriola,-2.065,0.334,Hurdle_zi,T0-T3,INTER,1,Reactivity,5.096932718325193
Lactuca_serriola,-2.065,0.334,Hurdle_zi,T0-T3,INTER,1,T_generation,0.08738433516364566
Lactuca_serriola,-2.065,0.334,Hurdle_zi,T0-T3,INTER,1,age_repro,1.2839753424841123
Lactuca_serriola,-2.065,0.334,Hurdle_zi,T0-T3,INTER,1,percapita_repro,7.147653680580111
Linum_catharticum,-2.115,0.292,Hurdle_zi,T0-T3,INTER,1,FirstStepAtt,-3.1953085121694222
Linum_catharticum,-2.115,0.292,Hurdle_zi,T0-T3,INTER,1,Lambda,NA
Linum_catharticum,-2.115,0.292,Hurdle_zi,T0-T3,INTER,1,Lmax,2.0794415416798357
Linum_catharticum,-2.115,0.292,Hurdle_zi,T0-T3,INTER,1,Lmean,0.7715798705141755
Linum_catharticum,-2.115,0.292,Hurdle_zi,T0-T3,INTER,1,R0,1.7942778474769048
Linum_catharticum,-2.115,0.292,Hurdle_zi,T0-T3,INTER,1,Reactivity,3.8165083573910685
Linum_catharticum,-2.115,0.292,Hurdle_zi,T0-T3,INTER,1,T_generation,0.30079171330480015
Linum_catharticum,-2.115,0.292,Hurdle_zi,T0-T3,INTER,1,age_repro,0.7034715243015948
Linum_catharticum,-2.115,0.292,Hurdle_zi,T0-T3,INTER,1,percapita_repro,3.0328521355315146
Myosotis_ramosissima,-2.127,0.337,Hurdle_zi,T0-T3,INTER,1,FirstStepAtt,-3.6870030575668453
Myosotis_ramosissima,-2.127,0.337,Hurdle_zi,T0-T3,INTER,1,Lambda,1.4558843238144925
Myosotis_ramosissima,-2.127,0.337,Hurdle_zi,T0-T3,INTER,1,Lmax,0
Myosotis_ramosissima,-2.127,0.337,Hurdle_zi,T0-T3,INTER,1,Lmean,0
Myosotis_ramosissima,-2.127,0.337,Hurdle_zi,T0-T3,INTER,1,R0,1.3761933951892638
Myosotis_ramosissima,-2.127,0.337,Hurdle_zi,T0-T3,INTER,1,Reactivity,0.48764865977290195
Myosotis_ramosissima,-2.127,0.337,Hurdle_zi,T0-T3,INTER,1,T_generation,0.013734478546359119
Myosotis_ramosissima,-2.127,0.337,Hurdle_zi,T0-T3,INTER,1,age_repro,0.7154702161542037
Myosotis_ramosissima,-2.127,0.337,Hurdle_zi,T0-T3,INTER,1,percapita_repro,1.826732983425593
Picris_hieracioides,-1.281,0.217,Hurdle_zi,T0-T3,INTER,1,FirstStepAtt,-4.012603074068456
Picris_hieracioides,-1.281,0.217,Hurdle_zi,T0-T3,INTER,1,Lambda,0.8846497432296893
Picris_hieracioides,-1.281,0.217,Hurdle_zi,T0-T3,INTER,1,Lmax,0.6931471805599453
Picris_hieracioides,-1.281,0.217,Hurdle_zi,T0-T3,INTER,1,Lmean,0.025497751793431413
Picris_hieracioides,-1.281,0.217,Hurdle_zi,T0-T3,INTER,1,R0,-0.5012341883972119
Picris_hieracioides,-1.281,0.217,Hurdle_zi,T0-T3,INTER,1,Reactivity,5.739334580340471
Picris_hieracioides,-1.281,0.217,Hurdle_zi,T0-T3,INTER,1,T_generation,1.4151934417967624
Picris_hieracioides,-1.281,0.217,Hurdle_zi,T0-T3,INTER,1,age_repro,1.5430234695350933
Picris_hieracioides,-1.281,0.217,Hurdle_zi,T0-T3,INTER,1,percapita_repro,5.616771097666572
Pimpinella_saxifraga,-1.567,0.352,Hurdle_zi,T0-T3,INTER,1,FirstStepAtt,-0.5923077657542147
Pimpinella_saxifraga,-1.567,0.352,Hurdle_zi,T0-T3,INTER,1,Lambda,0.9547406316474248
Pimpinella_saxifraga,-1.567,0.352,Hurdle_zi,T0-T3,INTER,1,Lmax,3.2778313935718644
Pimpinella_saxifraga,-1.567,0.352,Hurdle_zi,T0-T3,INTER,1,Lmean,1.3985454207581605
Pimpinella_saxifraga,-1.567,0.352,Hurdle_zi,T0-T3,INTER,1,R0,-0.7090626241047243
Pimpinella_saxifraga,-1.567,0.352,Hurdle_zi,T0-T3,INTER,1,Reactivity,0.9233752615973371
Pimpinella_saxifraga,-1.567,0.352,Hurdle_zi,T0-T3,INTER,1,T_generation,2.7756138699245225
Pimpinella_saxifraga,-1.567,0.352,Hurdle_zi,T0-T3,INTER,1,age_repro,1.7819632124517442
Pimpinella_saxifraga,-1.567,0.352,Hurdle_zi,T0-T3,INTER,1,percapita_repro,-0.1635626778133
Plantago_coronopus,-1.559,0.257,Hurdle_zi,T0-T3,INTER,1,FirstStepAtt,-1.0607821044920802
Plantago_coronopus,-1.559,0.257,Hurdle_zi,T0-T3,INTER,1,Lambda,0.8883340096307588
Plantago_coronopus,-1.559,0.257,Hurdle_zi,T0-T3,INTER,1,Lmax,1.907994489728227
Plantago_coronopus,-1.559,0.257,Hurdle_zi,T0-T3,INTER,1,Lmean,0.5836315540514999
Plantago_coronopus,-1.559,0.257,Hurdle_zi,T0-T3,INTER,1,R0,-0.7679497099488539
Plantago_coronopus,-1.559,0.257,Hurdle_zi,T0-T3,INTER,1,Reactivity,1.2700917455756844
Plantago_coronopus,-1.559,0.257,Hurdle_zi,T0-T3,INTER,1,T_generation,1.4792349913940708
Plantago_coronopus,-1.559,0.257,Hurdle_zi,T0-T3,INTER,1,age_repro,0.7227032675127357
Plantago_coronopus,-1.559,0.257,Hurdle_zi,T0-T3,INTER,1,percapita_repro,-0.16078899600806454
Plantago_media,-1.847,0.35,Hurdle_zi,T0-T3,INTER,1,FirstStepAtt,-2.5216721506920545
Plantago_media,-1.847,0.35,Hurdle_zi,T0-T3,INTER,1,Lambda,0.9166479924897526
Plantago_media,-1.847,0.35,Hurdle_zi,T0-T3,INTER,1,Lmax,1.7178918965462198
Plantago_media,-1.847,0.35,Hurdle_zi,T0-T3,INTER,1,Lmean,0.240093455091011
Plantago_media,-1.847,0.35,Hurdle_zi,T0-T3,INTER,1,R0,-3.703632943874186
Plantago_media,-1.847,0.35,Hurdle_zi,T0-T3,INTER,1,Reactivity,0.9115891884505661
Plantago_media,-1.847,0.35,Hurdle_zi,T0-T3,INTER,1,T_generation,3.2830740541662764
Plantago_media,-1.847,0.35,Hurdle_zi,T0-T3,INTER,1,age_repro,2.050568331584061
Plantago_media,-1.847,0.35,Hurdle_zi,T0-T3,INTER,1,percapita_repro,0.21247852101489456
Potentilla_recta,-1.813,0.366,Hurdle_zi,T0-T3,INTER,1,FirstStepAtt,-1.2072466251783427
Potentilla_recta,-1.813,0.366,Hurdle_zi,T0-T3,INTER,1,Lambda,1.3233051390988662
Potentilla_recta,-1.813,0.366,Hurdle_zi,T0-T3,INTER,1,Lmax,2.8995463272302633
Potentilla_recta,-1.813,0.366,Hurdle_zi,T0-T3,INTER,1,Lmean,1.114174982541197
Potentilla_recta,-1.813,0.366,Hurdle_zi,T0-T3,INTER,1,R0,-Inf
Potentilla_recta,-1.813,0.366,Hurdle_zi,T0-T3,INTER,1,Reactivity,2.3355670141886495
Potentilla_recta,-1.813,0.366,Hurdle_zi,T0-T3,INTER,1,T_generation,1.1285664763465502
Potentilla_recta,-1.813,0.366,Hurdle_zi,T0-T3,INTER,1,age_repro,1.470241457035962
Potentilla_recta,-1.813,0.366,Hurdle_zi,T0-T3,INTER,1,percapita_repro,5.184136566294191
Primula_elatior,-1.873,0.494,Hurdle_zi,T0-T3,INTER,1,FirstStepAtt,-2.5752591198739894
Primula_elatior,-1.873,0.494,Hurdle_zi,T0-T3,INTER,1,Lambda,1.0243599289476764
Primula_elatior,-1.873,0.494,Hurdle_zi,T0-T3,INTER,1,Lmax,3.078214221499716
Primula_elatior,-1.873,0.494,Hurdle_zi,T0-T3,INTER,1,Lmean,0.9348686606054332
Primula_elatior,-1.873,0.494,Hurdle_zi,T0-T3,INTER,1,R0,-0.1983437887657272
Primula_elatior,-1.873,0.494,Hurdle_zi,T0-T3,INTER,1,Reactivity,1.2375774274497275
Primula_elatior,-1.873,0.494,Hurdle_zi,T0-T3,INTER,1,T_generation,2.774342942782747
Primula_elatior,-1.873,0.494,Hurdle_zi,T0-T3,INTER,1,age_repro,1.5965918444925693
Primula_elatior,-1.873,0.494,Hurdle_zi,T0-T3,INTER,1,percapita_repro,0.6906312588074858
Primula_veris,-1.913,0.383,Hurdle_zi,T0-T3,INTER,1,FirstStepAtt,-3.0996415326914413
Primula_veris,-1.913,0.383,Hurdle_zi,T0-T3,INTER,1,Lambda,0.9177166512186883
Primula_veris,-1.913,0.383,Hurdle_zi,T0-T3,INTER,1,Lmax,1.777554626801171
Primula_veris,-1.913,0.383,Hurdle_zi,T0-T3,INTER,1,Lmean,0.34573408996051475
Primula_veris,-1.913,0.383,Hurdle_zi,T0-T3,INTER,1,R0,-3.531205384831014
Primula_veris,-1.913,0.383,Hurdle_zi,T0-T3,INTER,1,Reactivity,1.8406103144604358
Primula_veris,-1.913,0.383,Hurdle_zi,T0-T3,INTER,1,T_generation,3.266151130174338
Primula_veris,-1.913,0.383,Hurdle_zi,T0-T3,INTER,1,age_repro,2.1007008996065113
Primula_veris,-1.913,0.383,Hurdle_zi,T0-T3,INTER,1,percapita_repro,1.3057574210790406
Ranunculus_acris,-1.941,0.173,Hurdle_zi,T0-T3,INTER,1,FirstStepAtt,-2.223673155588096
Ranunculus_acris,-1.941,0.173,Hurdle_zi,T0-T3,INTER,1,Lambda,1.1474253581153837
Ranunculus_acris,-1.941,0.173,Hurdle_zi,T0-T3,INTER,1,Lmax,1.791759469228055
Ranunculus_acris,-1.941,0.173,Hurdle_zi,T0-T3,INTER,1,Lmean,0.2694368352850546
Ranunculus_acris,-1.941,0.173,Hurdle_zi,T0-T3,INTER,1,R0,0.4291243489821683
Ranunculus_acris,-1.941,0.173,Hurdle_zi,T0-T3,INTER,1,Reactivity,1.8978523971700296
Ranunculus_acris,-1.941,0.173,Hurdle_zi,T0-T3,INTER,1,T_generation,1.3335494740785472
Ranunculus_acris,-1.941,0.173,Hurdle_zi,T0-T3,INTER,1,age_repro,1.1167312512505851
Ranunculus_acris,-1.941,0.173,Hurdle_zi,T0-T3,INTER,1,percapita_repro,1.9401794743463283
Ratibida_columnifera,-1.949,0.486,Hurdle_zi,T0-T3,INTER,1,FirstStepAtt,-0.002056079496990296
Ratibida_columnifera,-1.949,0.486,Hurdle_zi,T0-T3,INTER,1,Lambda,0.7243603858174655
Ratibida_columnifera,-1.949,0.486,Hurdle_zi,T0-T3,INTER,1,Lmax,0.8751993382067543
Ratibida_columnifera,-1.949,0.486,Hurdle_zi,T0-T3,INTER,1,Lmean,0.15118484663816348
Ratibida_columnifera,-1.949,0.486,Hurdle_zi,T0-T3,INTER,1,R0,-0.18377717828257087
Ratibida_columnifera,-1.949,0.486,Hurdle_zi,T0-T3,INTER,1,Reactivity,0.0047432640012664016
Ratibida_columnifera,-1.949,0.486,Hurdle_zi,T0-T3,INTER,1,T_generation,0.18788835999659365
Ratibida_columnifera,-1.949,0.486,Hurdle_zi,T0-T3,INTER,1,age_repro,0
Ratibida_columnifera,-1.949,0.486,Hurdle_zi,T0-T3,INTER,1,percapita_repro,-0.3349620249207343
Scabiosa_columbaria,-1.878,0.493,Hurdle_zi,T0-T3,INTER,1,FirstStepAtt,-0.25733963460191384
Scabiosa_columbaria,-1.878,0.493,Hurdle_zi,T0-T3,INTER,1,Lambda,1.0296135539128584
Scabiosa_columbaria,-1.878,0.493,Hurdle_zi,T0-T3,INTER,1,Lmax,3.1354942159291497
Scabiosa_columbaria,-1.878,0.493,Hurdle_zi,T0-T3,INTER,1,Lmean,1.6713567260626774
Scabiosa_columbaria,-1.878,0.493,Hurdle_zi,T0-T3,INTER,1,R0,0.20533632722506642
Scabiosa_columbaria,-1.878,0.493,Hurdle_zi,T0-T3,INTER,1,Reactivity,1.8699344460843945
Scabiosa_columbaria,-1.878,0.493,Hurdle_zi,T0-T3,INTER,1,T_generation,1.9091809950068628
Scabiosa_columbaria,-1.878,0.493,Hurdle_zi,T0-T3,INTER,1,age_repro,1.8510989090143637
Scabiosa_columbaria,-1.878,0.493,Hurdle_zi,T0-T3,INTER,1,percapita_repro,1.7867469274045107
Sphaeralcea_coccinea,-1.95,0.349,Hurdle_zi,T0-T3,INTER,1,FirstStepAtt,-0.021668930362796438
Sphaeralcea_coccinea,-1.95,0.349,Hurdle_zi,T0-T3,INTER,1,Lambda,0.9140916052986946
Sphaeralcea_coccinea,-1.95,0.349,Hurdle_zi,T0-T3,INTER,1,Lmax,1.1291966833851346
Sphaeralcea_coccinea,-1.95,0.349,Hurdle_zi,T0-T3,INTER,1,Lmean,0.18479959171993668
Sphaeralcea_coccinea,-1.95,0.349,Hurdle_zi,T0-T3,INTER,1,R0,-0.1631566065473073
Sphaeralcea_coccinea,-1.95,0.349,Hurdle_zi,T0-T3,INTER,1,Reactivity,0.06479482429602482
Sphaeralcea_coccinea,-1.95,0.349,Hurdle_zi,T0-T3,INTER,1,T_generation,0.24224692726379177
Sphaeralcea_coccinea,-1.95,0.349,Hurdle_zi,T0-T3,INTER,1,age_repro,0
Sphaeralcea_coccinea,-1.95,0.349,Hurdle_zi,T0-T3,INTER,1,percapita_repro,-0.347956198267244
Stenaria_nigricans,-1.626,0.362,Hurdle_zi,T0-T3,INTER,1,FirstStepAtt,-0.001506241946231945
Stenaria_nigricans,-1.626,0.362,Hurdle_zi,T0-T3,INTER,1,Lambda,0.9901413361648121
Stenaria_nigricans,-1.626,0.362,Hurdle_zi,T0-T3,INTER,1,Lmax,0.8841014310483891
Stenaria_nigricans,-1.626,0.362,Hurdle_zi,T0-T3,INTER,1,Lmean,0.1061701762787086
Stenaria_nigricans,-1.626,0.362,Hurdle_zi,T0-T3,INTER,1,R0,0.21085254589803137
Stenaria_nigricans,-1.626,0.362,Hurdle_zi,T0-T3,INTER,1,Reactivity,0.009202684809058356
Stenaria_nigricans,-1.626,0.362,Hurdle_zi,T0-T3,INTER,1,T_generation,0.10216634557653173
Stenaria_nigricans,-1.626,0.362,Hurdle_zi,T0-T3,INTER,1,age_repro,0
Stenaria_nigricans,-1.626,0.362,Hurdle_zi,T0-T3,INTER,1,percapita_repro,0.10468236961932272
Taraxacum_campylodes,-2.028,0.358,Hurdle_zi,T0-T3,INTER,1,FirstStepAtt,-2.3531148413315983
Taraxacum_campylodes,-2.028,0.358,Hurdle_zi,T0-T3,INTER,1,Lambda,0.08041791145870329
Taraxacum_campylodes,-2.028,0.358,Hurdle_zi,T0-T3,INTER,1,Lmax,0.5493061443340549
Taraxacum_campylodes,-2.028,0.358,Hurdle_zi,T0-T3,INTER,1,Lmean,0.06773896227809098
Taraxacum_campylodes,-2.028,0.358,Hurdle_zi,T0-T3,INTER,1,R0,-Inf
Taraxacum_campylodes,-2.028,0.358,Hurdle_zi,T0-T3,INTER,1,Reactivity,2.4046693226371185
Taraxacum_campylodes,-2.028,0.358,Hurdle_zi,T0-T3,INTER,1,T_generation,NA
Taraxacum_campylodes,-2.028,0.358,Hurdle_zi,T0-T3,INTER,1,age_repro,0
Taraxacum_campylodes,-2.028,0.358,Hurdle_zi,T0-T3,INTER,1,percapita_repro,-11.213549524439351
Thymus_vulgaris,-1.869,0.391,Hurdle_zi,T0-T3,INTER,1,FirstStepAtt,-0.005866973847378982
Thymus_vulgaris,-1.869,0.391,Hurdle_zi,T0-T3,INTER,1,Lambda,0.9926751959162854
Thymus_vulgaris,-1.869,0.391,Hurdle_zi,T0-T3,INTER,1,Lmax,5.964961904446033
Thymus_vulgaris,-1.869,0.391,Hurdle_zi,T0-T3,INTER,1,Lmean,4.459892288650257
Thymus_vulgaris,-1.869,0.391,Hurdle_zi,T0-T3,INTER,1,R0,-1.07189733945768
Thymus_vulgaris,-1.869,0.391,Hurdle_zi,T0-T3,INTER,1,Reactivity,0.010349758754626258
Thymus_vulgaris,-1.869,0.391,Hurdle_zi,T0-T3,INTER,1,T_generation,NA
Thymus_vulgaris,-1.869,0.391,Hurdle_zi,T0-T3,INTER,1,age_repro,NA
Thymus_vulgaris,-1.869,0.391,Hurdle_zi,T0-T3,INTER,1,percapita_repro,-5.143380039347928
Verbascum_thapsus,-1.192,0.373,Hurdle_zi,T0-T3,INTER,1,FirstStepAtt,-4.012613096092431
Verbascum_thapsus,-1.192,0.373,Hurdle_zi,T0-T3,INTER,1,Lambda,NA
Verbascum_thapsus,-1.192,0.373,Hurdle_zi,T0-T3,INTER,1,Lmax,0.6931471805599453
Verbascum_thapsus,-1.192,0.373,Hurdle_zi,T0-T3,INTER,1,Lmean,0.05129369438747054
Verbascum_thapsus,-1.192,0.373,Hurdle_zi,T0-T3,INTER,1,R0,3.381715911075376
Verbascum_thapsus,-1.192,0.373,Hurdle_zi,T0-T3,INTER,1,Reactivity,NA
Verbascum_thapsus,-1.192,0.373,Hurdle_zi,T0-T3,INTER,1,T_generation,0.7764348966557838
Verbascum_thapsus,-1.192,0.373,Hurdle_zi,T0-T3,INTER,1,age_repro,2.5523449856956373
Verbascum_thapsus,-1.192,0.373,Hurdle_zi,T0-T3,INTER,1,percapita_repro,NA
Veronica_arvensis,-2.256,0.242,Hurdle_zi,T0-T3,INTER,1,FirstStepAtt,-1.3609972168245543
Veronica_arvensis,-2.256,0.242,Hurdle_zi,T0-T3,INTER,1,Lambda,1.0575348190993947
Veronica_arvensis,-2.256,0.242,Hurdle_zi,T0-T3,INTER,1,Lmax,0.12924850454918937
Veronica_arvensis,-2.256,0.242,Hurdle_zi,T0-T3,INTER,1,Lmean,0.05244694819316372
Veronica_arvensis,-2.256,0.242,Hurdle_zi,T0-T3,INTER,1,R0,-0.014999404757933873
Veronica_arvensis,-2.256,0.242,Hurdle_zi,T0-T3,INTER,1,Reactivity,1.7913324339405632
Veronica_arvensis,-2.256,0.242,Hurdle_zi,T0-T3,INTER,1,T_generation,0.4178504962611216
Veronica_arvensis,-2.256,0.242,Hurdle_zi,T0-T3,INTER,1,age_repro,0.8907769885320955
Veronica_arvensis,-2.256,0.242,Hurdle_zi,T0-T3,INTER,1,percapita_repro,1.8152156216155975
Agrimonia_eupatoria,-2.291,0.189,Ordbeta,T0-T3,INTER,1,FirstStepAtt,-0.40426778811109665
Agrimonia_eupatoria,-2.291,0.189,Ordbeta,T0-T3,INTER,1,Lambda,0.99064442494128635
Agrimonia_eupatoria,-2.291,0.189,Ordbeta,T0-T3,INTER,1,Lmax,4.5330412476880015
Agrimonia_eupatoria,-2.291,0.189,Ordbeta,T0-T3,INTER,1,Lmean,2.276623485281897
Agrimonia_eupatoria,-2.291,0.189,Ordbeta,T0-T3,INTER,1,R0,-0.3812702083300579
Agrimonia_eupatoria,-2.291,0.189,Ordbeta,T0-T3,INTER,1,Reactivity,0.19207496843703886
Agrimonia_eupatoria,-2.291,0.189,Ordbeta,T0-T3,INTER,1,T_generation,3.6207086258222287
Agrimonia_eupatoria,-2.291,0.189,Ordbeta,T0-T3,INTER,1,age_repro,2.087394345070076
Agrimonia_eupatoria,-2.291,0.189,Ordbeta,T0-T3,INTER,1,percapita_repro,-1.5661843426366495
Allium_vineale,-2.41,0.375,Ordbeta,T0-T3,INTER,1,FirstStepAtt,-2.036030904211625
Allium_vineale,-2.41,0.375,Ordbeta,T0-T3,INTER,1,Lambda,1.170906773884173
Allium_vineale,-2.41,0.375,Ordbeta,T0-T3,INTER,1,Lmax,1.0986122886681098
Allium_vineale,-2.41,0.375,Ordbeta,T0-T3,INTER,1,Lmean,0.16647352389668973
Allium_vineale,-2.41,0.375,Ordbeta,T0-T3,INTER,1,R0,0.3408368280021561
Allium_vineale,-2.41,0.375,Ordbeta,T0-T3,INTER,1,Reactivity,2.1940830508207325
Allium_vineale,-2.41,0.375,Ordbeta,T0-T3,INTER,1,T_generation,0.7635325690826141
Allium_vineale,-2.41,0.375,Ordbeta,T0-T3,INTER,1,age_repro,1.2000990079409088
Allium_vineale,-2.41,0.375,Ordbeta,T0-T3,INTER,1,percapita_repro,2.3368650630604555
Andropogon_gerardii,-0.254,0.188,Ordbeta,T0-T3,INTER,1,FirstStepAtt,-1.1908608264270113
Andropogon_gerardii,-0.254,0.188,Ordbeta,T0-T3,INTER,1,Lambda,1.50587325216984
Andropogon_gerardii,-0.254,0.188,Ordbeta,T0-T3,INTER,1,Lmax,1.764891121214301
Andropogon_gerardii,-0.254,0.188,Ordbeta,T0-T3,INTER,1,Lmean,0.6723210807858808
Andropogon_gerardii,-0.254,0.188,Ordbeta,T0-T3,INTER,1,R0,0.8354773555720532
Andropogon_gerardii,-0.254,0.188,Ordbeta,T0-T3,INTER,1,Reactivity,1.7926841280473305
Andropogon_gerardii,-0.254,0.188,Ordbeta,T0-T3,INTER,1,T_generation,0.7395193223181741
Andropogon_gerardii,-0.254,0.188,Ordbeta,T0-T3,INTER,1,age_repro,0.7862530575220442
Andropogon_gerardii,-0.254,0.188,Ordbeta,T0-T3,INTER,1,percapita_repro,2.0924307697315556
Arenaria_serpyllifolia,-2.333,0.247,Ordbeta,T0-T3,INTER,1,FirstStepAtt,-2.2176497264357233
Arenaria_serpyllifolia,-2.333,0.247,Ordbeta,T0-T3,INTER,1,Lambda,0.860684361881849
Arenaria_serpyllifolia,-2.333,0.247,Ordbeta,T0-T3,INTER,1,Lmax,0
Arenaria_serpyllifolia,-2.333,0.247,Ordbeta,T0-T3,INTER,1,Lmean,0
Arenaria_serpyllifolia,-2.333,0.247,Ordbeta,T0-T3,INTER,1,R0,0.13128547046852534
Arenaria_serpyllifolia,-2.333,0.247,Ordbeta,T0-T3,INTER,1,Reactivity,2.5929750386335604
Arenaria_serpyllifolia,-2.333,0.247,Ordbeta,T0-T3,INTER,1,T_generation,0.16988583066600282
Arenaria_serpyllifolia,-2.333,0.247,Ordbeta,T0-T3,INTER,1,age_repro,0.8303384136066279
Arenaria_serpyllifolia,-2.333,0.247,Ordbeta,T0-T3,INTER,1,percapita_repro,2.639396025140823
Armeria_maritima,-2.592,0.268,Ordbeta,T0-T3,INTER,1,FirstStepAtt,-2.2414258727445255
Armeria_maritima,-2.592,0.268,Ordbeta,T0-T3,INTER,1,Lambda,1.458043853064239
Armeria_maritima,-2.592,0.268,Ordbeta,T0-T3,INTER,1,Lmax,2.995732273553991
Armeria_maritima,-2.592,0.268,Ordbeta,T0-T3,INTER,1,Lmean,0.6122577291406874
Armeria_maritima,-2.592,0.268,Ordbeta,T0-T3,INTER,1,R0,4.445083646052526
Armeria_maritima,-2.592,0.268,Ordbeta,T0-T3,INTER,1,Reactivity,5.495776723555247
Armeria_maritima,-2.592,0.268,Ordbeta,T0-T3,INTER,1,T_generation,2.099604255961898
Armeria_maritima,-2.592,0.268,Ordbeta,T0-T3,INTER,1,age_repro,1.5255005163472148
Armeria_maritima,-2.592,0.268,Ordbeta,T0-T3,INTER,1,percapita_repro,3.617282020171661
Centaurea_jacea,-2.531,0.211,Ordbeta,T0-T3,INTER,1,FirstStepAtt,-0.6368104471974831
Centaurea_jacea,-2.531,0.211,Ordbeta,T0-T3,INTER,1,Lambda,0.9157150879324936
Centaurea_jacea,-2.531,0.211,Ordbeta,T0-T3,INTER,1,Lmax,2.4003251984703664
Centaurea_jacea,-2.531,0.211,Ordbeta,T0-T3,INTER,1,Lmean,1.3722715793325009
Centaurea_jacea,-2.531,0.211,Ordbeta,T0-T3,INTER,1,R0,-3.4842742317189583
Centaurea_jacea,-2.531,0.211,Ordbeta,T0-T3,INTER,1,Reactivity,0.41685764138114395
Centaurea_jacea,-2.531,0.211,Ordbeta,T0-T3,INTER,1,T_generation,2.978872381362829
Centaurea_jacea,-2.531,0.211,Ordbeta,T0-T3,INTER,1,age_repro,1.6363011514297372
Centaurea_jacea,-2.531,0.211,Ordbeta,T0-T3,INTER,1,percapita_repro,-1.7828083742933423
Cerastium_fontanum,-2.457,0.124,Ordbeta,T0-T3,INTER,1,FirstStepAtt,-2.696031853083466
Cerastium_fontanum,-2.457,0.124,Ordbeta,T0-T3,INTER,1,Lambda,NA
Cerastium_fontanum,-2.457,0.124,Ordbeta,T0-T3,INTER,1,Lmax,0
Cerastium_fontanum,-2.457,0.124,Ordbeta,T0-T3,INTER,1,Lmean,0
Cerastium_fontanum,-2.457,0.124,Ordbeta,T0-T3,INTER,1,R0,1.5184623246973081
Cerastium_fontanum,-2.457,0.124,Ordbeta,T0-T3,INTER,1,Reactivity,3.027270925563423
Cerastium_fontanum,-2.457,0.124,Ordbeta,T0-T3,INTER,1,T_generation,0.005048904923272251
Cerastium_fontanum,-2.457,0.124,Ordbeta,T0-T3,INTER,1,age_repro,0.8873031950009029
Cerastium_fontanum,-2.457,0.124,Ordbeta,T0-T3,INTER,1,percapita_repro,4.522657764413627
Cirsium_arvense,-2.095,0.162,Ordbeta,T0-T3,INTER,1,FirstStepAtt,-3.3290015249469986
Cirsium_arvense,-2.095,0.162,Ordbeta,T0-T3,INTER,1,Lambda,NA
Cirsium_arvense,-2.095,0.162,Ordbeta,T0-T3,INTER,1,Lmax,1.0986122886681098
Cirsium_arvense,-2.095,0.162,Ordbeta,T0-T3,INTER,1,Lmean,0.1699960817758222
Cirsium_arvense,-2.095,0.162,Ordbeta,T0-T3,INTER,1,R0,3.228914980534981
Cirsium_arvense,-2.095,0.162,Ordbeta,T0-T3,INTER,1,Reactivity,4.0664130997692896
Cirsium_arvense,-2.095,0.162,Ordbeta,T0-T3,INTER,1,T_generation,0.7703612247372394
Cirsium_arvense,-2.095,0.162,Ordbeta,T0-T3,INTER,1,age_repro,1.162546762671639
Cirsium_arvense,-2.095,0.162,Ordbeta,T0-T3,INTER,1,percapita_repro,5.427985054670073
Cirsium_palustre,-2.424,0.418,Ordbeta,T0-T3,INTER,1,FirstStepAtt,-2.5937654771378247
Cirsium_palustre,-2.424,0.418,Ordbeta,T0-T3,INTER,1,Lambda,1.4428002172428838
Cirsium_palustre,-2.424,0.418,Ordbeta,T0-T3,INTER,1,Lmax,1.5273118956910914
Cirsium_palustre,-2.424,0.418,Ordbeta,T0-T3,INTER,1,Lmean,0.20135107219302092
Cirsium_palustre,-2.424,0.418,Ordbeta,T0-T3,INTER,1,R0,1.2807231364002392
Cirsium_palustre,-2.424,0.418,Ordbeta,T0-T3,INTER,1,Reactivity,4.898747288058175
Cirsium_palustre,-2.424,0.418,Ordbeta,T0-T3,INTER,1,T_generation,1.2255759905166659
Cirsium_palustre,-2.424,0.418,Ordbeta,T0-T3,INTER,1,age_repro,1.534647496889771
Cirsium_palustre,-2.424,0.418,Ordbeta,T0-T3,INTER,1,percapita_repro,4.957313127808717
Cirsium_vulgare,-2.551,0.284,Ordbeta,T0-T3,INTER,1,FirstStepAtt,-3.1910655226282234
Cirsium_vulgare,-2.551,0.284,Ordbeta,T0-T3,INTER,1,Lambda,0.7844344795818798
Cirsium_vulgare,-2.551,0.284,Ordbeta,T0-T3,INTER,1,Lmax,1.507973248367974
Cirsium_vulgare,-2.551,0.284,Ordbeta,T0-T3,INTER,1,Lmean,0.3479988332516422
Cirsium_vulgare,-2.551,0.284,Ordbeta,T0-T3,INTER,1,R0,-1.420279247517773
Cirsium_vulgare,-2.551,0.284,Ordbeta,T0-T3,INTER,1,Reactivity,2.641485998869525
Cirsium_vulgare,-2.551,0.284,Ordbeta,T0-T3,INTER,1,T_generation,1.4828783988333107
Cirsium_vulgare,-2.551,0.284,Ordbeta,T0-T3,INTER,1,age_repro,0.9323966804077027
Cirsium_vulgare,-2.551,0.284,Ordbeta,T0-T3,INTER,1,percapita_repro,1.89963041219607
Cytisus_scoparius,-2.265,0.438,Ordbeta,T0-T3,INTER,1,FirstStepAtt,-1.080580313452844
Cytisus_scoparius,-2.265,0.438,Ordbeta,T0-T3,INTER,1,Lambda,1.2132924652538926
Cytisus_scoparius,-2.265,0.438,Ordbeta,T0-T3,INTER,1,Lmax,3.4362872742721846
Cytisus_scoparius,-2.265,0.438,Ordbeta,T0-T3,INTER,1,Lmean,1.6108317812687711
Cytisus_scoparius,-2.265,0.438,Ordbeta,T0-T3,INTER,1,R0,1.2836591821667371
Cytisus_scoparius,-2.265,0.438,Ordbeta,T0-T3,INTER,1,Reactivity,7.2558813136686915
Cytisus_scoparius,-2.265,0.438,Ordbeta,T0-T3,INTER,1,T_generation,2.5531837176158607
Cytisus_scoparius,-2.265,0.438,Ordbeta,T0-T3,INTER,1,age_repro,1.7233105661137673
Cytisus_scoparius,-2.265,0.438,Ordbeta,T0-T3,INTER,1,percapita_repro,5.712086717106163
Daucus_carota,-2.218,0.193,Ordbeta,T0-T3,INTER,1,FirstStepAtt,-4.040610337013186
Daucus_carota,-2.218,0.193,Ordbeta,T0-T3,INTER,1,Lambda,1.7161044748521754
Daucus_carota,-2.218,0.193,Ordbeta,T0-T3,INTER,1,Lmax,1.0986122886681098
Daucus_carota,-2.218,0.193,Ordbeta,T0-T3,INTER,1,Lmean,0.31834252276646996
Daucus_carota,-2.218,0.193,Ordbeta,T0-T3,INTER,1,R0,1.8196701629274532
Daucus_carota,-2.218,0.193,Ordbeta,T0-T3,INTER,1,Reactivity,NA
Daucus_carota,-2.218,0.193,Ordbeta,T0-T3,INTER,1,T_generation,1.189773196967312
Daucus_carota,-2.218,0.193,Ordbeta,T0-T3,INTER,1,age_repro,1.431272611901774
Daucus_carota,-2.218,0.193,Ordbeta,T0-T3,INTER,1,percapita_repro,NA
Echium_vulgare,-1.683,0.415,Ordbeta,T0-T3,INTER,1,FirstStepAtt,-1.4808281568478858
Echium_vulgare,-1.683,0.415,Ordbeta,T0-T3,INTER,1,Lambda,1.54759800300862
Echium_vulgare,-1.683,0.415,Ordbeta,T0-T3,INTER,1,Lmax,1.3862943611198906
Echium_vulgare,-1.683,0.415,Ordbeta,T0-T3,INTER,1,Lmean,0.5010758488001458
Echium_vulgare,-1.683,0.415,Ordbeta,T0-T3,INTER,1,R0,1.6034012709220467
Echium_vulgare,-1.683,0.415,Ordbeta,T0-T3,INTER,1,Reactivity,3.2663741200499037
Echium_vulgare,-1.683,0.415,Ordbeta,T0-T3,INTER,1,T_generation,1.287139504575711
Echium_vulgare,-1.683,0.415,Ordbeta,T0-T3,INTER,1,age_repro,1.3132909952863716
Echium_vulgare,-1.683,0.415,Ordbeta,T0-T3,INTER,1,percapita_repro,3.7030781735137492
Elymus_repens,-1.857,0.178,Ordbeta,T0-T3,INTER,1,FirstStepAtt,-19.608981934788076
Elymus_repens,-1.857,0.178,Ordbeta,T0-T3,INTER,1,Lambda,NA
Elymus_repens,-1.857,0.178,Ordbeta,T0-T3,INTER,1,Lmax,0.6931471805599453
Elymus_repens,-1.857,0.178,Ordbeta,T0-T3,INTER,1,Lmean,0.34830572665687204
Elymus_repens,-1.857,0.178,Ordbeta,T0-T3,INTER,1,R0,4.306802628082906
Elymus_repens,-1.857,0.178,Ordbeta,T0-T3,INTER,1,Reactivity,NA
Elymus_repens,-1.857,0.178,Ordbeta,T0-T3,INTER,1,T_generation,0.00771453240913415
Elymus_repens,-1.857,0.178,Ordbeta,T0-T3,INTER,1,age_repro,0
Elymus_repens,-1.857,0.178,Ordbeta,T0-T3,INTER,1,percapita_repro,-5.74205469871386
Erigeron_canadensis,-2.712,0.221,Ordbeta,T0-T3,INTER,1,FirstStepAtt,-2.9940372183428647
Erigeron_canadensis,-2.712,0.221,Ordbeta,T0-T3,INTER,1,Lambda,NA
Erigeron_canadensis,-2.712,0.221,Ordbeta,T0-T3,INTER,1,Lmax,0
Erigeron_canadensis,-2.712,0.221,Ordbeta,T0-T3,INTER,1,Lmean,0
Erigeron_canadensis,-2.712,0.221,Ordbeta,T0-T3,INTER,1,R0,2.750423016465953
Erigeron_canadensis,-2.712,0.221,Ordbeta,T0-T3,INTER,1,Reactivity,3.7256901124743216
Erigeron_canadensis,-2.712,0.221,Ordbeta,T0-T3,INTER,1,T_generation,0.1300250884192771
Erigeron_canadensis,-2.712,0.221,Ordbeta,T0-T3,INTER,1,age_repro,0.9159908368351705
Erigeron_canadensis,-2.712,0.221,Ordbeta,T0-T3,INTER,1,percapita_repro,5.684089841310465
Knautia_arvensis,-2.375,0.278,Ordbeta,T0-T3,INTER,1,FirstStepAtt,-2.956373754274904
Knautia_arvensis,-2.375,0.278,Ordbeta,T0-T3,INTER,1,Lambda,0.30764990872892994
Knautia_arvensis,-2.375,0.278,Ordbeta,T0-T3,INTER,1,Lmax,0.6931471805599453
Knautia_arvensis,-2.375,0.278,Ordbeta,T0-T3,INTER,1,Lmean,0.022139719151234638
Knautia_arvensis,-2.375,0.278,Ordbeta,T0-T3,INTER,1,R0,-9.95071325619903
Knautia_arvensis,-2.375,0.278,Ordbeta,T0-T3,INTER,1,Reactivity,0.35097071858090473
Knautia_arvensis,-2.375,0.278,Ordbeta,T0-T3,INTER,1,T_generation,NA
Knautia_arvensis,-2.375,0.278,Ordbeta,T0-T3,INTER,1,age_repro,0.9322894183877876
Knautia_arvensis,-2.375,0.278,Ordbeta,T0-T3,INTER,1,percapita_repro,-4.367646677748796
Lactuca_serriola,-2.59,0.293,Ordbeta,T0-T3,INTER,1,FirstStepAtt,-2.5276283678174485
Lactuca_serriola,-2.59,0.293,Ordbeta,T0-T3,INTER,1,Lambda,NA
Lactuca_serriola,-2.59,0.293,Ordbeta,T0-T3,INTER,1,Lmax,0
Lactuca_serriola,-2.59,0.293,Ordbeta,T0-T3,INTER,1,Lmean,0
Lactuca_serriola,-2.59,0.293,Ordbeta,T0-T3,INTER,1,R0,2.961708269076509
Lactuca_serriola,-2.59,0.293,Ordbeta,T0-T3,INTER,1,Reactivity,5.096932718325193
Lactuca_serriola,-2.59,0.293,Ordbeta,T0-T3,INTER,1,T_generation,0.08738433516364566
Lactuca_serriola,-2.59,0.293,Ordbeta,T0-T3,INTER,1,age_repro,1.2839753424841123
Lactuca_serriola,-2.59,0.293,Ordbeta,T0-T3,INTER,1,percapita_repro,7.147653680580111
Linum_catharticum,-2.445,0.22,Ordbeta,T0-T3,INTER,1,FirstStepAtt,-3.1953085121694222
Linum_catharticum,-2.445,0.22,Ordbeta,T0-T3,INTER,1,Lambda,NA
Linum_catharticum,-2.445,0.22,Ordbeta,T0-T3,INTER,1,Lmax,2.0794415416798357
Linum_catharticum,-2.445,0.22,Ordbeta,T0-T3,INTER,1,Lmean,0.7715798705141755
Linum_catharticum,-2.445,0.22,Ordbeta,T0-T3,INTER,1,R0,1.7942778474769048
Linum_catharticum,-2.445,0.22,Ordbeta,T0-T3,INTER,1,Reactivity,3.8165083573910685
Linum_catharticum,-2.445,0.22,Ordbeta,T0-T3,INTER,1,T_generation,0.30079171330480015
Linum_catharticum,-2.445,0.22,Ordbeta,T0-T3,INTER,1,age_repro,0.7034715243015948
Linum_catharticum,-2.445,0.22,Ordbeta,T0-T3,INTER,1,percapita_repro,3.0328521355315146
Myosotis_ramosissima,-2.54,0.291,Ordbeta,T0-T3,INTER,1,FirstStepAtt,-3.6870030575668453
Myosotis_ramosissima,-2.54,0.291,Ordbeta,T0-T3,INTER,1,Lambda,1.4558843238144925
Myosotis_ramosissima,-2.54,0.291,Ordbeta,T0-T3,INTER,1,Lmax,0
Myosotis_ramosissima,-2.54,0.291,Ordbeta,T0-T3,INTER,1,Lmean,0
Myosotis_ramosissima,-2.54,0.291,Ordbeta,T0-T3,INTER,1,R0,1.3761933951892638
Myosotis_ramosissima,-2.54,0.291,Ordbeta,T0-T3,INTER,1,Reactivity,0.48764865977290195
Myosotis_ramosissima,-2.54,0.291,Ordbeta,T0-T3,INTER,1,T_generation,0.013734478546359119
Myosotis_ramosissima,-2.54,0.291,Ordbeta,T0-T3,INTER,1,age_repro,0.7154702161542037
Myosotis_ramosissima,-2.54,0.291,Ordbeta,T0-T3,INTER,1,percapita_repro,1.826732983425593
Picris_hieracioides,-1.693,0.186,Ordbeta,T0-T3,INTER,1,FirstStepAtt,-4.012603074068456
Picris_hieracioides,-1.693,0.186,Ordbeta,T0-T3,INTER,1,Lambda,0.8846497432296893
Picris_hieracioides,-1.693,0.186,Ordbeta,T0-T3,INTER,1,Lmax,0.6931471805599453
Picris_hieracioides,-1.693,0.186,Ordbeta,T0-T3,INTER,1,Lmean,0.025497751793431413
Picris_hieracioides,-1.693,0.186,Ordbeta,T0-T3,INTER,1,R0,-0.5012341883972119
Picris_hieracioides,-1.693,0.186,Ordbeta,T0-T3,INTER,1,Reactivity,5.739334580340471
Picris_hieracioides,-1.693,0.186,Ordbeta,T0-T3,INTER,1,T_generation,1.4151934417967624
Picris_hieracioides,-1.693,0.186,Ordbeta,T0-T3,INTER,1,age_repro,1.5430234695350933
Picris_hieracioides,-1.693,0.186,Ordbeta,T0-T3,INTER,1,percapita_repro,5.616771097666572
Pimpinella_saxifraga,-2.087,0.304,Ordbeta,T0-T3,INTER,1,FirstStepAtt,-0.5923077657542147
Pimpinella_saxifraga,-2.087,0.304,Ordbeta,T0-T3,INTER,1,Lambda,0.9547406316474248
Pimpinella_saxifraga,-2.087,0.304,Ordbeta,T0-T3,INTER,1,Lmax,3.2778313935718644
Pimpinella_saxifraga,-2.087,0.304,Ordbeta,T0-T3,INTER,1,Lmean,1.3985454207581605
Pimpinella_saxifraga,-2.087,0.304,Ordbeta,T0-T3,INTER,1,R0,-0.7090626241047243
Pimpinella_saxifraga,-2.087,0.304,Ordbeta,T0-T3,INTER,1,Reactivity,0.9233752615973371
Pimpinella_saxifraga,-2.087,0.304,Ordbeta,T0-T3,INTER,1,T_generation,2.7756138699245225
Pimpinella_saxifraga,-2.087,0.304,Ordbeta,T0-T3,INTER,1,age_repro,1.7819632124517442
Pimpinella_saxifraga,-2.087,0.304,Ordbeta,T0-T3,INTER,1,percapita_repro,-0.1635626778133
Plantago_coronopus,-2.026,0.203,Ordbeta,T0-T3,INTER,1,FirstStepAtt,-1.0607821044920802
Plantago_coronopus,-2.026,0.203,Ordbeta,T0-T3,INTER,1,Lambda,0.8883340096307588
Plantago_coronopus,-2.026,0.203,Ordbeta,T0-T3,INTER,1,Lmax,1.907994489728227
Plantago_coronopus,-2.026,0.203,Ordbeta,T0-T3,INTER,1,Lmean,0.5836315540514999
Plantago_coronopus,-2.026,0.203,Ordbeta,T0-T3,INTER,1,R0,-0.7679497099488539
Plantago_coronopus,-2.026,0.203,Ordbeta,T0-T3,INTER,1,Reactivity,1.2700917455756844
Plantago_coronopus,-2.026,0.203,Ordbeta,T0-T3,INTER,1,T_generation,1.4792349913940708
Plantago_coronopus,-2.026,0.203,Ordbeta,T0-T3,INTER,1,age_repro,0.7227032675127357
Plantago_coronopus,-2.026,0.203,Ordbeta,T0-T3,INTER,1,percapita_repro,-0.16078899600806454
Plantago_media,-2.312,0.293,Ordbeta,T0-T3,INTER,1,FirstStepAtt,-2.5216721506920545
Plantago_media,-2.312,0.293,Ordbeta,T0-T3,INTER,1,Lambda,0.9166479924897526
Plantago_media,-2.312,0.293,Ordbeta,T0-T3,INTER,1,Lmax,1.7178918965462198
Plantago_media,-2.312,0.293,Ordbeta,T0-T3,INTER,1,Lmean,0.240093455091011
Plantago_media,-2.312,0.293,Ordbeta,T0-T3,INTER,1,R0,-3.703632943874186
Plantago_media,-2.312,0.293,Ordbeta,T0-T3,INTER,1,Reactivity,0.9115891884505661
Plantago_media,-2.312,0.293,Ordbeta,T0-T3,INTER,1,T_generation,3.2830740541662764
Plantago_media,-2.312,0.293,Ordbeta,T0-T3,INTER,1,age_repro,2.050568331584061
Plantago_media,-2.312,0.293,Ordbeta,T0-T3,INTER,1,percapita_repro,0.21247852101489456
Potentilla_recta,-2.204,0.306,Ordbeta,T0-T3,INTER,1,FirstStepAtt,-1.2072466251783427
Potentilla_recta,-2.204,0.306,Ordbeta,T0-T3,INTER,1,Lambda,1.3233051390988662
Potentilla_recta,-2.204,0.306,Ordbeta,T0-T3,INTER,1,Lmax,2.8995463272302633
Potentilla_recta,-2.204,0.306,Ordbeta,T0-T3,INTER,1,Lmean,1.114174982541197
Potentilla_recta,-2.204,0.306,Ordbeta,T0-T3,INTER,1,R0,-Inf
Potentilla_recta,-2.204,0.306,Ordbeta,T0-T3,INTER,1,Reactivity,2.3355670141886495
Potentilla_recta,-2.204,0.306,Ordbeta,T0-T3,INTER,1,T_generation,1.1285664763465502
Potentilla_recta,-2.204,0.306,Ordbeta,T0-T3,INTER,1,age_repro,1.470241457035962
Potentilla_recta,-2.204,0.306,Ordbeta,T0-T3,INTER,1,percapita_repro,5.184136566294191
Primula_elatior,-2.301,0.433,Ordbeta,T0-T3,INTER,1,FirstStepAtt,-2.5752591198739894
Primula_elatior,-2.301,0.433,Ordbeta,T0-T3,INTER,1,Lambda,1.0243599289476764
Primula_elatior,-2.301,0.433,Ordbeta,T0-T3,INTER,1,Lmax,3.078214221499716
Primula_elatior,-2.301,0.433,Ordbeta,T0-T3,INTER,1,Lmean,0.9348686606054332
Primula_elatior,-2.301,0.433,Ordbeta,T0-T3,INTER,1,R0,-0.1983437887657272
Primula_elatior,-2.301,0.433,Ordbeta,T0-T3,INTER,1,Reactivity,1.2375774274497275
Primula_elatior,-2.301,0.433,Ordbeta,T0-T3,INTER,1,T_generation,2.774342942782747
Primula_elatior,-2.301,0.433,Ordbeta,T0-T3,INTER,1,age_repro,1.5965918444925693
Primula_elatior,-2.301,0.433,Ordbeta,T0-T3,INTER,1,percapita_repro,0.6906312588074858
Primula_veris,-2.309,0.307,Ordbeta,T0-T3,INTER,1,FirstStepAtt,-3.0996415326914413
Primula_veris,-2.309,0.307,Ordbeta,T0-T3,INTER,1,Lambda,0.9177166512186883
Primula_veris,-2.309,0.307,Ordbeta,T0-T3,INTER,1,Lmax,1.777554626801171
Primula_veris,-2.309,0.307,Ordbeta,T0-T3,INTER,1,Lmean,0.34573408996051475
Primula_veris,-2.309,0.307,Ordbeta,T0-T3,INTER,1,R0,-3.531205384831014
Primula_veris,-2.309,0.307,Ordbeta,T0-T3,INTER,1,Reactivity,1.8406103144604358
Primula_veris,-2.309,0.307,Ordbeta,T0-T3,INTER,1,T_generation,3.266151130174338
Primula_veris,-2.309,0.307,Ordbeta,T0-T3,INTER,1,age_repro,2.1007008996065113
Primula_veris,-2.309,0.307,Ordbeta,T0-T3,INTER,1,percapita_repro,1.3057574210790406
Ranunculus_acris,-2.366,0.135,Ordbeta,T0-T3,INTER,1,FirstStepAtt,-2.223673155588096
Ranunculus_acris,-2.366,0.135,Ordbeta,T0-T3,INTER,1,Lambda,1.1474253581153837
Ranunculus_acris,-2.366,0.135,Ordbeta,T0-T3,INTER,1,Lmax,1.791759469228055
Ranunculus_acris,-2.366,0.135,Ordbeta,T0-T3,INTER,1,Lmean,0.2694368352850546
Ranunculus_acris,-2.366,0.135,Ordbeta,T0-T3,INTER,1,R0,0.4291243489821683
Ranunculus_acris,-2.366,0.135,Ordbeta,T0-T3,INTER,1,Reactivity,1.8978523971700296
Ranunculus_acris,-2.366,0.135,Ordbeta,T0-T3,INTER,1,T_generation,1.3335494740785472
Ranunculus_acris,-2.366,0.135,Ordbeta,T0-T3,INTER,1,age_repro,1.1167312512505851
Ranunculus_acris,-2.366,0.135,Ordbeta,T0-T3,INTER,1,percapita_repro,1.9401794743463283
Ratibida_columnifera,-2.36,0.426,Ordbeta,T0-T3,INTER,1,FirstStepAtt,-0.002056079496990296
Ratibida_columnifera,-2.36,0.426,Ordbeta,T0-T3,INTER,1,Lambda,0.7243603858174655
Ratibida_columnifera,-2.36,0.426,Ordbeta,T0-T3,INTER,1,Lmax,0.8751993382067543
Ratibida_columnifera,-2.36,0.426,Ordbeta,T0-T3,INTER,1,Lmean,0.15118484663816348
Ratibida_columnifera,-2.36,0.426,Ordbeta,T0-T3,INTER,1,R0,-0.18377717828257087
Ratibida_columnifera,-2.36,0.426,Ordbeta,T0-T3,INTER,1,Reactivity,0.0047432640012664016
Ratibida_columnifera,-2.36,0.426,Ordbeta,T0-T3,INTER,1,T_generation,0.18788835999659365
Ratibida_columnifera,-2.36,0.426,Ordbeta,T0-T3,INTER,1,age_repro,0
Ratibida_columnifera,-2.36,0.426,Ordbeta,T0-T3,INTER,1,percapita_repro,-0.3349620249207343
Scabiosa_columbaria,-2.43,0.432,Ordbeta,T0-T3,INTER,1,FirstStepAtt,-0.25733963460191384
Scabiosa_columbaria,-2.43,0.432,Ordbeta,T0-T3,INTER,1,Lambda,1.0296135539128584
Scabiosa_columbaria,-2.43,0.432,Ordbeta,T0-T3,INTER,1,Lmax,3.1354942159291497
Scabiosa_columbaria,-2.43,0.432,Ordbeta,T0-T3,INTER,1,Lmean,1.6713567260626774
Scabiosa_columbaria,-2.43,0.432,Ordbeta,T0-T3,INTER,1,R0,0.20533632722506642
Scabiosa_columbaria,-2.43,0.432,Ordbeta,T0-T3,INTER,1,Reactivity,1.8699344460843945
Scabiosa_columbaria,-2.43,0.432,Ordbeta,T0-T3,INTER,1,T_generation,1.9091809950068628
Scabiosa_columbaria,-2.43,0.432,Ordbeta,T0-T3,INTER,1,age_repro,1.8510989090143637
Scabiosa_columbaria,-2.43,0.432,Ordbeta,T0-T3,INTER,1,percapita_repro,1.7867469274045107
Sphaeralcea_coccinea,-2.318,0.283,Ordbeta,T0-T3,INTER,1,FirstStepAtt,-0.021668930362796438
Sphaeralcea_coccinea,-2.318,0.283,Ordbeta,T0-T3,INTER,1,Lambda,0.9140916052986946
Sphaeralcea_coccinea,-2.318,0.283,Ordbeta,T0-T3,INTER,1,Lmax,1.1291966833851346
Sphaeralcea_coccinea,-2.318,0.283,Ordbeta,T0-T3,INTER,1,Lmean,0.18479959171993668
Sphaeralcea_coccinea,-2.318,0.283,Ordbeta,T0-T3,INTER,1,R0,-0.1631566065473073
Sphaeralcea_coccinea,-2.318,0.283,Ordbeta,T0-T3,INTER,1,Reactivity,0.06479482429602482
Sphaeralcea_coccinea,-2.318,0.283,Ordbeta,T0-T3,INTER,1,T_generation,0.24224692726379177
Sphaeralcea_coccinea,-2.318,0.283,Ordbeta,T0-T3,INTER,1,age_repro,0
Sphaeralcea_coccinea,-2.318,0.283,Ordbeta,T0-T3,INTER,1,percapita_repro,-0.347956198267244
Stenaria_nigricans,-2.433,0.324,Ordbeta,T0-T3,INTER,1,FirstStepAtt,-0.001506241946231945
Stenaria_nigricans,-2.433,0.324,Ordbeta,T0-T3,INTER,1,Lambda,0.9901413361648121
Stenaria_nigricans,-2.433,0.324,Ordbeta,T0-T3,INTER,1,Lmax,0.8841014310483891
Stenaria_nigricans,-2.433,0.324,Ordbeta,T0-T3,INTER,1,Lmean,0.1061701762787086
Stenaria_nigricans,-2.433,0.324,Ordbeta,T0-T3,INTER,1,R0,0.21085254589803137
Stenaria_nigricans,-2.433,0.324,Ordbeta,T0-T3,INTER,1,Reactivity,0.009202684809058356
Stenaria_nigricans,-2.433,0.324,Ordbeta,T0-T3,INTER,1,T_generation,0.10216634557653173
Stenaria_nigricans,-2.433,0.324,Ordbeta,T0-T3,INTER,1,age_repro,0
Stenaria_nigricans,-2.433,0.324,Ordbeta,T0-T3,INTER,1,percapita_repro,0.10468236961932272
Taraxacum_campylodes,-2.483,0.309,Ordbeta,T0-T3,INTER,1,FirstStepAtt,-2.3531148413315983
Taraxacum_campylodes,-2.483,0.309,Ordbeta,T0-T3,INTER,1,Lambda,0.08041791145870329
Taraxacum_campylodes,-2.483,0.309,Ordbeta,T0-T3,INTER,1,Lmax,0.5493061443340549
Taraxacum_campylodes,-2.483,0.309,Ordbeta,T0-T3,INTER,1,Lmean,0.06773896227809098
Taraxacum_campylodes,-2.483,0.309,Ordbeta,T0-T3,INTER,1,R0,-Inf
Taraxacum_campylodes,-2.483,0.309,Ordbeta,T0-T3,INTER,1,Reactivity,2.4046693226371185
Taraxacum_campylodes,-2.483,0.309,Ordbeta,T0-T3,INTER,1,T_generation,NA
Taraxacum_campylodes,-2.483,0.309,Ordbeta,T0-T3,INTER,1,age_repro,0
Taraxacum_campylodes,-2.483,0.309,Ordbeta,T0-T3,INTER,1,percapita_repro,-11.213549524439351
Thymus_vulgaris,-2.258,0.325,Ordbeta,T0-T3,INTER,1,FirstStepAtt,-0.005866973847378982
Thymus_vulgaris,-2.258,0.325,Ordbeta,T0-T3,INTER,1,Lambda,0.9926751959162854
Thymus_vulgaris,-2.258,0.325,Ordbeta,T0-T3,INTER,1,Lmax,5.964961904446033
Thymus_vulgaris,-2.258,0.325,Ordbeta,T0-T3,INTER,1,Lmean,4.459892288650257
Thymus_vulgaris,-2.258,0.325,Ordbeta,T0-T3,INTER,1,R0,-1.07189733945768
Thymus_vulgaris,-2.258,0.325,Ordbeta,T0-T3,INTER,1,Reactivity,0.010349758754626258
Thymus_vulgaris,-2.258,0.325,Ordbeta,T0-T3,INTER,1,T_generation,NA
Thymus_vulgaris,-2.258,0.325,Ordbeta,T0-T3,INTER,1,age_repro,NA
Thymus_vulgaris,-2.258,0.325,Ordbeta,T0-T3,INTER,1,percapita_repro,-5.143380039347928
Verbascum_thapsus,-2.05,0.34,Ordbeta,T0-T3,INTER,1,FirstStepAtt,-4.012613096092431
Verbascum_thapsus,-2.05,0.34,Ordbeta,T0-T3,INTER,1,Lambda,NA
Verbascum_thapsus,-2.05,0.34,Ordbeta,T0-T3,INTER,1,Lmax,0.6931471805599453
Verbascum_thapsus,-2.05,0.34,Ordbeta,T0-T3,INTER,1,Lmean,0.05129369438747054
Verbascum_thapsus,-2.05,0.34,Ordbeta,T0-T3,INTER,1,R0,3.381715911075376
Verbascum_thapsus,-2.05,0.34,Ordbeta,T0-T3,INTER,1,Reactivity,NA
Verbascum_thapsus,-2.05,0.34,Ordbeta,T0-T3,INTER,1,T_generation,0.7764348966557838
Verbascum_thapsus,-2.05,0.34,Ordbeta,T0-T3,INTER,1,age_repro,2.5523449856956373
Verbascum_thapsus,-2.05,0.34,Ordbeta,T0-T3,INTER,1,percapita_repro,NA
Veronica_arvensis,-2.633,0.191,Ordbeta,T0-T3,INTER,1,FirstStepAtt,-1.3609972168245543
Veronica_arvensis,-2.633,0.191,Ordbeta,T0-T3,INTER,1,Lambda,1.0575348190993947
Veronica_arvensis,-2.633,0.191,Ordbeta,T0-T3,INTER,1,Lmax,0.12924850454918937
Veronica_arvensis,-2.633,0.191,Ordbeta,T0-T3,INTER,1,Lmean,0.05244694819316372
Veronica_arvensis,-2.633,0.191,Ordbeta,T0-T3,INTER,1,R0,-0.014999404757933873
Veronica_arvensis,-2.633,0.191,Ordbeta,T0-T3,INTER,1,Reactivity,1.7913324339405632
Veronica_arvensis,-2.633,0.191,Ordbeta,T0-T3,INTER,1,T_generation,0.4178504962611216
Veronica_arvensis,-2.633,0.191,Ordbeta,T0-T3,INTER,1,age_repro,0.8907769885320955
Veronica_arvensis,-2.633,0.191,Ordbeta,T0-T3,INTER,1,percapita_repro,1.8152156216155975
